3100,'5527',925,,9061,16,4,,0,105,,9065,16,4,,0,110,,9059,16,4,,0,110,,9058,16,4,,0,150,,9060,16,4,,0,115,,9062,16,4,,0,115,,9064,16,4,,0,110,,9063,16,4,,0
3100,'5565',1030,,9072,16,4,,0,110,,9066,16,4,,0,110,,9067,16,4,,0,150,,9068,16,4,,0,115,,9069,16,4,,0,115,,9071,16,4,,0,110,,9070,16,4,,0
3100,'5566',745,,9073,16,4,,0,74,,9074,16,4,,0,32,,9075,16,4,,0,103,,9076,16,4,,0,147,,9077,16,4,,0,110,,9078,16,4,,0,110,,9079,16,4,,0,115,,9080,16,4,,0,99,,9081,16,4,,0,77,,9082,16,4,,0,37,,9083,16,4,,0,75,,9084,16,4,,0,32,,9085,16,4,,0,75,,9086,16,4,,0
3201,'5475',2341,,9121,31,4,,0,100,,9122,31,4,,0,100,,9123,31,4,,0,100,,9124,31,4,,0,100,,9125,31,4,,0
3201,'5527',819,,9137,31,4,,0,30,,9128,31,4,,0,74,,9148,31,4,,0,33,,9126,31,4,,0,70,,9129,31,4,,0,77,,9134,31,4,,0,35,,9127,31,4,,0,76,,9146,31,4,,0,35,,9131,31,4,,0,76,,9130,31,4,,0,75,,9135,31,4,,0,35,,9132,31,4,,0,79,,9147,31,4,,0,35,,9136,31,4,,0,80,,9133,31,4,,0,74,,9142,31,4,,0,34,,9138,31,4,,0,75,,9149,31,4,,0,34,,9139,31,4,,0,75,,9141,31,4,,0,83,,9140,31,4,,0,30,,9144,31,4,,0,69,,9143,31,4,,0,130,,9145,31,4,,0
3201,'5565',818,,9164,31,4,,0,105,,9163,31,4,,0,104,,9158,31,4,,0,74,,9165,31,4,,0,36,,9152,31,4,,0,75,,9151,31,4,,0,35,,9159,31,4,,0,75,,9150,31,4,,0,35,,9160,31,4,,0,75,,9155,31,4,,0,81,,9161,31,4,,0,35,,9156,31,4,,0,79,,9157,31,4,,0,75,,9154,31,4,,0,34,,9162,31,4,,0,75,,9153,31,4,,0,110,,9166,31,4,,0,114,,9167,31,4,,0
3201,'5566',612,,9168,31,4,,0,31,,9169,31,4,,0,71,,9170,31,4,,0,31,,9171,31,4,,0,71,,9172,31,4,,0,34,,9173,31,4,,0,73,,9174,31,4,,0,31,,9175,31,4,,0,72,,9176,31,4,,0,32,,9177,31,4,,0,76,,9178,31,4,,0,75,,9179,31,4,,0,35,,9180,31,4,,0,75,,9181,31,4,,0,35,,9182,31,4,,0,82,,9183,31,4,,0,77,,9184,31,4,,0,41,,9185,31,4,,0,77,,9186,31,4,,0,74,,9187,31,4,,0,37,,9188,31,4,,0,71,,9189,31,4,,0,31,,9190,31,4,,0,77,,9191,31,4,,0,86,,9192,31,4,,0,28,,9193,31,4,,0,94,,9194,31,4,,0,104,,9195,31,4,,0
3301,'5475',2215,,9196,1,0,25 50,0,22,,9196,28,4,,0,78,,9197,1,0,25 50,0,22,,9197,28,4,,0,78,,9198,1,0,25 50,0,22,,9198,28,4,,0,78,,9199,1,0,25 50,0,22,,9199,28,4,,0,78,,9200,1,0,25 50,0,22,,9200,28,4,,0,78,,9201,1,0,25 50,0,22,,9201,28,4,,0
3301,'5527',755,,9206,1,0,25 50,0,62,,9206,28,4,,0,8,,9220,1,0,25 50,0,23,,9220,28,4,,0,10,,9202,1,0,25 50,0,63,,9202,28,4,,0,9,,9204,1,0,25 50,0,24,,9204,28,4,,0,51,,9209,1,0,25 50,0,26,,9209,28,4,,0,9,,9203,1,0,25 50,0,66,,9203,28,4,,0,9,,9222,1,0,25 50,0,26,,9222,28,4,,0,9,,9205,1,0,25 50,0,66,,9205,28,4,,0,9,,9208,1,0,25 50,0,26,,9208,28,4,,0,49,,9216,1,0,25 50,0,26,,9216,28,4,,0,9,,9207,1,0,25 50,0,66,,9207,28,4,,0,9,,9219,1,0,25 50,0,26,,9219,28,4,,0,14,,9211,1,0,25 50,0,66,,9211,28,4,,0,9,,9210,1,0,25 50,0,26,,9210,28,4,,0,49,,9217,1,0,25 50,0,26,,9217,28,4,,0,9,,9214,1,0,25 50,0,66,,9214,28,4,,0,9,,9221,1,0,25 50,0,25,,9221,28,4,,0,10,,9213,1,0,25 50,0,65,,9213,28,4,,0,10,,9215,1,0,25 50,0,25,,9215,28,4,,0,95,,9212,1,0,25 50,0,65,,9212,28,4,,0,35,,9218,1,0,25 50,0,64,,9218,28,4,,0
3301,'5565',825,,9231,1,0,25 50,0,24,,9231,28,4,,0,81,,9236,1,0,25 50,0,24,,9236,28,4,,0,86,,9224,1,0,25 50,0,65,,9224,28,4,,0,10,,9223,1,0,25 50,0,25,,9223,28,4,,0,10,,9229,1,0,25 50,0,65,,9229,28,4,,0,10,,9225,1,0,25 50,0,25,,9225,28,4,,0,50,,9228,1,0,25 50,0,26,,9228,28,4,,0,9,,9232,1,0,25 50,0,66,,9232,28,4,,0,9,,9230,1,0,25 50,0,26,,9230,28,4,,0,14,,9234,1,0,25 50,0,66,,9234,28,4,,0,9,,9227,1,0,25 50,0,26,,9227,28,4,,0,49,,9233,1,0,25 50,0,26,,9233,28,4,,0,9,,9226,1,0,25 50,0,66,,9226,28,4,,0,9,,9235,1,0,25 50,0,25,,9235,28,4,,0,85,,9237,1,0,25 50,0,25,,9237,28,4,,0,95,,9239,1,0,25 50,0,64,,9239,28,4,,0,36,,9238,1,0,25 50,0,63,,9238,28,4,,0
3301,'5566',550,,9240,1,0,25 50,0,63,,9240,28,4,,0,7,,9241,1,0,25 50,0,23,,9241,28,4,,0,7,,9242,1,0,25 50,0,65,,9242,28,4,,0,3,,9243,1,0,25 50,0,26,,9243,28,4,,0,5,,9244,1,0,25 50,0,68,,9244,28,4,,0,6,,9245,1,0,25 50,0,29,,9245,28,4,,0,4,,9246,1,0,25 50,0,67,,9246,28,4,,0,4,,9247,1,0,25 50,0,27,,9247,28,4,,0,4,,9248,1,0,25 50,0,66,,9248,28,4,,0,11,,9249,1,0,25 50,0,66,,9249,28,4,,0,9,,9250,1,0,25 50,0,26,,9250,28,4,,0,8,,9251,1,0,25 50,0,67,,9251,28,4,,0,8,,9252,1,0,25 50,0,27,,9252,28,4,,0,8,,9253,1,0,25 50,0,67,,9253,28,4,,0,9,,9254,1,0,25 50,0,27,,9254,28,4,,0,48,,9255,1,0,25 50,0,29,,9255,28,4,,0,11,,9256,1,0,25 50,0,69,,9256,28,4,,0,9,,9257,1,0,25 50,0,33,,9257,28,4,,0,44,,9258,1,0,25 50,0,29,,9258,28,4,,0,6,,9259,1,0,25 50,0,69,,9259,28,4,,0,8,,9260,1,0,25 50,0,29,,9260,28,4,,0,4,,9261,1,0,25 50,0,67,,9261,28,4,,0,5,,9262,1,0,25 50,0,26,,9262,28,4,,0,12,,9263,1,0,25 50,0,66,,9263,28,4,,0,21,,9264,1,0,25 50,0,65,,9264,28,4,,0,4,,9265,1,0,25 50,0,23,,9265,28,4,,0,4,,9266,1,0,25 50,0,62,,9266,28,4,,0,5,,9267,1,0,25 50,0,22,,9267,28,4,,0
3401,'5475',2245,,9268,1,0,20 21,0,63,,9268,35,4,,0,37,,9269,1,0,20 21,0,63,,9269,35,4,,0,37,,9270,1,0,20 21,0,63,,9270,35,4,,0,37,,9271,1,0,20 21,0,63,,9271,35,4,,0,37,,9272,1,0,20 21,0,63,,9272,35,4,,0
3401,'5527',755,,9290,1,0,20 21,0,63,,9290,35,4,,0,7,,9273,1,0,20 21,0,23,,9273,35,4,,0,10,,9276,1,0,20 21,0,63,,9276,35,4,,0,9,,9280,1,0,20 21,0,24,,9280,35,4,,0,46,,9274,1,0,20 21,0,24,,9274,35,4,,0,11,,9289,1,0,20 21,0,24,,9289,35,4,,0,51,,9277,1,0,20 21,0,25,,9277,35,4,,0,10,,9278,1,0,20 21,0,65,,9278,35,4,,0,10,,9281,1,0,20 21,0,25,,9281,35,4,,0,10,,9279,1,0,20 21,0,65,,9279,35,4,,0,10,,9292,1,0,20 21,0,25,,9292,35,4,,0,50,,9275,1,0,20 21,0,25,,9275,35,4,,0,15,,9286,1,0,20 21,0,65,,9286,35,4,,0,10,,9287,1,0,20 21,0,25,,9287,35,4,,0,55,,9282,1,0,20 21,0,25,,9282,35,4,,0,10,,9291,1,0,20 21,0,24,,9291,35,4,,0,51,,9285,1,0,20 21,0,24,,9285,35,4,,0,11,,9284,1,0,20 21,0,64,,9284,35,4,,0,46,,9283,1,0,20 21,0,63,,9283,35,4,,0,92,,9288,1,0,20 21,0,23,,9288,35,4,,0
3401,'5565',755,,9305,1,0,20 21,0,61,,9305,35,4,,0,119,,9304,1,0,20 21,0,23,,9304,35,4,,0,152,,9296,1,0,20 21,0,23,,9296,35,4,,0,12,,9293,1,0,20 21,0,64,,9293,35,4,,0,11,,9295,1,0,20 21,0,25,,9295,35,4,,0,10,,9294,1,0,20 21,0,65,,9294,35,4,,0,10,,9302,1,0,20 21,0,25,,9302,35,4,,0,50,,9301,1,0,20 21,0,25,,9301,35,4,,0,15,,9297,1,0,20 21,0,65,,9297,35,4,,0,10,,9300,1,0,20 21,0,25,,9300,35,4,,0,55,,9303,1,0,20 21,0,25,,9303,35,4,,0,10,,9299,1,0,20 21,0,65,,9299,35,4,,0,10,,9298,1,0,20 21,0,25,,9298,35,4,,0,170,,9306,1,0,20 21,0,23,,9306,35,4,,0
3401,'5566',550,,9307,1,0,20 21,0,63,,9307,35,4,,0,7,,9308,1,0,20 21,0,23,,9308,35,4,,0,7,,9309,1,0,20 21,0,65,,9309,35,4,,0,3,,9310,1,0,20 21,0,25,,9310,35,4,,0,6,,9311,1,0,20 21,0,70,,9311,35,4,,0,4,,9312,1,0,20 21,0,30,,9312,35,4,,0,4,,9313,1,0,20 21,0,66,,9313,35,4,,0,4,,9314,1,0,20 21,0,26,,9314,35,4,,0,5,,9315,1,0,20 21,0,66,,9315,35,4,,0,6,,9316,1,0,20 21,0,26,,9316,35,4,,0,49,,9317,1,0,20 21,0,26,,9317,35,4,,0,9,,9318,1,0,20 21,0,66,,9318,35,4,,0,9,,9319,1,0,20 21,0,26,,9319,35,4,,0,9,,9320,1,0,20 21,0,67,,9320,35,4,,0,8,,9321,1,0,20 21,0,28,,9321,35,4,,0,52,,9322,1,0,20 21,0,29,,9322,35,4,,0,11,,9323,1,0,20 21,0,73,,9323,35,4,,0,2,,9324,1,0,20 21,0,31,,9324,35,4,,0,49,,9325,1,0,20 21,0,29,,9325,35,4,,0,6,,9326,1,0,20 21,0,69,,9326,35,4,,0,9,,9327,1,0,20 21,0,28,,9327,35,4,,0,4,,9328,1,0,20 21,0,67,,9328,35,4,,0,5,,9329,1,0,20 21,0,26,,9329,35,4,,0,12,,9330,1,0,20 21,0,65,,9330,35,4,,0,22,,9331,1,0,20 21,0,65,,9331,35,4,,0,31,,9332,1,0,20 21,0,64,,9332,35,4,,0,33,,9333,1,0,20 21,0,23,,9333,35,4,,0
3501,'5527',825,,9335,1,0,28,0,17,,9335,8,4,,0,378,,9338,1,0,28,0,18,,9338,8,4,,0,262,,9334,1,0,28,0,18,,9334,8,4,,0,207,,9336,1,0,28,0,17,,9336,8,4,,0,103,,9337,1,0,28,0,57,,9337,8,4,,0
3501,'5565',825,,9340,1,0,28,0,17,,9340,8,4,,0,378,,9339,1,0,28,0,18,,9339,8,4,,0,262,,9343,1,0,28,0,18,,9343,8,4,,0,207,,9341,1,0,28,0,18,,9341,8,4,,0,102,,9342,1,0,28,0,57,,9342,8,4,,0
3501,'5566',657,,9351,1,0,28,0,57,,9351,8,4,,0,11,,9347,1,0,28,0,18,,9347,8,4,,0,7,,9348,1,0,28,0,58,,9348,8,4,,0,12,,9349,1,0,28,0,22,,9349,8,4,,0,378,,9350,1,0,28,0,17,,9350,8,4,,0,283,,9346,1,0,28,0,21,,9346,8,4,,0,279,,9345,1,0,28,0,16,,9345,8,4,,0,104,,9344,1,0,28,0,16,,9344,8,4,,0
3900,'5527',845,,9353,1,0,7 8,0,87,,9353,33,4,,0,73,,9354,1,0,7 8,0,49,,9354,33,4,,0,56,,9352,1,0,7 8,0,90,,9352,33,4,,0,45,,9355,1,0,7 8,0,91,,9355,33,4,,0,19,,9357,1,0,7 8,0,91,,9357,33,4,,0,79,,9356,1,0,7 8,0,90,,9356,33,4,,0,15,,9359,1,0,7 8,0,89,,9359,33,4,,0,26,,9358,1,0,7 8,0,86,,9358,33,4,,0
3900,'5565',845,,9363,1,0,7 8,0,84,,9363,33,4,,0,76,,9366,1,0,7 8,0,45,,9366,33,4,,0,60,,9361,1,0,7 8,0,47,,9361,33,4,,0,88,,9360,1,0,7 8,0,89,,9360,33,4,,0,21,,9364,1,0,7 8,0,89,,9364,33,4,,0,81,,9362,1,0,7 8,0,88,,9362,33,4,,0,17,,9367,1,0,7 8,0,87,,9367,33,4,,0,28,,9365,1,0,7 8,0,86,,9365,33,4,,0
3900,'5566',625,,9376,1,,,0,20,,9376,8,4,,0,205,,9372,1,0,7 8,0,99,,9372,34,4,,0,8,,9373,1,0,7 8,0,89,,9373,33,4,,0,59,,9374,1,0,7 8,0,100,,9374,34,4,,0,45,,9375,1,0,7 8,0,90,,9375,33,4,,0,70,,9370,1,0,7 8,0,100,,9370,34,4,,0,90,,9371,1,0,7 8,0,100,,9371,34,4,,0,10,,9368,1,0,7 8,0,100,,9368,34,4,,0,30,,9369,1,0,7 8,0,84,,9369,33,4,,0
1003100,'5475',2415,,10237,19,4,,0,100,,10238,19,4,,0,100,,10239,19,4,,0,100,,10240,19,4,,0
1003100,'5527',753,,10254,19,4,,0,101,,10243,19,4,,0,101,,10242,19,4,,0,150,,10241,19,4,,0,110,,10249,19,4,,0,110,,10253,19,4,,0,115,,10246,19,4,,0,115,,10250,19,4,,0,150,,10247,19,4,,0,110,,10248,19,4,,0,35,,10244,19,4,,0,155,,10245,19,4,,0,101,,10252,19,4,,0,98,,10251,19,4,,0
1003100,'5565',752,,10266,19,4,,0,102,,10258,19,4,,0,103,,10256,19,4,,0,148,,10260,19,4,,0,110,,10257,19,4,,0,110,,10255,19,4,,0,115,,10261,19,4,,0,115,,10262,19,4,,0,150,,10259,19,4,,0,140,,10263,19,4,,0,160,,10264,19,4,,0,103,,10265,19,4,,0
1003100,'5566',702,,10267,19,4,,0,28,,10268,19,4,,0,72,,10269,19,4,,0,33,,10270,19,4,,0,88,,10271,19,4,,0,103,,10272,19,4,,0,110,,10273,19,4,,0,110,,10274,19,4,,0,155,,10275,19,4,,0,114,,10276,19,4,,0,40,,10277,19,4,,0,75,,10278,19,4,,0,78,,10279,19,4,,0,32,,10280,19,4,,0,72,,10281,19,4,,0,39,,10282,19,4,,0,86,,10283,19,4,,0,121,,10284,19,4,,0,142,,10285,19,4,,0,108,,10286,19,4,,0
24003100,'5566',548,,10334,15,4,,0,70,,10335,15,4,,0,30,,10336,15,4,,0,67,,10337,15,4,,0
