5201,'5527',746,,9690,15,,,0,100,,9691,15,,,0,101,,9692,15,,,0,98,,9693,15,,,0,100,,9694,15,,,0,100,,9695,15,,,0,99,,9696,15,,,0,100,,9697,15,,,0,100,,9698,15,,,0,101,,9699,15,,,0,100,,9700,15,,,0,100,,9701,15,,,0,100,,9702,15,,,0,110,,9703,15,,,0,169,,9704,15,,,0,135,,9705,15,,,0
5201,'5565',846,,9707,15,,,0,101,,9706,15,,,0,99,,9708,15,,,0,99,,9709,15,,,0,100,,9710,15,,,0,99,,9711,15,,,0,100,,9712,15,,,0,101,,9713,15,,,0,100,,9714,15,,,0,101,,9715,15,,,0,110,,9716,15,,,0,100,,9717,15,,,0,89,,9718,15,,,0
5201,'5566',703,,9719,15,,,0,97,,9720,15,,,0,113,,9721,15,,,0,106,,9722,15,,,0,110,,9723,15,,,0,101,,9724,15,,,0,105,,9725,15,,,0,100,,9726,15,,,0,109,,9727,15,,,0,101,,9728,15,,,0,104,,9729,15,,,0,96,,9730,15,,,0,109,,9731,15,,,0,102,,9732,15,,,0,169,,9733,15,,,0,132,,9734,15,,,0
5401,'5527',746,,9785,44,,,0,101,,9786,73,,,0,102,,9784,73,,,0,101,,9787,73,,,0,103,,9788,73,,,0,100,,9789,73,,,0,100,,9790,73,,,0,101,,9791,73,,,0,99,,9792,73,,,0,100,,9793,73,,,0,98,,9794,73,,,0,100,,9795,73,,,0,97,,9796,73,,,0,99,,9797,73,,,0,109,,9798,73,,,0,172,,9799,73,,,0
5401,'5565',846,,9801,44,,,0,100,,9802,73,,,0,102,,9803,73,,,0,103,,9804,73,,,0,100,,9805,73,,,0,100,,9806,73,,,0,99,,9807,73,,,0,99,,9808,73,,,0,100,,9809,73,,,0,100,,9810,73,,,0,99,,9811,73,,,0,107,,9812,73,,,0,98,,9813,73,,,0
5401,'5566',600,,9814,44,,,0,100,,9815,73,,,0,119,,9816,73,,,0,90,,9817,73,,,0,111,,9818,73,,,0,107,,9819,73,,,0,110,,9820,73,,,0,102,,9821,73,,,0,111,,9822,73,,,0,106,,9823,73,,,0,102,,9824,73,,,0,99,,9825,73,,,0,99,,9826,73,,,0,96,,9827,73,,,0,103,,9828,73,,,0,102,,9829,73,,,0,169,,9830,73,,,0
5801,'5527',816,,9929,28,,,0,119,,9930,28,,,0,103,,9931,28,,,0,100,,9932,28,,,0,102,,9933,28,,,0,99,,9934,28,,,0,100,,9935,28,,,0,97,,9936,28,,,0,100,,9937,28,,,0,100,,9938,28,,,0,101,,9939,28,,,0,170,,9940,28,,,0,129,,9941,28,,,0,100,,9942,28,,,0
5801,'5565',816,,9943,28,,,0,120,,9944,28,,,0,101,,9945,28,,,0,100,,9946,28,,,0,101,,9947,28,,,0,101,,9948,28,,,0,98,,9949,28,,,0,99,,9950,28,,,0,99,,9951,28,,,0,100,,9952,28,,,0,100,,9953,28,,,0,97,,9954,28,,,0,100,,9955,28,,,0
5801,'5566',556,,9956,17,,,0,95,,9957,28,,,0,177,,9958,28,,,0,120,,9959,28,,,0,101,,9960,28,,,0,101,,9961,28,,,0,101,,9962,28,,,0,100,,9963,28,,,0,106,,9964,28,,,0,100,,9965,28,,,0,97,,9966,28,,,0,97,,9967,28,,,0,96,,9968,28,,,0,161,,9969,28,,,0,129,,9970,28,,,0
5900,'5566',1624,,9971,12,,,0,95,,9972,12,,,0
5901,'5566',652,,9973,19,,,0,100,,9974,19,,,0
