100,'5475',2319,,8001,22,,,0,30,,8002,22,,,0,70,,8003,22,,,0,30,,8004,22,,,0,70,,8005,22,,,0,30,,8006,22,,,0,70,,8007,22,,,0,30,,8008,22,,,0,70,,8009,22,,,0
100,'5527',638,,8041,22,,,0,81,,8040,22,,,0,30,,8039,22,,,0,70,,8038,22,,,0,29,,8037,22,,,0,69,,8036,22,,,0,30,,8035,22,,,0,70,,8034,22,,,0,28,,8033,22,,,0,70,,8032,22,,,0,30,,8031,22,,,0,70,,8030,22,,,0,30,,8029,22,,,0,70,,8028,22,,,0,30,,8027,22,,,0,70,,8026,22,,,0,30,,8025,22,,,0,70,,8024,22,,,0,30,,8023,22,,,0,70,,8022,22,,,0,30,,8021,22,,,0,70,,8020,22,,,0,30,,8019,22,,,0,70,,8018,22,,,0,31,,8017,22,,,0,70,,8016,22,,,0,32,,8015,22,,,0,70,,8014,22,,,0,40,,8013,22,,,0,80,,8012,22,,,0,81,,8011,22,,,0,40,,8010,22,,,0
100,'5565',630,,8064,22,,,0,85,,8063,22,,,0,85,,8062,22,,,0,45,,8061,22,,,0,85,,8060,22,,,0,84,,8059,22,,,0,44,,8058,22,,,0,81,,8042,22,,,0,80,,8043,22,,,0,40,,8044,22,,,0,80,,8045,22,,,0,80,,8046,22,,,0,40,,8047,22,,,0,80,,8048,22,,,0,80,,8049,22,,,0,81,,8050,22,,,0,41,,8051,22,,,0,80,,8052,22,,,0,82,,8053,22,,,0,41,,8054,22,,,0,80,,8055,22,,,0,80,,8056,22,,,0,38,,8057,22,,,0,80,,8065,22,,,0
100,'5566',534,,8067,22,,,0,75,,8068,22,,,0,30,,8069,22,,,0,63,,8070,22,,,0,16,,8071,22,,,0,15,,8072,22,,,0,16,,8073,22,,,0,57,,8074,22,,,0,15,,8075,22,,,0,16,,8076,22,,,0,16,,8115,22,,,0,56,,8077,22,,,0,25,,8078,22,,,0,25,,8079,22,,,0,65,,8080,22,,,0,25,,8081,22,,,0,66,,8082,22,,,0,25,,8083,22,,,0,65,,8084,22,,,0,25,,8085,22,,,0,25,,8086,22,,,0,65,,8087,22,,,0,23,,8088,22,,,0,65,,8089,22,,,0,25,,8090,22,,,0,25,,8091,22,,,0,57,,8066,22,,,0,16,,8092,22,,,0,15,,8093,22,,,0,55,,8094,22,,,0,15,,8095,22,,,0,15,,8096,22,,,0,15,,8097,22,,,0,55,,8098,22,,,0,15,,8099,22,,,0,15,,8100,22,,,0,16,,8101,22,,,0,60,,8102,22,,,0,20,,8103,22,,,0,21,,8104,22,,,0,60,,8105,22,,,0,20,,8106,22,,,0,20,,8107,22,,,0,61,,8108,22,,,0,20,,8109,22,,,0,20,,8110,22,,,0,70,,8111,22,,,0,30,,8112,22,,,0,70,,8113,22,,,0,30,,8114,22,,,0
200,'5475',2304,,8228,27,,,0,30,,8229,27,,,0,70,,8230,27,,,0,30,,8231,27,,,0,70,,8232,27,,,0,30,,8233,27,,,0,70,,8234,27,,,0,30,,8235,27,,,0,70,,8236,27,,,0,30,,8237,27,0,17 10,0
200,'5527',616,,8238,27,,,0,84,,8239,27,,,0,34,,8240,27,,,0,70,,8241,27,,,0,30,,8242,27,,,0,69,,8243,27,,,0,29,,8244,27,,,0,70,,8245,27,,,0,30,,8246,27,,,0,68,,8247,27,,,0,30,,8248,27,,,0,70,,8249,27,,,0,30,,8250,27,,,0,70,,8251,27,,,0,30,,8252,27,,,0,70,,8253,27,,,0,30,,8254,27,,,0,70,,8255,27,,,0,30,,8256,27,,,0,70,,8257,27,,,0,30,,8258,27,,,0,70,,8259,27,,,0,30,,8260,27,,,0,70,,8261,27,,,0,31,,8262,27,,,0,70,,8263,27,,,0,31,,8264,27,,,0,71,,8265,27,,,0,35,,8266,27,,,0,83,,8267,27,,,0,82,,8268,27,,,0,36,,8269,27,,,0
200,'5565',652,,8291,27,,,0,85,,8290,27,,,0,85,,8289,27,,,0,85,,8288,27,,,0,44,,8287,27,,,0,85,,8286,27,,,0,83,,8285,27,,,0,40,,8270,27,,,0,80,,8271,27,,,0,80,,8272,27,,,0,40,,8273,27,,,0,80,,8274,27,,,0,80,,8275,27,,,0,40,,8276,27,,,0,81,,8277,27,,,0,81,,8278,27,,,0,80,,8279,27,,,0,40,,8280,27,,,0,83,,8281,27,,,0,82,,8282,27,,,0,38,,8283,27,,,0,82,,8284,27,,,0
200,'5566',553,,8292,27,,,0,71,,8293,27,,,0,28,,8294,27,,,0,58,,8295,27,,,0,16,,8296,27,,,0,16,,8297,27,,,0,17,,8298,27,,,0,55,,8299,27,,,0,15,,8300,27,,,0,15,,8301,27,,,0,57,,8340,27,,,0,21,,8302,27,,,0,25,,8303,27,,,0,65,,8304,27,,,0,25,,8305,27,,,0,65,,8306,27,,,0,26,,8307,27,,,0,25,,8308,27,,,0,65,,8309,27,,,0,25,,8310,27,,,0,66,,8311,27,,,0,23,,8312,27,,,0,23,,8313,27,,,0,65,,8314,27,,,0,25,,8315,27,,,0,63,,8316,27,,,0,15,,8317,27,,,0,16,,8318,27,,,0,15,,8319,27,,,0,55,,8320,27,,,0,15,,8321,27,,,0,15,,8322,27,,,0,15,,8323,27,,,0,55,,8324,27,,,0,15,,8325,27,,,0,15,,8326,27,,,0,18,,8327,27,,,0,60,,8328,27,,,0,20,,8329,27,,,0,22,,8330,27,,,0,60,,8331,27,,,0,20,,8332,27,,,0,20,,8333,27,,,0,60,,8334,27,,,0,20,,8335,27,,,0,65,,8336,27,,,0,30,,8337,27,,,0,70,,8338,27,,,0,30,,8339,27,,,0
601,'5475',2448,,8801,46,,,0,100,,8802,46,,,0,100,,8803,46,,,0
601,'5527',615,,8806,46,,,0,97,,8807,46,,,0,101,,8805,46,,,0,104,,8808,46,,,0,102,,8809,46,,,0,95,,8810,46,,,0,100,,8811,46,,,0,101,,8812,46,,,0,101,,8813,46,,,0,99,,8814,46,,,0,99,,8815,46,,,0,100,,8816,46,,,0,103,,8817,46,,,0,103,,8818,46,,,0,95,,8819,46,,,0,108,,8820,46,,,0,113,,8821,46,,,0,109,,8804,46,,,0
601,'5565',610,,8822,46,,,0,111,,8823,46,,,0,105,,8824,46,,,0,112,,8825,46,,,0,82,,8827,46,,,0,102,,8828,46,,,0,90,,8829,46,,,0,100,,8826,46,,,0,100,,8830,46,,,0,100,,8831,46,,,0,100,,8832,46,,,0,100,,8833,46,,,0,103,,8834,46,,,0,118,,8835,46,,,0,109,,8836,46,,,0
601,'5566',614,,8837,46,,,0,39,,8838,46,,,0,79,,8839,46,,,0,79,,8840,46,,,0,45,,8841,46,,,0,78,,8842,46,,,0,75,,8843,46,,,0,117,,8844,46,,,0,120,,8845,46,,,0,166,,8846,46,,,0,91,,8847,46,,,0,39,,8848,46,,,0,86,,8849,46,,,0,84,,8850,46,,,0,39,,8851,46,,,0,82,,8852,46,,,0,81,,8853,46,,,0,101,,8854,46,,,0,108,,8855,46,,,0,112,,8856,46,,,0,108,,8857,46,,,0
1701,'5566',653,,8973,39,,,0,75,,8974,39,,,0,95,,8975,39,,,0,730,,8976,39,,,0,84,,8977,39,,,0,86,,8978,39,,,0,81,,8979,39,,,0,40,,8980,39,,,0
2100,'5475',2140,,8981,31,,,0,170,,8982,31,,,0,135,,8983,31,,,0
2100,'5527',833,,8991,31,,,0,125,,8993,31,,,0,182,,8992,31,,,0,170,,8987,31,,,0,125,,8988,31,,,0,106,,8989,31,,,0,100,,8990,31,,,0,100,,8985,31,,,0,168,,8986,31,,,0,132,,8984,31,,,0
2100,'5565',904,,9001,31,,,0,105,,9002,31,,,0,133,,8994,31,,,0,172,,8996,31,,,0,135,,8995,31,,,0,176,,8997,31,,,0,129,,8998,31,,,0,165,,8999,31,,,0,125,,9000,31,,,0
2100,'5566',702,,9003,31,,,0,47,,9004,31,,,0,85,,9005,31,,,0,86,,9006,31,,,0,90,,9007,31,,,0,46,,9008,31,,,0,93,,9009,31,,,0,168,,9010,31,,,0,128,,9011,31,,,0,285,,9012,31,,,0,82,,9013,31,,,0,101,,9014,31,,,0,118,,9015,31,,,0
2201,'5566',815,,9052,31,,,0,691,,9053,31,,,0
1002100,'5566',1556,,10234,36,,,0,77,,10235,36,,,0
