100,'5475',2318,,8001,20,,,0,30,,8002,20,,,0,70,,8003,20,,,0,30,,8004,20,,,0,70,,8005,20,,,0,30,,8006,20,,,0,70,,8007,20,,,0,30,,8008,20,,,0,70,,8009,20,,,0
100,'5527',637,,8041,20,,,0,81,,8040,20,,,0,29,,8039,20,,,0,70,,8038,20,,,0,29,,8037,20,,,0,70,,8036,20,,,0,30,,8035,20,,,0,69,,8034,20,,,0,28,,8033,20,,,0,70,,8032,20,,,0,30,,8031,20,,,0,70,,8030,20,,,0,30,,8029,20,,,0,70,,8028,20,,,0,30,,8027,20,,,0,70,,8026,20,,,0,30,,8025,20,,,0,70,,8024,20,,,0,30,,8023,20,,,0,70,,8022,20,,,0,30,,8021,20,,,0,70,,8020,20,,,0,30,,8019,20,,,0,70,,8018,20,,,0,32,,8017,20,,,0,70,,8016,20,,,0,31,,8015,20,,,0,70,,8014,20,,,0,40,,8013,20,,,0,81,,8012,20,,,0,81,,8011,20,,,0,40,,8010,20,,,0
100,'5565',629,,8064,20,,,0,85,,8063,20,,,0,44,,8062,20,,,0,85,,8061,20,,,0,85,,8060,20,,,0,85,,8059,20,,,0,44,,8058,20,,,0,81,,8042,20,,,0,79,,8043,20,,,0,40,,8044,20,,,0,80,,8045,20,,,0,80,,8046,20,,,0,40,,8047,20,,,0,80,,8048,20,,,0,80,,8049,20,,,0,41,,8050,20,,,0,81,,8051,20,,,0,81,,8052,20,,,0,82,,8053,20,,,0,40,,8054,20,,,0,80,,8055,20,,,0,80,,8056,20,,,0,38,,8057,20,,,0,81,,8065,20,,,0
100,'5566',533,,8067,20,,,0,75,,8068,20,,,0,30,,8069,20,,,0,62,,8070,20,,,0,16,,8071,20,,,0,16,,8072,20,,,0,16,,8073,20,,,0,57,,8074,20,,,0,15,,8075,20,,,0,15,,8076,20,,,0,16,,8115,20,,,0,57,,8077,20,,,0,25,,8078,20,,,0,25,,8079,20,,,0,65,,8080,20,,,0,24,,8081,20,,,0,66,,8082,20,,,0,25,,8083,20,,,0,65,,8084,20,,,0,25,,8085,20,,,0,25,,8086,20,,,0,65,,8087,20,,,0,23,,8088,20,,,0,65,,8089,20,,,0,25,,8090,20,,,0,25,,8091,20,,,0,57,,8066,20,,,0,16,,8092,20,,,0,15,,8093,20,,,0,15,,8094,20,,,0,55,,8095,20,,,0,15,,8096,20,,,0,15,,8097,20,,,0,15,,8098,20,,,0,55,,8099,20,,,0,15,,8100,20,,,0,16,,8101,20,,,0,61,,8102,20,,,0,20,,8103,20,,,0,21,,8104,20,,,0,60,,8105,20,,,0,20,,8106,20,,,0,20,,8107,20,,,0,60,,8108,20,,,0,20,,8109,20,,,0,20,,8110,20,,,0,70,,8111,20,,,0,30,,8112,20,,,0,71,,8113,20,,,0,30,,8114,20,,,0
200,'5475',2303,,8228,25,,,0,30,,8229,25,,,0,70,,8230,25,,,0,30,,8231,25,,,0,70,,8232,25,,,0,30,,8233,25,,,0,70,,8234,25,,,0,30,,8235,25,,,0,70,,8236,25,,,0,30,,8237,25,0,17 10,0
200,'5527',615,,8238,25,,,0,44,,8239,25,,,0,74,,8240,25,,,0,69,,8241,25,,,0,30,,8242,25,,,0,69,,8243,25,,,0,30,,8244,25,,,0,70,,8245,25,,,0,29,,8246,25,,,0,28,,8247,25,,,0,70,,8248,25,,,0,30,,8249,25,,,0,70,,8250,25,,,0,30,,8251,25,,,0,70,,8252,25,,,0,30,,8253,25,,,0,70,,8254,25,,,0,30,,8255,25,,,0,70,,8256,25,,,0,30,,8257,25,,,0,70,,8258,25,,,0,30,,8259,25,,,0,70,,8260,25,,,0,30,,8261,25,,,0,72,,8262,25,,,0,70,,8263,25,,,0,31,,8264,25,,,0,70,,8265,25,,,0,35,,8266,25,,,0,83,,8267,25,,,0,82,,8268,25,,,0,36,,8269,25,,,0
200,'5565',651,,8291,25,,,0,85,,8290,25,,,0,85,,8289,25,,,0,85,,8288,25,,,0,44,,8287,25,,,0,85,,8286,25,,,0,82,,8285,25,,,0,40,,8270,25,,,0,80,,8271,25,,,0,80,,8272,25,,,0,40,,8273,25,,,0,80,,8274,25,,,0,80,,8275,25,,,0,40,,8276,25,,,0,81,,8277,25,,,0,81,,8278,25,,,0,81,,8279,25,,,0,40,,8280,25,,,0,82,,8281,25,,,0,82,,8282,25,,,0,38,,8283,25,,,0,83,,8284,25,,,0
200,'5566',552,,8292,25,,,0,71,,8293,25,,,0,28,,8294,25,,,0,58,,8295,25,,,0,16,,8296,25,,,0,15,,8297,25,,,0,17,,8298,25,,,0,56,,8299,25,,,0,15,,8300,25,,,0,15,,8301,25,,,0,57,,8340,25,,,0,21,,8302,25,,,0,24,,8303,25,,,0,65,,8304,25,,,0,25,,8305,25,,,0,65,,8306,25,,,0,26,,8307,25,,,0,25,,8308,25,,,0,65,,8309,25,,,0,25,,8310,25,,,0,66,,8311,25,,,0,23,,8312,25,,,0,23,,8313,25,,,0,65,,8314,25,,,0,25,,8315,25,,,0,63,,8316,25,,,0,15,,8317,25,,,0,16,,8318,25,,,0,15,,8319,25,,,0,55,,8320,25,,,0,15,,8321,25,,,0,15,,8322,25,,,0,15,,8323,25,,,0,55,,8324,25,,,0,16,,8325,25,,,0,15,,8326,25,,,0,18,,8327,25,,,0,60,,8328,25,,,0,20,,8329,25,,,0,21,,8330,25,,,0,60,,8331,25,,,0,20,,8332,25,,,0,20,,8333,25,,,0,60,,8334,25,,,0,20,,8335,25,,,0,65,,8336,25,,,0,31,,8337,25,,,0,70,,8338,25,,,0,30,,8339,25,,,0
1701,'5566',651,,8973,37,,,0,76,,8974,37,,,0,95,,8975,37,,,0,729,,8976,37,,,0,84,,8977,37,,,0,86,,8978,37,,,0,81,,8979,37,,,0,41,,8980,37,,,0
2100,'5475',2138,,8981,29,,,0,170,,8982,29,,,0,135,,8983,29,,,0
2100,'5527',831,,8991,29,,,0,126,,8993,29,,,0,181,,8992,29,,,0,170,,8987,29,,,0,125,,8988,29,,,0,106,,8989,29,,,0,100,,8990,29,,,0,100,,8985,29,,,0,168,,8986,29,,,0,132,,8984,29,,,0
2100,'5565',902,,9001,29,,,0,106,,9002,29,,,0,133,,8994,29,,,0,172,,8996,29,,,0,134,,8995,29,,,0,176,,8997,29,,,0,130,,8998,29,,,0,165,,8999,29,,,0,125,,9000,29,,,0
2100,'5566',700,,9003,29,,,0,48,,9004,29,,,0,85,,9005,29,,,0,86,,9006,29,,,0,89,,9007,29,,,0,46,,9008,29,,,0,93,,9009,29,,,0,168,,9010,29,,,0,128,,9011,29,,,0,285,,9012,29,,,0,82,,9013,29,,,0,101,,9014,29,,,0,119,,9015,29,,,0
2201,'5566',813,,9052,29,,,0,691,,9053,29,,,0
1002100,'5566',1553,,10234,34,,,0,77,,10235,34,,,0
