101,'5475',2321,,8116,18,,,0,30,,8117,18,,,0,70,,8118,18,,,0,30,,8119,18,,,0,70,,8120,18,,,0,30,,8121,18,,,0,70,,8122,18,,,0,30,,8123,18,,,0,70,,8124,18,0,9 10,0
101,'5527',621,,8156,18,,,0,85,,8155,18,,,0,45,,8154,18,,,0,70,,8153,18,,,0,30,,8152,18,,,0,71,,8151,18,,,0,30,,8150,18,,,0,70,,8149,18,,,0,30,,8148,18,,,0,72,,8147,18,,,0,30,,8146,18,,,0,71,,8145,18,,,0,30,,8144,18,,,0,70,,8143,18,,,0,31,,8142,18,,,0,70,,8141,18,,,0,30,,8140,18,,,0,70,,8139,18,,,0,30,,8138,18,,,0,70,,8137,18,,,0,30,,8136,18,,,0,69,,8135,18,,,0,30,,8134,18,,,0,70,,8133,18,,,0,30,,8132,18,,,0,69,,8131,18,,,0,28,,8130,18,,,0,69,,8129,18,,,0,30,,8128,18,,,0,80,,8127,18,,,0,80,,8126,18,,,0,40,,8125,18,,,0
101,'5565',616,,8157,18,,,0,90,,8158,18,,,0,44,,8159,18,,,0,86,,8160,18,,,0,85,,8161,18,,,0,85,,8162,18,,,0,45,,8163,18,,,0,85,,8164,18,,,0,83,,8165,18,,,0,40,,8166,18,,,0,80,,8167,18,,,0,80,,8168,18,,,0,40,,8169,18,,,0,80,,8170,18,,,0,80,,8171,18,,,0,40,,8172,18,,,0,80,,8173,18,,,0,80,,8174,18,,,0,40,,8175,18,,,0,80,,8176,18,,,0,80,,8177,18,,,0,40,,8178,18,,,0
101,'5566',541,,8179,18,,,0,66,,8180,18,,,0,35,,8181,18,,,0,65,,8182,18,,,0,16,,8183,18,,,0,17,,8184,18,,,0,15,,8185,18,,,0,55,,8186,18,,,0,19,,8187,18,,,0,22,,8188,18,,,0,68,,8189,18,,,0,28,,8190,18,,,0,70,,8191,18,,,0,25,,8192,18,,,0,65,,8193,18,,,0,25,,8194,18,,,0,26,,8195,18,,,0,65,,8196,18,,,0,25,,8197,18,,,0,65,,8198,18,,,0,25,,8199,18,,,0,65,,8200,18,,,0,25,,8201,18,,,0,20,,8202,18,,,0,55,,8203,18,,,0,15,,8204,18,,,0,15,,8205,18,,,0,15,,8206,18,,,0,55,,8207,18,,,0,15,,8208,18,,,0,15,,8209,18,,,0,15,,8210,18,,,0,55,,8211,18,,,0,15,,8212,18,,,0,15,,8213,18,,,0,15,,8214,18,,,0,57,,8215,18,,,0,20,,8216,18,,,0,20,,8217,18,,,0,60,,8218,18,,,0,20,,8219,18,,,0,20,,8220,18,,,0,60,,8221,18,,,0,20,,8222,18,,,0,30,,8223,18,,,0,69,,8224,18,,,0,28,,8225,18,,,0,70,,8226,18,,,0,29,,8227,18,,,0
201,'5475',2306,,8341,19,,,0,30,,8342,19,,,0,70,,8343,19,,,0,30,,8344,19,,,0,70,,8345,19,,,0,30,,8346,19,,,0,70,,8347,19,,,0,30,,8348,19,,,0,70,,8349,19,,,0
201,'5527',643,,8350,19,,,0,85,,8351,19,,,0,78,,8352,19,,,0,30,,8353,19,,,0,70,,8354,19,,,0,31,,8355,19,,,0,70,,8356,19,,,0,30,,8357,19,,,0,70,,8358,19,,,0,32,,8359,19,,,0,70,,8360,19,,,0,31,,8361,19,,,0,70,,8362,19,,,0,30,,8363,19,,,0,71,,8364,19,,,0,30,,8365,19,,,0,70,,8366,19,,,0,30,,8367,19,,,0,70,,8368,19,,,0,30,,8369,19,,,0,69,,8370,19,,,0,30,,8371,19,,,0,70,,8372,19,,,0,30,,8373,19,,,0,69,,8374,19,,,0,28,,8375,19,,,0,69,,8376,19,,,0,30,,8377,19,,,0,75,,8378,19,,,0,40,,8379,19,,,0,80,,8380,19,,,0
201,'5565',643,,8381,19,,,0,85,,8382,19,,,0,85,,8383,19,,,0,45,,8384,19,,,0,85,,8385,19,,,0,85,,8386,19,,,0,85,,8387,19,,,0,45,,8388,19,,,0,81,,8389,19,,,0,80,,8390,19,,,0,40,,8391,19,,,0,80,,8392,19,,,0,80,,8393,19,,,0,40,,8394,19,,,0,80,,8395,19,,,0,80,,8396,19,,,0,40,,8397,19,,,0,80,,8398,19,,,0,80,,8399,19,,,0,40,,8400,19,,,0,78,,8401,19,,,0,92,,8402,19,,,0
201,'5566',511,,8404,19,,,0,46,,8405,19,,,0,65,,8406,19,,,0,35,,8407,19,,,0,58,,8408,19,,,0,17,,8409,19,,,0,15,,8410,19,,,0,55,,8411,19,,,0,17,,8412,19,,,0,20,,8413,19,,,0,65,,8414,19,,,0,30,,8415,19,,,0,68,,8416,19,,,0,27,,8417,19,,,0,25,,8418,19,,,0,65,,8419,19,,,0,25,,8420,19,,,0,65,,8421,19,,,0,26,,8422,19,,,0,65,,8423,19,,,0,25,,8424,19,,,0,25,,8425,19,,,0,65,,8426,19,,,0,24,,8427,19,,,0,11,,8403,19,0,9 10,0,5,,8428,19,,,0,55,,8429,19,,,0,15,,8430,19,,,0,15,,8431,19,,,0,15,,8432,19,,,0,55,,8433,19,,,0,15,,8434,19,,,0,15,,8435,19,,,0,15,,8436,19,,,0,55,,8437,19,,,0,15,,8438,19,,,0,15,,8439,19,,,0,15,,8440,19,,,0,60,,8441,19,,,0,20,,8442,19,,,0,20,,8443,19,,,0,60,,8444,19,,,0,20,,8445,19,,,0,20,,8446,19,,,0,60,,8447,19,,,0,25,,8448,19,,,0,70,,8449,19,,,0,28,,8450,19,,,0,69,,8451,19,,,0,29,,8452,19,,,0
500,'5475',2404,,8657,17,,,0,100,,8658,17,,,0,100,,8659,17,,,0,100,,8660,17,,,0
500,'5527',621,,8685,17,,,0,95,,8684,17,,,0,91,,8683,17,,,0,103,,8686,17,,,0,92,,8661,17,,,0,33,,8662,17,,,0,82,,8663,17,,,0,38,,8664,17,,,0,70,,8666,17,,,0,75,,8667,17,,,0,35,,8668,17,,,0,76,,8665,17,,,0,41,,8669,17,,,0,76,,8670,17,,,0,74,,8671,17,,,0,39,,8672,17,,,0,74,,8673,17,,,0,30,,8674,17,,,0,73,,8675,17,,,0,34,,8676,17,,,0,73,,8677,17,,,0,82,,8678,17,,,0,34,,8679,17,,,0,75,,8680,17,,,0,88,,8681,17,,,0,99,,8682,17,,,0
500,'5565',644,,8687,17,,,0,102,,8688,17,,,0,96,,8689,17,,,0,90,,8701,17,,,0,101,,8690,17,,,0,95,,8691,17,,,0,100,,8693,17,,,0,96,,8694,17,,,0,100,,8695,17,,,0,101,,8692,17,,,0,101,,8696,17,,,0,97,,8697,17,,,0,103,,8698,17,,,0,95,,8699,17,,,0,91,,8700,17,,,0
500,'5566',619,,8702,17,,,0,84,,8703,17,,,0,40,,8704,17,,,0,76,,8705,17,,,0,33,,8706,17,,,0,74,,8707,17,,,0,74,,8708,17,,,0,37,,8709,17,,,0,75,,8710,17,,,0,37,,8711,17,,,0,78,,8712,17,,,0,76,,8713,17,,,0,35,,8714,17,,,0,77,,8715,17,,,0,37,,8716,17,,,0,81,,8717,17,,,0,74,,8718,17,,,0,35,,8719,17,,,0,81,,8720,17,,,0,28,,8721,17,,,0,72,,8722,17,,,0,32,,8723,17,,,0,74,,8724,17,,,0,72,,8725,17,,,0,35,,8726,17,,,0,70,,8727,17,,,0,98,,8728,17,,,0,98,,8729,17,,,0
900,'5527',715,,8890,59,,,0,101,,8891,59,,,0,100,,8892,59,,,0,103,,8893,59,,,0,107,,8894,59,,,0,95,,8895,59,,,0,108,,8896,59,,,0,298,,8899,59,,,0,103,,8900,68,,,0,194,,8902,59,,,0,94,,8903,59,,,0,99,,8904,59,,,0
1200,'5566',731,,8937,21,,,0,85,,8938,21,,,0,40,,8939,21,,,0,76,,8940,21,,,0,114,,8941,21,,,0,160,,8942,21,,,0,125,,8943,21,,,0,171,,8944,21,,,0,131,,8945,21,,,0,80,,8946,21,,,0,44,,8947,21,,,0
2401,'5566',817,,9055,44,0,15 16 11,0
2600,'5566',1530,,9056,61,0,9 10 11,0
2601,'5566',814,,9057,72,0,9 10 11,0
1000700,'5527',1011,,10210,63,,,0,601,,10213,55,,,0,593,,10216,63,,,0
