200,'5475',2313,,8228,42,,,0,30,,8229,42,,,0,70,,8230,42,,,0,30,,8231,42,,,0,70,,8232,42,,,0,30,,8233,42,,,0,70,,8234,42,,,0,30,,8235,42,,,0,70,,8236,42,,,0
200,'5527',625,,8238,42,,,0,84,,8239,42,,,0,34,,8240,42,,,0,70,,8241,42,,,0,30,,8242,42,,,0,69,,8243,42,,,0,30,,8244,42,,,0,70,,8245,42,,,0,30,,8246,42,,,0,69,,8247,42,,,0,30,,8248,42,,,0,71,,8249,42,,,0,30,,8250,42,,,0,70,,8251,42,,,0,30,,8252,42,,,0,70,,8253,42,,,0,30,,8254,42,,,0,70,,8255,42,,,0,30,,8256,42,,,0,70,,8257,42,,,0,30,,8258,42,,,0,70,,8259,42,,,0,30,,8260,42,,,0,70,,8261,42,,,0,31,,8262,42,,,0,68,,8263,42,,,0,31,,8264,42,,,0,70,,8265,42,,,0,35,,8266,42,,,0,83,,8267,42,,,0,82,,8268,42,,,0,36,,8269,42,,,0
200,'5565',700,,8291,42,,,0,46,,8290,42,,,0,85,,8289,42,,,0,85,,8288,42,,,0,85,,8287,42,,,0,45,,8286,42,,,0,83,,8285,42,,,0,81,,8270,42,,,0,40,,8271,42,,,0,80,,8272,42,,,0,80,,8273,42,,,0,40,,8274,42,,,0,80,,8275,42,,,0,80,,8276,42,,,0,41,,8277,42,,,0,81,,8278,42,,,0,80,,8279,42,,,0,40,,8280,42,,,0,82,,8281,42,,,0,81,,8282,42,,,0,38,,8283,42,,,0,82,,8284,42,,,0
200,'5566',602,,8292,42,,,0,31,,8293,42,,,0,69,,8294,42,,,0,18,,8295,42,,,0,16,,8296,42,,,0,18,,8297,42,,,0,57,,8298,42,,,0,15,,8299,42,,,0,15,,8300,42,,,0,15,,8301,42,,,0,56,,8340,42,,,0,22,,8302,42,,,0,25,,8303,42,,,0,65,,8304,42,,,0,25,,8305,42,,,0,65,,8306,42,,,0,26,,8307,42,,,0,65,,8308,42,,,0,25,,8309,42,,,0,25,,8310,42,,,0,67,,8311,42,,,0,23,,8312,42,,,0,63,,8313,42,,,0,27,,8314,42,,,0,65,,8315,42,,,0,22,,8316,42,,,0,15,,8317,42,,,0,16,,8318,42,,,0,55,,8319,42,,,0,15,,8320,42,,,0,15,,8321,42,,,0,15,,8322,42,,,0,55,,8323,42,,,0,14,,8324,42,,,0,15,,8325,42,,,0,14,,8326,42,,,0,58,,8327,42,,,0,20,,8328,42,,,0,20,,8329,42,,,0,61,,8330,42,,,0,20,,8331,42,,,0,19,,8332,42,,,0,60,,8333,42,,,0,20,,8334,42,,,0,20,,8335,42,,,0,65,,8336,42,,,0,29,,8337,42,,,0,70,,8338,42,,,0,30,,8339,42,,,0
900,'5475',2302,,8885,5,0,34 2 13 14,0,100,,8886,5,0,34 2 13 14,0,100,,8887,5,0,34 2 13 14,0,100,,8888,5,0,34 2 13 14,0,100,,8889,5,0,34 2 13 14,0
900,'5527',647,,8890,5,0,34 2 13 14,0,100,,8891,5,0,34 2 13 14,0,100,,8892,5,0,34 2 13 14,0,100,,8893,5,0,34 2 13 14,0,105,,8894,5,0,34 2 13 14,0,95,,8895,5,0,34 2 13 14,0,105,,8896,5,0,34 2 13 14,0,100,,8897,5,0,34 2 13 14,0,100,,8898,5,0,34 2 13 14,0,100,,8899,5,0,34 2 13 14,0,104,,8900,14,0,34 2 13 14,0,96,,8901,5,0,34 2 13 14,0,100,,8902,5,0,34 2 13 14,0,95,,8903,5,0,34 2 13 14,0,100,,8904,5,0,34 2 13 14,0,105,,8905,5,0,34 2 13 14,0
900,'5565',647,,8907,5,0,34 2 13 14,0,100,,8908,5,0,34 2 13 14,0,100,,8909,5,0,34 2 13 14,0,100,,8906,5,0,34 2 13 14,0,105,,8910,5,0,34 2 13 14,0,95,,8911,5,0,34 2 13 14,0,105,,8912,5,0,34 2 13 14,0,100,,8913,5,0,34 2 13 14,0,100,,8914,5,0,34 2 13 14,0,100,,8915,5,0,34 2 13 14,0,100,,8916,5,0,34 2 13 14,0,100,,8917,5,0,34 2 13 14,0,100,,8918,5,0,34 2 13 14,0,95,,8919,5,0,34 2 13 14,0
900,'5566',546,,8920,5,0,34 2 13 14,0,108,,8921,5,0,34 2 13 14,0,93,,8922,5,0,34 2 13 14,0,107,,8923,5,0,34 2 13 14,0,100,,8924,5,0,34 2 13 14,0,100,,8925,5,0,34 2 13 14,0,100,,8926,5,0,34 2 13 14,0,100,,8927,5,0,34 2 13 14,0,100,,8928,5,0,34 2 13 14,0,97,,8929,5,0,34 2 13 14,0,102,,8930,5,0,34 2 13 14,0,101,,8931,5,0,34 2 13 14,0,101,,8932,5,0,34 2 13 14,0,99,,8933,5,0,34 2 13 14,0,100,,8934,5,0,34 2 13 14,0,100,,8935,5,0,34 2 13 14,0,100,,8936,5,0,34 2 13 14,0
2600,'5566',1437,,9056,13,0,13 14 11,0
2601,'5566',723,,9057,13,0,13 14 11,0
