301,'5475',2339,,8530,3,,,0,100,,8526,20,,,0,100,,8527,20,,,0,100,,8528,20,,,0
301,'5527',558,,8556,20,,,0,93,,8555,20,,,0,91,,8554,20,,,0,100,,8557,20,,,0,92,,8531,20,,,0,70,,8532,20,,,0,41,,8533,20,,,0,76,,8534,20,,,0,30,,8535,20,,,0,75,,8536,20,,,0,75,,8537,20,,,0,36,,8538,20,,,0,80,,8539,20,,,0,35,,8540,20,,,0,75,,8541,20,,,0,79,,8542,20,,,0,35,,8543,20,,,0,70,,8544,20,,,0,35,,8545,20,,,0,75,,8546,20,,,0,34,,8547,20,,,0,84,,8548,20,,,0,75,,8549,20,,,0,35,,8550,20,,,0,88,,8551,20,,,0,100,,8552,20,,,0
301,'5565',620,,8561,20,,,0,101,,8562,20,,,0,95,,8564,20,,,0,90,,8573,20,,,0,98,,8559,20,,,0,55,,8565,20,,,0,97,,8566,20,,,0,95,,8563,20,,,0,100,,8567,20,,,0,100,,8568,20,,,0,101,,8569,20,,,0,99,,8570,20,,,0,105,,8571,20,,,0,95,,8572,20,,,0,93,,8558,20,,,0
301,'5566',554,,8574,20,,,0,83,,8575,20,,,0,76,,8576,20,,,0,32,,8577,20,,,0,75,,8578,20,,,0,35,,8579,20,,,0,75,,8580,20,,,0,75,,8581,20,,,0,35,,8582,20,,,0,75,,8583,20,,,0,37,,8584,20,,,0,75,,8585,20,,,0,75,,8586,20,,,0,36,,8587,20,,,0,75,,8588,20,,,0,40,,8589,20,,,0,75,,8590,20,,,0,75,,8591,20,,,0,40,,8592,20,,,0,74,,8593,20,,,0,34,,8594,20,,,0,74,,8595,20,,,0,34,,8596,20,,,0,74,,8597,20,,,0,75,,8598,20,,,0,30,,8599,20,,,0,100,,8600,20,,,0,98,,8601,20,,,0
3101,'5527',814,,9090,11,,,0,104,,9089,11,,,0,103,,9087,11,,,0,112,,9094,11,,,0,110,,9095,11,,,0,110,,9088,11,,,0,155,,9093,11,,,0,114,,9091,11,,,0,110,,9092,11,,,0,109,,9096,11,,,0
3101,'5565',814,,9103,11,,,0,209,,9100,11,,,0,219,,9097,11,,,0,110,,9101,11,,,0,155,,9099,11,,,0,115,,9102,11,,,0,110,,9098,11,,,0
3101,'5566',641,,9104,11,,,0,84,,9105,11,,,0,30,,9106,11,,,0,72,,9107,11,,,0,75,,9108,11,,,0,47,,9109,11,,,0,104,,9110,11,,,0,150,,9111,11,,,0,110,,9112,11,,,0,115,,9113,11,,,0,116,,9114,11,,,0,80,,9115,11,,,0,34,,9116,11,,,0,77,,9117,11,,,0,73,,9118,11,,,0,30,,9119,11,,,0,18,,9120,11,,,0
1003101,'5475',2311,,10287,14,,,0,100,,10288,14,,,0,100,,10289,14,,,0,100,,10290,14,,,0,100,,10291,14,,,0
1003101,'5527',848,,10297,14,,,0,105,,10303,14,,,0,106,,10292,14,,,0,151,,10293,14,,,0,110,,10294,14,,,0,111,,10296,14,,,0,114,,10301,14,,,0,155,,10299,14,,,0,109,,10298,14,,,0,109,,10295,14,,,0,114,,10300,14,,,0,100,,10302,14,,,0
1003101,'5565',921,,10311,14,,,0,213,,10310,14,,,0,75,,10304,14,,,0,110,,10306,14,,,0,110,,10307,14,,,0,115,,10308,14,,,0,114,,10309,14,,,0,150,,10305,14,,,0,110,,10312,14,,,0,114,,10313,14,,,0,100,,10314,14,,,0
1003101,'5566',712,,10315,14,,,0,28,,10316,14,,,0,74,,10317,14,,,0,34,,10318,14,,,0,72,,10319,14,,,0,102,,10320,14,,,0,108,,10321,14,,,0,110,,10322,14,,,0,110,,10323,14,,,0,157,,10324,14,,,0,100,,10325,14,,,0,37,,10326,14,,,0,76,,10327,14,,,0,35,,10328,14,,,0,70,,10329,14,,,0,90,,10330,14,,,0,90,,10331,14,,,0,122,,10332,14,,,0,109,,10333,14,,,0
