200,'5475',2316,,8228,44,,,0,30,,8229,44,,,0,70,,8230,44,,,0,30,,8231,44,,,0,70,,8232,44,,,0,30,,8233,44,,,0,70,,8234,44,,,0,30,,8235,44,,,0,70,,8236,44,,,0
200,'5527',627,,8238,44,,,0,84,,8239,44,,,0,34,,8240,44,,,0,70,,8241,44,,,0,30,,8242,44,,,0,70,,8243,44,,,0,30,,8244,44,,,0,70,,8245,44,,,0,30,,8246,44,,,0,69,,8247,44,,,0,30,,8248,44,,,0,71,,8249,44,,,0,30,,8250,44,,,0,70,,8251,44,,,0,30,,8252,44,,,0,70,,8253,44,,,0,30,,8254,44,,,0,70,,8255,44,,,0,30,,8256,44,,,0,70,,8257,44,,,0,30,,8258,44,,,0,70,,8259,44,,,0,30,,8260,44,,,0,70,,8261,44,,,0,31,,8262,44,,,0,68,,8263,44,,,0,31,,8264,44,,,0,70,,8265,44,,,0,35,,8266,44,,,0,83,,8267,44,,,0,81,,8268,44,,,0,36,,8269,44,,,0
200,'5565',703,,8291,44,,,0,45,,8290,44,,,0,85,,8289,44,,,0,85,,8288,44,,,0,85,,8287,44,,,0,45,,8286,44,,,0,84,,8285,44,,,0,81,,8270,44,,,0,40,,8271,44,,,0,80,,8272,44,,,0,80,,8273,44,,,0,40,,8274,44,,,0,80,,8275,44,,,0,80,,8276,44,,,0,41,,8277,44,,,0,81,,8278,44,,,0,80,,8279,44,,,0,40,,8280,44,,,0,82,,8281,44,,,0,81,,8282,44,,,0,37,,8283,44,,,0,82,,8284,44,,,0
200,'5566',605,,8292,44,,,0,31,,8293,44,,,0,69,,8294,44,,,0,18,,8295,44,,,0,16,,8296,44,,,0,18,,8297,44,,,0,57,,8298,44,,,0,15,,8299,44,,,0,15,,8300,44,,,0,15,,8301,44,,,0,56,,8340,44,,,0,22,,8302,44,,,0,65,,8303,44,,,0,25,,8304,44,,,0,25,,8305,44,,,0,65,,8306,44,,,0,26,,8307,44,,,0,66,,8308,44,,,0,25,,8309,44,,,0,25,,8310,44,,,0,67,,8311,44,,,0,23,,8312,44,,,0,63,,8313,44,,,0,27,,8314,44,,,0,65,,8315,44,,,0,22,,8316,44,,,0,15,,8317,44,,,0,16,,8318,44,,,0,55,,8319,44,,,0,15,,8320,44,,,0,15,,8321,44,,,0,15,,8322,44,,,0,55,,8323,44,,,0,14,,8324,44,,,0,15,,8325,44,,,0,14,,8326,44,,,0,58,,8327,44,,,0,20,,8328,44,,,0,20,,8329,44,,,0,60,,8330,44,,,0,20,,8331,44,,,0,19,,8332,44,,,0,60,,8333,44,,,0,20,,8334,44,,,0,20,,8335,44,,,0,65,,8336,44,,,0,29,,8337,44,,,0,70,,8338,44,,,0,30,,8339,44,,,0
900,'5475',2304,,8885,7,0,34 2 13 14,0,100,,8886,7,0,34 2 13 14,0,100,,8887,7,0,34 2 13 14,0,100,,8888,7,0,34 2 13 14,0,100,,8889,7,0,34 2 13 14,0
900,'5527',649,,8890,7,0,34 2 13 14,0,100,,8891,7,0,34 2 13 14,0,100,,8892,7,0,34 2 13 14,0,100,,8893,7,0,34 2 13 14,0,106,,8894,7,0,34 2 13 14,0,95,,8895,7,0,34 2 13 14,0,105,,8896,7,0,34 2 13 14,0,100,,8897,7,0,34 2 13 14,0,100,,8898,7,0,34 2 13 14,0,100,,8899,7,0,34 2 13 14,0,104,,8900,16,0,34 2 13 14,0,96,,8901,7,0,34 2 13 14,0,100,,8902,7,0,34 2 13 14,0,95,,8903,7,0,34 2 13 14,0,99,,8904,7,0,34 2 13 14,0,105,,8905,7,0,34 2 13 14,0
900,'5565',649,,8907,7,0,34 2 13 14,0,100,,8908,7,0,34 2 13 14,0,100,,8909,7,0,34 2 13 14,0,100,,8906,7,0,34 2 13 14,0,106,,8910,7,0,34 2 13 14,0,95,,8911,7,0,34 2 13 14,0,105,,8912,7,0,34 2 13 14,0,100,,8913,7,0,34 2 13 14,0,100,,8914,7,0,34 2 13 14,0,100,,8915,7,0,34 2 13 14,0,100,,8916,7,0,34 2 13 14,0,100,,8917,7,0,34 2 13 14,0,100,,8918,7,0,34 2 13 14,0,95,,8919,7,0,34 2 13 14,0
900,'5566',548,,8920,7,0,34 2 13 14,0,108,,8921,7,0,34 2 13 14,0,94,,8922,7,0,34 2 13 14,0,107,,8923,7,0,34 2 13 14,0,99,,8924,7,0,34 2 13 14,0,101,,8925,7,0,34 2 13 14,0,100,,8926,7,0,34 2 13 14,0,100,,8927,7,0,34 2 13 14,0,100,,8928,7,0,34 2 13 14,0,97,,8929,7,0,34 2 13 14,0,102,,8930,7,0,34 2 13 14,0,101,,8931,7,0,34 2 13 14,0,101,,8932,7,0,34 2 13 14,0,99,,8933,7,0,34 2 13 14,0,99,,8934,7,0,34 2 13 14,0,100,,8935,7,0,34 2 13 14,0,100,,8936,7,0,34 2 13 14,0
2600,'5566',1441,,9056,15,0,13 14 11,0
2601,'5566',725,,9057,15,0,13 14 11,0
