101,'5475',2323,,8116,20,,,0,30,,8117,20,,,0,70,,8118,20,,,0,30,,8119,20,,,0,70,,8120,20,,,0,30,,8121,20,,,0,70,,8122,20,,,0,30,,8123,20,,,0
101,'5527',623,,8156,20,,,0,85,,8155,20,,,0,45,,8154,20,,,0,70,,8153,20,,,0,31,,8152,20,,,0,71,,8151,20,,,0,30,,8150,20,,,0,70,,8149,20,,,0,30,,8148,20,,,0,72,,8147,20,,,0,30,,8146,20,,,0,71,,8145,20,,,0,30,,8144,20,,,0,70,,8143,20,,,0,31,,8142,20,,,0,70,,8141,20,,,0,30,,8140,20,,,0,70,,8139,20,,,0,30,,8138,20,,,0,70,,8137,20,,,0,30,,8136,20,,,0,69,,8135,20,,,0,30,,8134,20,,,0,70,,8133,20,,,0,30,,8132,20,,,0,69,,8131,20,,,0,28,,8130,20,,,0,69,,8129,20,,,0,30,,8128,20,,,0,80,,8127,20,,,0,79,,8126,20,,,0,40,,8125,20,,,0
101,'5565',618,,8157,20,,,0,90,,8158,20,,,0,44,,8159,20,,,0,86,,8160,20,,,0,86,,8161,20,,,0,85,,8162,20,,,0,45,,8163,20,,,0,85,,8164,20,,,0,83,,8165,20,,,0,80,,8166,20,,,0,40,,8167,20,,,0,80,,8168,20,,,0,80,,8169,20,,,0,40,,8170,20,,,0,80,,8171,20,,,0,80,,8172,20,,,0,40,,8173,20,,,0,80,,8174,20,,,0,80,,8175,20,,,0,40,,8176,20,,,0,80,,8177,20,,,0,79,,8178,20,,,0
101,'5566',543,,8179,20,,,0,66,,8180,20,,,0,36,,8181,20,,,0,65,,8182,20,,,0,16,,8183,20,,,0,17,,8184,20,,,0,15,,8185,20,,,0,55,,8186,20,,,0,19,,8187,20,,,0,22,,8188,20,,,0,68,,8189,20,,,0,28,,8190,20,,,0,70,,8191,20,,,0,25,,8192,20,,,0,65,,8193,20,,,0,25,,8194,20,,,0,66,,8195,20,,,0,25,,8196,20,,,0,25,,8197,20,,,0,65,,8198,20,,,0,25,,8199,20,,,0,65,,8200,20,,,0,26,,8201,20,,,0,20,,8202,20,,,0,55,,8203,20,,,0,14,,8204,20,,,0,15,,8205,20,,,0,15,,8206,20,,,0,55,,8207,20,,,0,15,,8208,20,,,0,15,,8209,20,,,0,15,,8210,20,,,0,55,,8211,20,,,0,15,,8212,20,,,0,15,,8213,20,,,0,15,,8214,20,,,0,57,,8215,20,,,0,20,,8216,20,,,0,20,,8217,20,,,0,60,,8218,20,,,0,20,,8219,20,,,0,20,,8220,20,,,0,60,,8221,20,,,0,20,,8222,20,,,0,30,,8223,20,,,0,69,,8224,20,,,0,27,,8225,20,,,0,70,,8226,20,,,0,29,,8227,20,,,0
201,'5475',2308,,8341,21,,,0,30,,8342,21,,,0,70,,8343,21,,,0,30,,8344,21,,,0,70,,8345,21,,,0,30,,8346,21,,,0,70,,8347,21,,,0,30,,8348,21,,,0,70,,8349,21,,,0
201,'5527',645,,8350,21,,,0,85,,8351,21,,,0,79,,8352,21,,,0,30,,8353,21,,,0,70,,8354,21,,,0,31,,8355,21,,,0,70,,8356,21,,,0,30,,8357,21,,,0,70,,8358,21,,,0,32,,8359,21,,,0,70,,8360,21,,,0,31,,8361,21,,,0,70,,8362,21,,,0,30,,8363,21,,,0,71,,8364,21,,,0,30,,8365,21,,,0,70,,8366,21,,,0,30,,8367,21,,,0,70,,8368,21,,,0,30,,8369,21,,,0,69,,8370,21,,,0,30,,8371,21,,,0,70,,8372,21,,,0,30,,8373,21,,,0,69,,8374,21,,,0,28,,8375,21,,,0,69,,8376,21,,,0,30,,8377,21,,,0,75,,8378,21,,,0,40,,8379,21,,,0,80,,8380,21,,,0
201,'5565',645,,8381,21,,,0,85,,8382,21,,,0,85,,8383,21,,,0,86,,8384,21,,,0,45,,8385,21,,,0,85,,8386,21,,,0,85,,8387,21,,,0,85,,8388,21,,,0,41,,8389,21,,,0,80,,8390,21,,,0,80,,8391,21,,,0,40,,8392,21,,,0,80,,8393,21,,,0,80,,8394,21,,,0,40,,8395,21,,,0,80,,8396,21,,,0,80,,8397,21,,,0,40,,8398,21,,,0,80,,8399,21,,,0,80,,8400,21,,,0,38,,8401,21,,,0,92,,8402,21,,,0
201,'5566',513,,8404,21,,,0,46,,8405,21,,,0,65,,8406,21,,,0,35,,8407,21,,,0,58,,8408,21,,,0,18,,8409,21,,,0,15,,8410,21,,,0,55,,8411,21,,,0,17,,8412,21,,,0,20,,8413,21,,,0,65,,8414,21,,,0,30,,8415,21,,,0,68,,8416,21,,,0,27,,8417,21,,,0,25,,8418,21,,,0,65,,8419,21,,,0,25,,8420,21,,,0,65,,8421,21,,,0,26,,8422,21,,,0,65,,8423,21,,,0,25,,8424,21,,,0,25,,8425,21,,,0,65,,8426,21,,,0,25,,8427,21,,,0,15,,8428,21,,,0,55,,8429,21,,,0,15,,8430,21,,,0,15,,8431,21,,,0,15,,8432,21,,,0,55,,8433,21,,,0,15,,8434,21,,,0,15,,8435,21,,,0,15,,8436,21,,,0,55,,8437,21,,,0,15,,8438,21,,,0,15,,8439,21,,,0,15,,8440,21,,,0,60,,8441,21,,,0,20,,8442,21,,,0,20,,8443,21,,,0,60,,8444,21,,,0,20,,8445,21,,,0,20,,8446,21,,,0,60,,8447,21,,,0,25,,8448,21,,,0,70,,8449,21,,,0,28,,8450,21,,,0,68,,8451,21,,,0,29,,8452,21,,,0
1701,'5566',626,,8973,2,0,29 23,0,75,,8974,2,0,29 23,0,50,,8975,2,0,29 23,0,766,,8976,2,0,29 23,0,85,,8977,2,0,29 23,0,46,,8978,2,0,29 23,0,86,,8979,2,0,29 23,0,83,,8980,2,0,29 23,0
2101,'5475',2033,,9016,2,,,0,171,,9017,2,,,0,135,,9018,2,,,0
2101,'5527',724,,9027,2,,,0,126,,9028,2,,,0,177,,9026,2,,,0,127,,9022,2,,,0,164,,9020,2,,,0,107,,9021,2,,,0,100,,9023,2,,,0,102,,9024,2,,,0,131,,9025,2,,,0,172,,9019,2,,,0
2101,'5565',801,,9037,2,,,0,100,,9029,2,,,0,134,,9030,2,,,0,170,,9031,2,,,0,133,,9032,2,,,0,175,,9033,2,,,0,130,,9034,2,,,0,168,,9035,2,,,0,127,,9036,2,,,0
2101,'5566',553,,9038,2,,,0,85,,9039,2,,,0,166,,9040,2,,,0,47,,9041,2,,,0,91,,9042,2,,,0,90,,9043,2,,,0,125,,9044,2,,,0,166,,9045,2,,,0,97,,9046,2,,,0,35,,9047,2,,,0,153,,9048,2,,,0,45,,9049,2,,,0,148,,9050,2,,,0,122,,9051,2,,,0
2201,'5566',741,,9052,2,,,0,685,,9053,2,,,0
1002101,'5566',713,,10236,2,,,0
