300,'5475',2348,,8453,1,,,0,100,,8454,1,,,0,100,,8455,1,,,0,100,,8456,1,,,0
300,'5527',559,,8481,1,,,0,89,,8480,1,,,0,97,,8482,1,,,0,88,,8457,1,,,0,67,,8458,1,,,0,40,,8459,1,,,0,75,,8461,1,,,0,29,,8462,1,,,0,74,,8463,1,,,0,33,,8460,1,,,0,74,,8464,1,,,0,80,,8465,1,,,0,35,,8466,1,,,0,75,,8467,1,,,0,41,,8468,1,,,0,75,,8469,1,,,0,70,,8470,1,,,0,36,,8471,1,,,0,76,,8472,1,,,0,36,,8473,1,,,0,88,,8474,1,,,0,75,,8475,1,,,0,36,,8476,1,,,0,91,,8477,1,,,0,102,,8478,1,,,0,101,,8479,1,,,0
300,'5565',627,,8483,1,,,0,95,,8484,1,,,0,87,,8497,1,,,0,92,,8486,1,,,0,54,,8487,1,,,0,94,,8488,1,,,0,94,,8485,1,,,0,99,,8489,1,,,0,100,,8490,1,,,0,100,,8491,1,,,0,100,,8492,1,,,0,105,,8493,1,,,0,97,,8494,1,,,0,98,,8495,1,,,0,102,,8496,1,,,0
300,'5566',544,,8498,1,,,0,70,,8499,1,,,0,29,,8500,1,,,0,73,,8501,1,,,0,31,,8502,1,,,0,76,,8503,1,,,0,35,,8504,1,,,0,75,,8505,1,,,0,75,,8506,1,,,0,34,,8507,1,,,0,73,,8508,1,,,0,34,,8509,1,,,0,75,,8510,1,,,0,35,,8511,1,,,0,79,,8512,1,,,0,74,,8513,1,,,0,33,,8514,1,,,0,81,,8515,1,,,0,74,,8516,1,,,0,34,,8517,1,,,0,82,,8518,1,,,0,37,,8519,1,,,0,76,,8520,1,,,0,77,,8521,1,,,0,31,,8522,1,,,0,103,,8523,1,,,0,100,,8524,1,,,0,106,,8525,1,,,0
301,'5475',2353,,8530,25,4,,0,100,,8526,42,4,,0,100,,8527,42,4,,0,100,,8528,42,4,,0
301,'5527',611,,8556,42,4,,0,95,,8555,42,4,,0,51,,8554,42,4,,0,102,,8557,42,4,,0,92,,8531,42,4,,0,71,,8532,42,4,,0,82,,8533,42,4,,0,37,,8534,42,4,,0,70,,8535,42,4,,0,35,,8536,42,4,,0,75,,8537,42,4,,0,36,,8538,42,4,,0,80,,8539,42,4,,0,76,,8540,42,4,,0,35,,8541,42,4,,0,79,,8542,42,4,,0,74,,8543,42,4,,0,30,,8544,42,4,,0,74,,8545,42,4,,0,35,,8546,42,4,,0,73,,8547,42,4,,0,43,,8548,42,4,,0,74,,8549,42,4,,0,75,,8550,42,4,,0,48,,8551,42,4,,0,99,,8552,42,4,,0
301,'5565',634,,8561,42,4,,0,102,,8562,42,4,,0,95,,8564,42,4,,0,90,,8573,42,4,,0,100,,8559,42,4,,0,95,,8565,42,4,,0,98,,8566,42,4,,0,96,,8563,42,4,,0,100,,8567,42,4,,0,101,,8568,42,4,,0,101,,8569,42,4,,0,98,,8570,42,4,,0,104,,8571,42,4,,0,95,,8572,42,4,,0,91,,8558,42,4,,0
301,'5566',608,,8574,42,4,,0,43,,8575,42,4,,0,77,,8576,42,4,,0,75,,8577,42,4,,0,35,,8578,42,4,,0,75,,8579,42,4,,0,34,,8580,42,4,,0,76,,8581,42,4,,0,35,,8582,42,4,,0,76,,8583,42,4,,0,77,,8584,42,4,,0,36,,8585,42,4,,0,75,,8586,42,4,,0,36,,8587,42,4,,0,77,,8588,42,4,,0,81,,8589,42,4,,0,34,,8590,42,4,,0,75,,8591,42,4,,0,81,,8592,42,4,,0,31,,8593,42,4,,0,73,,8594,42,4,,0,33,,8595,42,4,,0,74,,8596,42,4,,0,32,,8597,42,4,,0,75,,8598,42,4,,0,30,,8599,42,4,,0,99,,8600,42,4,,0,98,,8601,42,4,,0
500,'5475',2353,,8657,1,,,0,100,,8658,1,,,0,100,,8659,1,,,0,100,,8660,1,,,0
500,'5527',611,,8685,1,,,0,95,,8684,1,,,0,51,,8683,1,,,0,102,,8686,1,,,0,92,,8661,1,,,0,71,,8662,1,,,0,82,,8663,1,,,0,37,,8664,1,,,0,70,,8666,1,,,0,35,,8667,1,,,0,75,,8668,1,,,0,36,,8665,1,,,0,80,,8669,1,,,0,76,,8670,1,,,0,35,,8671,1,,,0,79,,8672,1,,,0,74,,8673,1,,,0,30,,8674,1,,,0,74,,8675,1,,,0,35,,8676,1,,,0,73,,8677,1,,,0,43,,8678,1,,,0,74,,8679,1,,,0,75,,8680,1,,,0,48,,8681,1,,,0,99,,8682,1,,,0
500,'5565',634,,8687,1,,,0,102,,8688,1,,,0,95,,8689,1,,,0,90,,8701,1,,,0,100,,8690,1,,,0,95,,8691,1,,,0,98,,8693,1,,,0,96,,8694,1,,,0,100,,8695,1,,,0,101,,8692,1,,,0,101,,8696,1,,,0,98,,8697,1,,,0,104,,8698,1,,,0,95,,8699,1,,,0,91,,8700,1,,,0
500,'5566',608,,8702,1,,,0,43,,8703,1,,,0,77,,8704,1,,,0,75,,8705,1,,,0,35,,8706,1,,,0,75,,8707,1,,,0,34,,8708,1,,,0,76,,8709,1,,,0,35,,8710,1,,,0,76,,8711,1,,,0,77,,8712,1,,,0,36,,8713,1,,,0,75,,8714,1,,,0,36,,8715,1,,,0,77,,8716,1,,,0,81,,8717,1,,,0,34,,8718,1,,,0,75,,8719,1,,,0,81,,8720,1,,,0,31,,8721,1,,,0,73,,8722,1,,,0,33,,8723,1,,,0,74,,8724,1,,,0,32,,8725,1,,,0,75,,8726,1,,,0,30,,8727,1,,,0,99,,8728,1,,,0,98,,8729,1,,,0
501,'5475',2348,,8730,21,4,,0,100,,8731,21,4,,0,100,,8732,21,4,,0,100,,8733,21,4,,0
501,'5527',648,,8757,21,4,,0,97,,8758,21,4,,0,88,,8736,21,4,,0,67,,8737,21,4,,0,40,,8734,21,4,,0,75,,8735,21,4,,0,29,,8738,21,4,,0,74,,8739,21,4,,0,33,,8740,21,4,,0,74,,8741,21,4,,0,80,,8742,21,4,,0,35,,8743,21,4,,0,75,,8744,21,4,,0,41,,8745,21,4,,0,75,,8746,21,4,,0,70,,8747,21,4,,0,36,,8748,21,4,,0,76,,8749,21,4,,0,36,,8750,21,4,,0,88,,8751,21,4,,0,75,,8752,21,4,,0,36,,8754,21,4,,0,91,,8755,21,4,,0,102,,8756,21,4,,0,101,,8753,21,4,,0
501,'5565',627,,8760,21,4,,0,95,,8759,21,4,,0,87,,8773,21,4,,0,92,,8761,21,4,,0,54,,8762,21,4,,0,94,,8763,21,4,,0,94,,8764,21,4,,0,99,,8765,21,4,,0,100,,8767,21,4,,0,100,,8768,21,4,,0,100,,8769,21,4,,0,105,,8766,21,4,,0,97,,8770,21,4,,0,98,,8771,21,4,,0,102,,8772,21,4,,0
501,'5566',614,,8774,21,4,,0,29,,8775,21,4,,0,73,,8776,21,4,,0,31,,8777,21,4,,0,76,,8778,21,4,,0,35,,8779,21,4,,0,75,,8780,21,4,,0,75,,8781,21,4,,0,34,,8782,21,4,,0,73,,8783,21,4,,0,34,,8784,21,4,,0,75,,8785,21,4,,0,35,,8786,21,4,,0,79,,8787,21,4,,0,74,,8788,21,4,,0,33,,8789,21,4,,0,81,,8790,21,4,,0,74,,8791,21,4,,0,34,,8792,21,4,,0,82,,8793,21,4,,0,37,,8794,21,4,,0,76,,8795,21,4,,0,77,,8796,21,4,,0,31,,8797,21,4,,0,103,,8798,21,4,,0,100,,8799,21,4,,0,106,,8800,21,4,,0
2400,'5566',1440,,9054,8,0,15 16 11,0
