300,'5475',2401,,8453,22,,,0,100,,8454,22,,,0,100,,8455,22,,,0,100,,8456,22,,,0
300,'5527',611,,8481,22,,,0,89,,8480,22,,,0,59,,8482,22,,,0,89,,8457,22,,,0,68,,8458,22,,,0,40,,8459,22,,,0,75,,8461,22,,,0,70,,8462,22,,,0,35,,8463,22,,,0,74,,8460,22,,,0,35,,8464,22,,,0,80,,8465,22,,,0,75,,8466,22,,,0,35,,8467,22,,,0,80,,8468,22,,,0,35,,8469,22,,,0,70,,8470,22,,,0,35,,8471,22,,,0,76,,8472,22,,,0,75,,8473,22,,,0,47,,8474,22,,,0,75,,8475,22,,,0,76,,8476,22,,,0,50,,8477,22,,,0,101,,8478,22,,,0,100,,8479,22,,,0
300,'5565',640,,8483,22,,,0,95,,8484,22,,,0,88,,8497,22,,,0,94,,8486,22,,,0,94,,8487,22,,,0,95,,8488,22,,,0,95,,8485,22,,,0,99,,8489,22,,,0,100,,8490,22,,,0,100,,8491,22,,,0,100,,8492,22,,,0,105,,8493,22,,,0,96,,8494,22,,,0,57,,8495,22,,,0,142,,8496,22,,,0
300,'5566',558,,8498,22,,,0,71,,8499,22,,,0,30,,8500,22,,,0,73,,8501,22,,,0,74,,8502,22,,,0,35,,8503,22,,,0,75,,8504,22,,,0,35,,8505,22,,,0,75,,8506,22,,,0,75,,8507,22,,,0,35,,8508,22,,,0,74,,8509,22,,,0,35,,8510,22,,,0,75,,8511,22,,,0,39,,8512,22,,,0,75,,8513,22,,,0,73,,8514,22,,,0,40,,8515,22,,,0,74,,8516,22,,,0,35,,8517,22,,,0,79,,8518,22,,,0,76,,8519,22,,,0,36,,8520,22,,,0,75,,8521,22,,,0,31,,8522,22,,,0,102,,8523,22,,,0,100,,8524,22,,,0,104,,8525,22,,,0
3100,'5527',905,,9061,7,,,0,105,,9065,7,,,0,110,,9059,7,,,0,109,,9058,7,,,0,110,,9060,7,,,0,115,,9062,7,,,0,156,,9064,7,,,0,110,,9063,7,,,0
3100,'5565',1010,,9072,7,,,0,110,,9066,7,,,0,109,,9067,7,,,0,110,,9068,7,,,0,115,,9069,7,,,0,156,,9071,7,,,0,110,,9070,7,,,0
3100,'5566',727,,9073,7,,,0,32,,9074,7,,,0,72,,9075,7,,,0,103,,9076,7,,,0,106,,9077,7,,,0,110,,9078,7,,,0,150,,9079,7,,,0,114,,9080,7,,,0,97,,9081,7,,,0,36,,9082,7,,,0,77,,9083,7,,,0,35,,9084,7,,,0,75,,9085,7,,,0,75,,9086,7,,,0
1003100,'5475',2356,,10237,7,,,0,100,,10238,7,,,0,100,,10239,7,,,0,100,,10240,7,,,0
1003100,'5527',733,,10254,7,,,0,100,,10243,7,,,0,99,,10242,7,,,0,110,,10241,7,,,0,110,,10249,7,,,0,150,,10253,7,,,0,115,,10246,7,,,0,114,,10250,7,,,0,111,,10247,7,,,0,110,,10248,7,,,0,75,,10244,7,,,0,115,,10245,7,,,0,103,,10252,7,,,0,98,,10251,7,,,0
1003100,'5565',731,,10266,7,,,0,101,,10258,7,,,0,102,,10256,7,,,0,108,,10260,7,,,0,110,,10257,7,,,0,150,,10255,7,,,0,115,,10261,7,,,0,114,,10262,7,,,0,111,,10259,7,,,0,180,,10263,7,,,0,120,,10264,7,,,0,104,,10265,7,,,0
1003100,'5566',640,,10267,7,,,0,68,,10268,7,,,0,30,,10269,7,,,0,71,,10270,7,,,0,50,,10271,7,,,0,144,,10272,7,,,0,109,,10273,7,,,0,110,,10274,7,,,0,115,,10275,7,,,0,110,,10276,7,,,0,80,,10277,7,,,0,75,,10278,7,,,0,37,,10279,7,,,0,75,,10280,7,,,0,33,,10281,7,,,0,80,,10282,7,,,0,86,,10283,7,,,0,122,,10284,7,,,0,104,,10285,7,,,0,110,,10286,7,,,0
24003100,'5566',534,,10334,7,,,0,68,,10335,7,,,0,29,,10336,7,,,0,27,,10337,7,,,0
