5100,'5527',803,,9377,36,4,,0,105,,9378,36,4,,0,30,,9379,36,4,,0,74,,9380,36,4,,0,31,,9381,36,4,,0,70,,9382,36,4,,0,21,,9383,36,4,,0,67,,9384,36,4,,0,26,,9385,36,4,,0,21,,9386,36,4,,0,59,,9387,36,4,,0,18,,9388,36,4,,0,18,,9389,36,4,,0,58,,9390,36,4,,0,19,,9391,36,4,,0,17,,9392,36,4,,0,18,,9393,36,4,,0,58,,9394,36,4,,0,18,,9395,36,4,,0,18,,9396,36,4,,0,58,,9397,36,4,,0,16,,9398,36,4,,0,19,,9399,36,4,,0,60,,9400,36,4,,0,24,,9401,36,4,,0,24,,9402,36,4,,0,58,,9403,36,4,,0,23,,9404,36,4,,0,24,,9405,36,4,,0,57,,9406,36,4,,0,25,,9407,36,4,,0,64,,9408,36,4,,0,20,,9409,36,4,,0,18,,9410,36,4,,0,70,,9411,36,4,,0,30,,9412,36,4,,0,80,,9413,36,4,,0,25,,9414,36,4,,0,70,,9415,36,4,,0,27,,9416,36,4,,0
5100,'5565',806,,9418,36,4,,0,101,,9419,36,4,,0,30,,9420,36,4,,0,72,,9421,36,4,,0,35,,9422,36,4,,0,72,,9417,36,4,,0,36,,9423,36,4,,0,77,,9424,36,4,,0,76,,9425,36,4,,0,36,,9426,36,4,,0,80,,9427,36,4,,0,35,,9428,36,4,,0,80,,9429,36,4,,0,75,,9430,36,4,,0,35,,9431,36,4,,0,75,,9432,36,4,,0,32,,9433,36,4,,0,74,,9434,36,4,,0,73,,9435,36,4,,0,32,,9436,36,4,,0,70,,9437,36,4,,0,32,,9438,36,4,,0,70,,9439,36,4,,0,35,,9440,36,4,,0,97,,9441,36,4,,0
5100,'5566',535,,9443,36,4,,0,82,,9444,36,4,,0,26,,9445,36,4,,0,66,,9446,36,4,,0,15,,9447,36,4,,0,15,,9442,36,4,,0,65,,9448,36,4,,0,15,,9449,36,4,,0,18,,9450,36,4,,0,7,,9451,36,4,,0,7,,9452,36,4,,0,50,,9454,36,4,,0,15,,9455,36,4,,0,14,,9456,36,4,,0,21,,9457,36,4,,0,66,,9458,36,4,,0,26,,9459,36,4,,0,67,,9460,36,4,,0,25,,9461,36,4,,0,67,,9462,36,4,,0,24,,9463,36,4,,0,25,,9464,36,4,,0,57,,9465,36,4,,0,20,,9466,36,4,,0,20,,9467,36,4,,0,58,,9468,36,4,,0,20,,9469,36,4,,0,23,,9470,36,4,,0,65,,9471,36,4,,0,20,,9473,36,4,,0,11,,9474,36,4,,0,5,,9475,36,4,,0,56,,9476,36,4,,0,16,,9477,36,4,,0,16,,9478,36,4,,0,16,,9479,36,4,,0,55,,9480,36,4,,0,14,,9481,36,4,,0,16,,9482,36,4,,0,13,,9483,36,4,,0,53,,9484,36,4,,0,14,,9485,36,4,,0,15,,9486,36,4,,0,19,,9487,36,4,,0,59,,9488,36,4,,0,20,,9489,36,4,,0,24,,9490,36,4,,0,64,,9491,36,4,,0,28,,9492,36,4,,0,67,,9493,36,4,,0,29,,9494,36,4,,0,67,,9495,36,4,,0,28,,9496,36,4,,0,69,,9497,36,4,,0,30,,9498,36,4,,0
5100,'5569',1540,,9504,36,4,,0,18,,9501,36,4,,0,57,,9499,36,4,,0,37,,9506,36,4,,0,62,,9502,36,4,,0,23,,9500,36,4,,0,22,,9508,36,4,,0,60,,9503,36,4,,0,25,,9507,36,4,,0,61,,9509,36,4,,0,20,,9505,36,4,,0,23,,9512,36,4,,0,63,,9510,36,4,,0,18,,9511,36,4,,0,25,,9513,36,4,,0
5101,'5527',715,,9514,1,,,0,100,,9515,1,,,0,30,,9516,1,,,0,70,,9517,1,,,0,30,,9518,1,,,0,70,,9519,1,,,0,20,,9520,1,,,0,65,,9521,1,,,0,25,,9522,1,,,0,21,,9523,1,,,0,58,,9524,1,,,0,18,,9525,1,,,0,18,,9526,1,,,0,18,,9527,1,,,0,58,,9528,1,,,0,18,,9529,1,,,0,18,,9530,1,,,0,59,,9531,1,,,0,17,,9532,1,,,0,18,,9533,1,,,0,58,,9534,1,,,0,18,,9535,1,,,0,18,,9536,1,,,0,60,,9537,1,,,0,25,,9538,1,,,0,25,,9539,1,,,0,60,,9540,1,,,0,25,,9541,1,,,0,65,,9542,1,,,0,18,,9543,1,,,0,25,,9544,1,,,0,65,,9545,1,,,0,21,,9546,1,,,0,20,,9547,1,,,0,70,,9548,1,,,0,30,,9549,1,,,0,81,,9550,1,,,0,25,,9551,1,,,0,70,,9552,1,,,0,31,,9553,1,,,0
5101,'5565',715,,9554,1,,,0,100,,9555,1,,,0,30,,9556,1,,,0,70,,9557,1,,,0,35,,9558,1,,,0,70,,9559,1,,,0,35,,9560,1,,,0,75,,9561,1,,,0,75,,9562,1,,,0,35,,9563,1,,,0,80,,9564,1,,,0,35,,9565,1,,,0,80,,9566,1,,,0,75,,9567,1,,,0,35,,9568,1,,,0,75,,9569,1,,,0,35,,9570,1,,,0,75,,9571,1,,,0,75,,9572,1,,,0,35,,9573,1,,,0,70,,9574,1,,,0,35,,9575,1,,,0,70,,9576,1,,,0,35,,9577,1,,,0,100,,9578,1,,,0
5101,'5566',620,,9580,1,,,0,27,,9581,1,,,0,58,,9579,1,,,0,15,,9582,1,,,0,13,,9583,1,,,0,14,,9584,1,,,0,8,,9585,1,,,0,47,,9586,1,,,0,15,,9587,1,,,0,15,,9588,1,,,0,21,,9589,1,,,0,64,,9590,1,,,0,25,,9591,1,,,0,65,,9592,1,,,0,24,,9593,1,,,0,24,,9594,1,,,0,65,,9595,1,,,0,25,,9596,1,,,0,58,,9597,1,,,0,20,,9598,1,,,0,19,,9599,1,,,0,58,,9600,1,,,0,20,,9601,1,,,0,20,,9602,1,,,0,60,,9603,1,,,0,17,,9604,1,,,0,10,,9605,1,,,0,10,,9606,1,,,0,16,,9607,1,,,0,57,,9608,1,,,0,17,,9609,1,,,0,18,,9610,1,,,0,56,,9611,1,,,0,16,,9612,1,,,0,16,,9613,1,,,0,15,,9614,1,,,0,56,,9615,1,,,0,17,,9616,1,,,0,16,,9617,1,,,0,21,,9618,1,,,0,60,,9619,1,,,0,20,,9620,1,,,0,65,,9621,1,,,0,25,,9622,1,,,0,29,,9623,1,,,0,69,,9624,1,,,0,29,,9625,1,,,0,70,,9626,1,,,0,30,,9627,1,,,0,70,,9628,1,,,0,30,,9629,1,,,0
5101,'5569',1550,,9634,1,,,0,62,,9632,1,,,0,25,,9630,1,,,0,63,,9635,1,,,0,23,,9633,1,,,0,25,,9631,1,,,0,62,,9637,1,,,0,21,,9638,1,,,0,24,,9636,1,,,0,63,,9639,1,,,0,21,,9640,1,,,0,65,,9641,1,,,0,32,,9642,1,,,0,73,,9643,1,,,0
7101,'4619',2124,,10163,30,,,0,189,,10164,30,,,0
7101,'5210',1017,,10174,30,,,0,196,,10175,30,,,0,305,,10176,30,,,0,194,,10177,30,,,0
7101,'5527',1031,,10167,30,,,0,117,,10173,22,,,0,84,,10166,30,,,0,205,,10165,30,,,0,275,,10168,30,,,0,118,,10172,22,,,0,85,,10169,30,,,0,229,,10170,30,,,0,189,,10171,30,,,0
7101,'5566',713,,10179,30,,,0,95,,10180,30,,,0,104,,10178,30,,,0,34,,10188,22,,,0,66,,10181,30,,,0,111,,10182,30,,,0,316,,10183,30,,,0,171,,10184,30,,,0,103,,10185,30,,,0,104,,10186,30,,,0,103,,10187,30,,,0
