201,'5475',2300,,8341,7,,,0,30,,8342,7,,,0,70,,8343,7,,,0,30,,8344,7,,,0,70,,8345,7,,,0,30,,8346,7,,,0,70,,8347,7,,,0,30,,8348,7,,,0,70,,8349,7,,,0
201,'5527',637,,8350,7,,,0,85,,8351,7,,,0,78,,8352,7,,,0,29,,8353,7,,,0,30,,8354,7,,,0,71,,8355,7,,,0,70,,8356,7,,,0,30,,8357,7,,,0,70,,8358,7,,,0,32,,8359,7,,,0,69,,8360,7,,,0,31,,8361,7,,,0,70,,8362,7,,,0,30,,8363,7,,,0,71,,8364,7,,,0,30,,8365,7,,,0,69,,8366,7,,,0,30,,8367,7,,,0,71,,8368,7,,,0,30,,8369,7,,,0,69,,8370,7,,,0,30,,8371,7,,,0,70,,8372,7,,,0,30,,8373,7,,,0,69,,8374,7,,,0,28,,8375,7,,,0,29,,8376,7,,,0,71,,8377,7,,,0,75,,8378,7,,,0,40,,8379,7,,,0,81,,8380,7,,,0
201,'5565',637,,8381,7,,,0,85,,8382,7,,,0,85,,8383,7,,,0,44,,8384,7,,,0,85,,8385,7,,,0,85,,8386,7,,,0,84,,8387,7,,,0,45,,8388,7,,,0,81,,8389,7,,,0,80,,8390,7,,,0,40,,8391,7,,,0,80,,8392,7,,,0,80,,8393,7,,,0,40,,8394,7,,,0,80,,8395,7,,,0,80,,8396,7,,,0,40,,8397,7,,,0,80,,8398,7,,,0,80,,8399,7,,,0,41,,8400,7,,,0,78,,8401,7,,,0,92,,8402,7,,,0
201,'5566',505,,8404,7,,,0,45,,8405,7,,,0,65,,8406,7,,,0,34,,8407,7,,,0,58,,8408,7,,,0,17,,8409,7,,,0,14,,8410,7,,,0,15,,8411,7,,,0,57,,8412,7,,,0,21,,8413,7,,,0,25,,8414,7,,,0,70,,8415,7,,,0,28,,8416,7,,,0,67,,8417,7,,,0,25,,8418,7,,,0,64,,8419,7,,,0,25,,8420,7,,,0,65,,8421,7,,,0,26,,8422,7,,,0,25,,8423,7,,,0,65,,8424,7,,,0,25,,8425,7,,,0,65,,8426,7,,,0,20,,8427,7,,,0,14,,8403,7,0,9 10,0,5,,8428,7,,,0,55,,8429,7,,,0,15,,8430,7,,,0,15,,8431,7,,,0,16,,8432,7,,,0,55,,8433,7,,,0,15,,8434,7,,,0,15,,8435,7,,,0,14,,8436,7,,,0,56,,8437,7,,,0,15,,8438,7,,,0,16,,8439,7,,,0,15,,8440,7,,,0,60,,8441,7,,,0,20,,8442,7,,,0,20,,8443,7,,,0,60,,8444,7,,,0,20,,8445,7,,,0,20,,8446,7,,,0,60,,8447,7,,,0,25,,8448,7,,,0,70,,8449,7,,,0,28,,8450,7,,,0,70,,8451,7,,,0,30,,8452,7,,,0
900,'5475',2324,,8885,47,0,17 10,0,100,,8886,47,0,17 10,0,100,,8887,47,0,17 10,0,100,,8888,47,0,17 10,0,100,,8889,47,0,17 10,0
900,'5527',708,,8890,47,,,0,101,,8891,47,,,0,100,,8892,47,,,0,102,,8893,47,,,0,107,,8894,47,,,0,95,,8895,47,,,0,106,,8896,47,,,0,100,,8897,47,0,17 10,0,100,,8898,47,0,17 10,0,100,,8899,47,,,0,104,,8900,56,,,0,95,,8901,47,0,17 10,0,99,,8902,47,,,0,94,,8903,47,,,0,99,,8904,47,,,0,105,,8905,47,0,17 10,0
900,'5565',710,,8907,47,0,17 10,0,100,,8908,47,0,17 10,0,101,,8909,47,0,17 10,0,100,,8906,47,0,17 10,0,107,,8910,47,0,17 10,0,95,,8911,47,0,17 10,0,105,,8912,47,0,17 10,0,99,,8913,47,0,17 10,0,100,,8914,47,0,17 10,0,100,,8915,47,0,17 10,0,100,,8916,47,0,17 10,0,99,,8917,47,0,17 10,0,100,,8918,47,0,17 10,0,95,,8919,47,0,17 10,0
900,'5566',609,,8920,47,0,17 10,0,109,,8921,47,0,17 10,0,99,,8922,47,0,17 10,0,103,,8923,47,0,17 10,0,99,,8924,47,0,17 10,0,101,,8925,47,0,17 10,0,100,,8926,47,0,17 10,0,100,,8927,47,0,17 10,0,101,,8928,47,0,17 10,0,100,,8929,47,0,17 10,0,100,,8930,47,0,17 10,0,101,,8931,47,0,17 10,0,100,,8932,47,0,17 10,0,98,,8933,47,0,17 10,0,98,,8934,47,0,17 10,0,99,,8935,47,0,17 10,0,99,,8936,47,0,17 10,0
2600,'5566',1520,,9056,49,0,9 10 11,0
2601,'5566',802,,9057,60,0,9 10 11,0
