300,'5475',2349,,8453,3,,,0,100,,8454,3,,,0,100,,8455,3,,,0,100,,8456,3,,,0
300,'5527',600,,8481,3,,,0,49,,8480,3,,,0,97,,8482,3,,,0,88,,8457,3,,,0,67,,8458,3,,,0,40,,8459,3,,,0,75,,8461,3,,,0,29,,8462,3,,,0,74,,8463,3,,,0,34,,8460,3,,,0,74,,8464,3,,,0,80,,8465,3,,,0,35,,8466,3,,,0,75,,8467,3,,,0,41,,8468,3,,,0,75,,8469,3,,,0,70,,8470,3,,,0,35,,8471,3,,,0,76,,8472,3,,,0,36,,8473,3,,,0,88,,8474,3,,,0,75,,8475,3,,,0,36,,8476,3,,,0,91,,8477,3,,,0,102,,8478,3,,,0,101,,8479,3,,,0
300,'5565',628,,8483,3,,,0,95,,8484,3,,,0,87,,8497,3,,,0,92,,8486,3,,,0,54,,8487,3,,,0,94,,8488,3,,,0,95,,8485,3,,,0,99,,8489,3,,,0,100,,8490,3,,,0,100,,8491,3,,,0,100,,8492,3,,,0,105,,8493,3,,,0,96,,8494,3,,,0,98,,8495,3,,,0,102,,8496,3,,,0
300,'5566',545,,8498,3,,,0,70,,8499,3,,,0,29,,8500,3,,,0,73,,8501,3,,,0,31,,8502,3,,,0,76,,8503,3,,,0,35,,8504,3,,,0,75,,8505,3,,,0,75,,8506,3,,,0,34,,8507,3,,,0,74,,8508,3,,,0,34,,8509,3,,,0,75,,8510,3,,,0,75,,8511,3,,,0,39,,8512,3,,,0,74,,8513,3,,,0,33,,8514,3,,,0,81,,8515,3,,,0,74,,8516,3,,,0,34,,8517,3,,,0,82,,8518,3,,,0,36,,8519,3,,,0,76,,8520,3,,,0,77,,8521,3,,,0,31,,8522,3,,,0,103,,8523,3,,,0,100,,8524,3,,,0,106,,8525,3,,,0
500,'5475',2354,,8657,3,,,0,100,,8658,3,,,0,100,,8659,3,,,0,100,,8660,3,,,0
500,'5527',612,,8685,3,,,0,95,,8684,3,,,0,51,,8683,3,,,0,142,,8686,3,,,0,52,,8661,3,,,0,71,,8662,3,,,0,82,,8663,3,,,0,37,,8664,3,,,0,70,,8666,3,,,0,35,,8667,3,,,0,75,,8668,3,,,0,36,,8665,3,,,0,80,,8669,3,,,0,76,,8670,3,,,0,35,,8671,3,,,0,79,,8672,3,,,0,74,,8673,3,,,0,30,,8674,3,,,0,74,,8675,3,,,0,35,,8676,3,,,0,73,,8677,3,,,0,43,,8678,3,,,0,74,,8679,3,,,0,75,,8680,3,,,0,48,,8681,3,,,0,99,,8682,3,,,0
500,'5565',635,,8687,3,,,0,102,,8688,3,,,0,95,,8689,3,,,0,90,,8701,3,,,0,100,,8690,3,,,0,95,,8691,3,,,0,98,,8693,3,,,0,96,,8694,3,,,0,100,,8695,3,,,0,101,,8692,3,,,0,101,,8696,3,,,0,98,,8697,3,,,0,104,,8698,3,,,0,95,,8699,3,,,0,91,,8700,3,,,0
500,'5566',609,,8702,3,,,0,43,,8703,3,,,0,77,,8704,3,,,0,75,,8705,3,,,0,35,,8706,3,,,0,75,,8707,3,,,0,34,,8708,3,,,0,76,,8709,3,,,0,35,,8710,3,,,0,76,,8711,3,,,0,77,,8712,3,,,0,36,,8713,3,,,0,75,,8714,3,,,0,77,,8715,3,,,0,37,,8716,3,,,0,81,,8717,3,,,0,34,,8718,3,,,0,75,,8719,3,,,0,81,,8720,3,,,0,30,,8721,3,,,0,73,,8722,3,,,0,33,,8723,3,,,0,74,,8724,3,,,0,32,,8725,3,,,0,75,,8726,3,,,0,30,,8727,3,,,0,99,,8728,3,,,0,98,,8729,3,,,0
1701,'5566',647,,8973,31,,,0,75,,8974,31,,,0,95,,8975,31,,,0,727,,8976,31,,,0,84,,8977,31,,,0,86,,8978,31,,,0,43,,8979,31,,,0,81,,8980,31,,,0
2100,'5475',2134,,8981,23,,,0,170,,8982,23,,,0,135,,8983,23,,,0
2100,'5527',827,,8991,23,,,0,125,,8993,23,,,0,181,,8992,23,,,0,170,,8987,23,,,0,125,,8988,23,,,0,106,,8989,23,,,0,100,,8990,23,,,0,100,,8985,23,,,0,168,,8986,23,,,0,133,,8984,23,,,0
2100,'5565',858,,9001,23,,,0,145,,9002,23,,,0,133,,8994,23,,,0,172,,8996,23,,,0,134,,8995,23,,,0,176,,8997,23,,,0,130,,8998,23,,,0,165,,8999,23,,,0,126,,9000,23,,,0
2100,'5566',656,,9003,23,,,0,87,,9004,23,,,0,85,,9005,23,,,0,86,,9006,23,,,0,89,,9007,23,,,0,46,,9008,23,,,0,93,,9009,23,,,0,167,,9010,23,,,0,127,,9011,23,,,0,287,,9012,23,,,0,82,,9013,23,,,0,101,,9014,23,,,0,119,,9015,23,,,0
2400,'5566',1442,,9054,10,0,15 16 11,0
1002100,'5566',1546,,10234,28,,,0,77,,10235,28,,,0
