3100,'5527',922,,9061,15,,,0,105,,9065,15,,,0,110,,9059,15,,,0,110,,9058,15,,,0,110,,9060,15,,,0,155,,9062,15,,,0,115,,9064,15,,,0,110,,9063,15,,,0
3100,'5565',1027,,9072,15,,,0,110,,9066,15,,,0,110,,9067,15,,,0,110,,9068,15,,,0,155,,9069,15,,,0,115,,9071,15,,,0,110,,9070,15,,,0
3100,'5566',743,,9073,15,,,0,73,,9074,15,,,0,32,,9075,15,,,0,103,,9076,15,,,0,107,,9077,15,,,0,150,,9078,15,,,0,110,,9079,15,,,0,115,,9080,15,,,0,98,,9081,15,,,0,77,,9082,15,,,0,37,,9083,15,,,0,75,,9084,15,,,0,33,,9085,15,,,0,75,,9086,15,,,0
3201,'5475',2339,,9121,30,,,0,100,,9122,30,,,0,100,,9123,30,,,0,100,,9124,30,,,0,100,,9125,30,,,0
3201,'5527',816,,9137,30,,,0,30,,9128,30,,,0,74,,9148,30,,,0,33,,9126,30,,,0,70,,9129,30,,,0,77,,9134,30,,,0,35,,9127,30,,,0,76,,9146,30,,,0,35,,9131,30,,,0,76,,9130,30,,,0,35,,9135,30,,,0,75,,9132,30,,,0,79,,9147,30,,,0,35,,9136,30,,,0,80,,9133,30,,,0,74,,9142,30,,,0,34,,9138,30,,,0,75,,9149,30,,,0,34,,9139,30,,,0,75,,9141,30,,,0,83,,9140,30,,,0,30,,9144,30,,,0,69,,9143,30,,,0,130,,9145,30,,,0
3201,'5565',815,,9164,30,,,0,105,,9163,30,,,0,104,,9158,30,,,0,34,,9165,30,,,0,76,,9152,30,,,0,75,,9151,30,,,0,35,,9159,30,,,0,75,,9150,30,,,0,35,,9160,30,,,0,75,,9155,30,,,0,81,,9161,30,,,0,35,,9156,30,,,0,79,,9157,30,,,0,35,,9154,30,,,0,74,,9162,30,,,0,75,,9153,30,,,0,110,,9166,30,,,0,114,,9167,30,,,0
3201,'5566',610,,9168,30,,,0,30,,9169,30,,,0,71,,9170,30,,,0,31,,9171,30,,,0,71,,9172,30,,,0,34,,9173,30,,,0,73,,9174,30,,,0,31,,9175,30,,,0,72,,9176,30,,,0,32,,9177,30,,,0,76,,9178,30,,,0,75,,9179,30,,,0,35,,9180,30,,,0,75,,9181,30,,,0,35,,9182,30,,,0,82,,9183,30,,,0,77,,9184,30,,,0,41,,9185,30,,,0,77,,9186,30,,,0,74,,9187,30,,,0,37,,9188,30,,,0,71,,9189,30,,,0,31,,9190,30,,,0,77,,9191,30,,,0,86,,9192,30,,,0,28,,9193,30,,,0,94,,9194,30,,,0,104,,9195,30,,,0
3301,'5475',2234,,9196,27,,,0,100,,9197,27,,,0,100,,9198,27,,,0,100,,9199,27,,,0,100,,9200,27,,,0,100,,9201,27,,,0
3301,'5527',815,,9206,27,,,0,30,,9220,27,,,0,73,,9202,27,,,0,33,,9204,27,,,0,77,,9209,27,,,0,75,,9203,27,,,0,35,,9222,27,,,0,75,,9205,27,,,0,35,,9208,27,,,0,75,,9216,27,,,0,35,,9207,27,,,0,75,,9219,27,,,0,80,,9211,27,,,0,35,,9210,27,,,0,75,,9217,27,,,0,35,,9214,27,,,0,74,,9221,27,,,0,75,,9213,27,,,0,35,,9215,27,,,0,160,,9212,27,,,0,99,,9218,27,,,0
3301,'5565',846,,9231,27,,,0,105,,9236,27,,,0,151,,9224,27,,,0,35,,9223,27,,,0,75,,9229,27,,,0,35,,9225,27,,,0,76,,9228,27,,,0,35,,9232,27,,,0,75,,9230,27,,,0,80,,9234,27,,,0,35,,9227,27,,,0,75,,9233,27,,,0,35,,9226,27,,,0,74,,9235,27,,,0,110,,9237,27,,,0,159,,9239,27,,,0,99,,9238,27,,,0
3301,'5566',610,,9240,27,,,0,30,,9241,27,,,0,72,,9242,27,,,0,29,,9243,27,,,0,73,,9244,27,,,0,35,,9245,27,,,0,71,,9246,27,,,0,31,,9247,27,,,0,70,,9248,27,,,0,37,,9249,27,,,0,75,,9250,27,,,0,75,,9251,27,,,0,35,,9252,27,,,0,75,,9253,27,,,0,36,,9254,27,,,0,76,,9255,27,,,0,80,,9256,27,,,0,42,,9257,27,,,0,73,,9258,27,,,0,75,,9259,27,,,0,37,,9260,27,,,0,72,,9261,27,,,0,31,,9262,27,,,0,78,,9263,27,,,0,86,,9264,27,,,0,27,,9265,27,,,0,26,,9266,27,,,0,67,,9267,27,,,0
3900,'5566',643,,9376,7,,,0
1003100,'5475',2413,,10237,18,,,0,100,,10238,18,,,0,100,,10239,18,,,0,100,,10240,18,,,0
1003100,'5527',751,,10254,18,,,0,101,,10243,18,,,0,100,,10242,18,,,0,150,,10241,18,,,0,110,,10249,18,,,0,110,,10253,18,,,0,115,,10246,18,,,0,115,,10250,18,,,0,150,,10247,18,,,0,110,,10248,18,,,0,35,,10244,18,,,0,155,,10245,18,,,0,102,,10252,18,,,0,98,,10251,18,,,0
1003100,'5565',750,,10266,18,,,0,102,,10258,18,,,0,102,,10256,18,,,0,148,,10260,18,,,0,110,,10257,18,,,0,110,,10255,18,,,0,115,,10261,18,,,0,115,,10262,18,,,0,150,,10259,18,,,0,140,,10263,18,,,0,160,,10264,18,,,0,103,,10265,18,,,0
1003100,'5566',700,,10267,18,,,0,28,,10268,18,,,0,72,,10269,18,,,0,32,,10270,18,,,0,88,,10271,18,,,0,103,,10272,18,,,0,110,,10273,18,,,0,110,,10274,18,,,0,115,,10275,18,,,0,153,,10276,18,,,0,40,,10277,18,,,0,75,,10278,18,,,0,78,,10279,18,,,0,32,,10280,18,,,0,73,,10281,18,,,0,39,,10282,18,,,0,86,,10283,18,,,0,121,,10284,18,,,0,102,,10285,18,,,0,149,,10286,18,,,0
24003100,'5566',547,,10334,14,,,0,70,,10335,14,,,0,29,,10336,14,,,0,67,,10337,14,,,0
