200,'5475',2306,,8228,32,,,0,30,,8229,32,,,0,70,,8230,32,,,0,30,,8231,32,,,0,70,,8232,32,,,0,30,,8233,32,,,0,70,,8234,32,,,0,30,,8235,32,,,0,70,,8236,32,,,0,30,,8237,32,0,17 10,0
200,'5527',618,,8238,32,,,0,84,,8239,32,,,0,34,,8240,32,,,0,70,,8241,32,,,0,30,,8242,32,,,0,69,,8243,32,,,0,30,,8244,32,,,0,70,,8245,32,,,0,30,,8246,32,,,0,68,,8247,32,,,0,30,,8248,32,,,0,70,,8249,32,,,0,30,,8250,32,,,0,70,,8251,32,,,0,30,,8252,32,,,0,70,,8253,32,,,0,30,,8254,32,,,0,70,,8255,32,,,0,30,,8256,32,,,0,70,,8257,32,,,0,30,,8258,32,,,0,70,,8259,32,,,0,30,,8260,32,,,0,70,,8261,32,,,0,31,,8262,32,,,0,70,,8263,32,,,0,31,,8264,32,,,0,70,,8265,32,,,0,35,,8266,32,,,0,83,,8267,32,,,0,82,,8268,32,,,0,36,,8269,32,,,0
200,'5565',654,,8291,32,,,0,85,,8290,32,,,0,85,,8289,32,,,0,85,,8288,32,,,0,45,,8287,32,,,0,85,,8286,32,,,0,83,,8285,32,,,0,80,,8270,32,,,0,40,,8271,32,,,0,80,,8272,32,,,0,80,,8273,32,,,0,40,,8274,32,,,0,80,,8275,32,,,0,80,,8276,32,,,0,41,,8277,32,,,0,81,,8278,32,,,0,80,,8279,32,,,0,40,,8280,32,,,0,82,,8281,32,,,0,82,,8282,32,,,0,38,,8283,32,,,0,82,,8284,32,,,0
200,'5566',555,,8292,32,,,0,71,,8293,32,,,0,28,,8294,32,,,0,58,,8295,32,,,0,16,,8296,32,,,0,17,,8297,32,,,0,57,,8298,32,,,0,16,,8299,32,,,0,15,,8300,32,,,0,15,,8301,32,,,0,56,,8340,32,,,0,21,,8302,32,,,0,25,,8303,32,,,0,65,,8304,32,,,0,25,,8305,32,,,0,65,,8306,32,,,0,26,,8307,32,,,0,25,,8308,32,,,0,65,,8309,32,,,0,25,,8310,32,,,0,66,,8311,32,,,0,23,,8312,32,,,0,23,,8313,32,,,0,66,,8314,32,,,0,25,,8315,32,,,0,63,,8316,32,,,0,15,,8317,32,,,0,16,,8318,32,,,0,15,,8319,32,,,0,55,,8320,32,,,0,15,,8321,32,,,0,15,,8322,32,,,0,15,,8323,32,,,0,55,,8324,32,,,0,15,,8325,32,,,0,14,,8326,32,,,0,58,,8327,32,,,0,20,,8328,32,,,0,20,,8329,32,,,0,61,,8330,32,,,0,20,,8331,32,,,0,20,,8332,32,,,0,60,,8333,32,,,0,20,,8334,32,,,0,20,,8335,32,,,0,65,,8336,32,,,0,30,,8337,32,,,0,70,,8338,32,,,0,30,,8339,32,,,0
501,'5475',2340,,8730,4,,,0,100,,8731,4,,,0,100,,8732,4,,,0,100,,8733,4,,,0
501,'5527',639,,8757,4,,,0,97,,8758,4,,,0,88,,8736,4,,,0,27,,8737,4,,,0,79,,8734,4,,,0,75,,8735,4,,,0,29,,8738,4,,,0,74,,8739,4,,,0,32,,8740,4,,,0,74,,8741,4,,,0,40,,8742,4,,,0,75,,8743,4,,,0,75,,8744,4,,,0,41,,8745,4,,,0,75,,8746,4,,,0,30,,8747,4,,,0,76,,8748,4,,,0,76,,8749,4,,,0,36,,8750,4,,,0,88,,8751,4,,,0,75,,8752,4,,,0,37,,8754,4,,,0,92,,8755,4,,,0,102,,8756,4,,,0,101,,8753,4,,,0
501,'5565',619,,8760,4,,,0,95,,8759,4,,,0,86,,8773,4,,,0,52,,8761,4,,,0,93,,8762,4,,,0,94,,8763,4,,,0,94,,8764,4,,,0,99,,8765,4,,,0,99,,8767,4,,,0,100,,8768,4,,,0,99,,8769,4,,,0,106,,8766,4,,,0,97,,8770,4,,,0,99,,8771,4,,,0,102,,8772,4,,,0
501,'5566',606,,8774,4,,,0,27,,8775,4,,,0,73,,8776,4,,,0,30,,8777,4,,,0,76,,8778,4,,,0,35,,8779,4,,,0,76,,8780,4,,,0,35,,8781,4,,,0,74,,8782,4,,,0,72,,8783,4,,,0,34,,8784,4,,,0,75,,8785,4,,,0,35,,8786,4,,,0,78,,8787,4,,,0,33,,8788,4,,,0,70,,8789,4,,,0,84,,8790,4,,,0,35,,8791,4,,,0,74,,8792,4,,,0,82,,8793,4,,,0,38,,8794,4,,,0,76,,8795,4,,,0,37,,8796,4,,,0,72,,8797,4,,,0,104,,8798,4,,,0,100,,8799,4,,,0,107,,8800,4,,,0
900,'5527',1649,,8900,4,0,34 2 13 14,0
1201,'5566',702,,8948,4,,,0,41,,8949,4,,,0,84,,8950,4,,,0,77,,8951,4,,,0,114,,8952,4,,,0,117,,8953,4,,,0,165,,8954,4,,,0,128,,8955,4,,,0,173,,8956,4,,,0,41,,8957,4,,,0,85,,8958,4,,,0
2400,'5566',1431,,9054,4,0,15 16 11,0
2600,'5566',1428,,9056,4,0,13 14 11,0
2601,'5566',716,,9057,4,0,13 14 11,0
