300,'5475',2359,,8453,18,,,0,100,,8454,18,,,0,100,,8455,18,,,0,100,,8456,18,,,0
300,'5527',609,,8481,18,,,0,49,,8480,18,,,0,99,,8482,18,,,0,88,,8457,18,,,0,68,,8458,18,,,0,40,,8459,18,,,0,75,,8461,18,,,0,30,,8462,18,,,0,75,,8463,18,,,0,74,,8460,18,,,0,34,,8464,18,,,0,80,,8465,18,,,0,35,,8466,18,,,0,75,,8467,18,,,0,81,,8468,18,,,0,35,,8469,18,,,0,70,,8470,18,,,0,35,,8471,18,,,0,76,,8472,18,,,0,75,,8473,18,,,0,47,,8474,18,,,0,75,,8475,18,,,0,76,,8476,18,,,0,50,,8477,18,,,0,101,,8478,18,,,0,101,,8479,18,,,0
300,'5565',638,,8483,18,,,0,95,,8484,18,,,0,88,,8497,18,,,0,93,,8486,18,,,0,94,,8487,18,,,0,95,,8488,18,,,0,55,,8485,18,,,0,99,,8489,18,,,0,100,,8490,18,,,0,100,,8491,18,,,0,100,,8492,18,,,0,145,,8493,18,,,0,56,,8494,18,,,0,97,,8495,18,,,0,102,,8496,18,,,0
300,'5566',556,,8498,18,,,0,70,,8499,18,,,0,30,,8500,18,,,0,73,,8501,18,,,0,74,,8502,18,,,0,35,,8503,18,,,0,75,,8504,18,,,0,35,,8505,18,,,0,75,,8506,18,,,0,35,,8507,18,,,0,74,,8508,18,,,0,74,,8509,18,,,0,35,,8510,18,,,0,75,,8511,18,,,0,39,,8512,18,,,0,75,,8513,18,,,0,73,,8514,18,,,0,40,,8515,18,,,0,74,,8516,18,,,0,35,,8517,18,,,0,80,,8518,18,,,0,76,,8519,18,,,0,36,,8520,18,,,0,75,,8521,18,,,0,31,,8522,18,,,0,102,,8523,18,,,0,100,,8524,18,,,0,105,,8525,18,,,0
301,'5475',2345,,8530,13,,,0,100,,8526,30,,,0,100,,8527,30,,,0,100,,8528,30,,,0
301,'5527',604,,8556,30,,,0,53,,8555,30,,,0,91,,8554,30,,,0,102,,8557,30,,,0,92,,8531,30,,,0,70,,8532,30,,,0,41,,8533,30,,,0,77,,8534,30,,,0,70,,8535,30,,,0,35,,8536,30,,,0,75,,8537,30,,,0,36,,8538,30,,,0,80,,8539,30,,,0,75,,8540,30,,,0,35,,8541,30,,,0,79,,8542,30,,,0,34,,8543,30,,,0,70,,8544,30,,,0,35,,8545,30,,,0,75,,8546,30,,,0,74,,8547,30,,,0,44,,8548,30,,,0,74,,8549,30,,,0,35,,8550,30,,,0,88,,8551,30,,,0,99,,8552,30,,,0
301,'5565',626,,8561,30,,,0,101,,8562,30,,,0,95,,8564,30,,,0,90,,8573,30,,,0,100,,8559,30,,,0,95,,8565,30,,,0,97,,8566,30,,,0,96,,8563,30,,,0,100,,8567,30,,,0,100,,8568,30,,,0,101,,8569,30,,,0,58,,8570,30,,,0,145,,8571,30,,,0,55,,8572,30,,,0,92,,8558,30,,,0
301,'5566',600,,8574,30,,,0,43,,8575,30,,,0,77,,8576,30,,,0,33,,8577,30,,,0,75,,8578,30,,,0,75,,8579,30,,,0,35,,8580,30,,,0,75,,8581,30,,,0,35,,8582,30,,,0,76,,8583,30,,,0,77,,8584,30,,,0,35,,8585,30,,,0,75,,8586,30,,,0,36,,8587,30,,,0,75,,8588,30,,,0,81,,8589,30,,,0,35,,8590,30,,,0,75,,8591,30,,,0,40,,8592,30,,,0,73,,8593,30,,,0,33,,8594,30,,,0,74,,8595,30,,,0,74,,8596,30,,,0,33,,8597,30,,,0,75,,8598,30,,,0,30,,8599,30,,,0,99,,8600,30,,,0,98,,8601,30,,,0
601,'5475',2426,,8801,3,0,58,0,100,,8802,3,0,58,0,100,,8803,3,0,58,0
601,'5527',551,,8806,3,0,58,0,95,,8807,3,0,58,0,100,,8805,3,0,58,0,100,,8808,3,0,58,0,102,,8809,3,0,58,0,94,,8810,3,0,58,0,100,,8811,3,0,58,0,100,,8812,3,0,58,0,100,,8813,3,0,58,0,100,,8814,3,0,58,0,100,,8815,3,0,58,0,100,,8816,3,0,58,0,105,,8817,3,0,58,0,104,,8818,3,0,58,0,95,,8819,3,0,58,0,110,,8820,3,0,58,0,155,,8821,3,0,58,0,110,,8804,3,0,58,0
601,'5565',546,,8822,3,0,58,0,110,,8823,3,0,58,0,145,,8824,3,0,58,0,110,,8825,3,0,58,0,40,,8827,3,0,58,0,100,,8828,3,0,58,0,90,,8829,3,0,58,0,100,,8826,3,0,58,0,100,,8830,3,0,58,0,100,,8831,3,0,58,0,100,,8832,3,0,58,0,100,,8833,3,0,58,0,105,,8834,3,0,58,0,160,,8835,3,0,58,0,110,,8836,3,0,58,0
601,'5566',546,,8837,3,0,58,0,77,,8838,3,0,58,0,77,,8839,3,0,58,0,37,,8840,3,0,58,0,85,,8841,3,0,58,0,80,,8842,3,0,58,0,35,,8843,3,0,58,0,115,,8844,3,0,58,0,160,,8845,3,0,58,0,125,,8846,3,0,58,0,83,,8847,3,0,58,0,88,,8848,3,0,58,0,47,,8849,3,0,58,0,82,,8850,3,0,58,0,82,,8851,3,0,58,0,83,,8852,3,0,58,0,42,,8853,3,0,58,0,102,,8854,3,0,58,0,110,,8855,3,0,58,0,155,,8856,3,0,58,0,110,,8857,3,0,58,0
2401,'5566',737,,9055,3,0,15 16 11,0
3100,'5527',903,,9061,3,,,0,105,,9065,3,,,0,110,,9059,3,,,0,109,,9058,3,,,0,110,,9060,3,,,0,115,,9062,3,,,0,156,,9064,3,,,0,110,,9063,3,,,0
3100,'5565',1008,,9072,3,,,0,110,,9066,3,,,0,109,,9067,3,,,0,110,,9068,3,,,0,115,,9069,3,,,0,156,,9071,3,,,0,110,,9070,3,,,0
3100,'5566',725,,9073,3,,,0,32,,9074,3,,,0,72,,9075,3,,,0,103,,9076,3,,,0,106,,9077,3,,,0,110,,9078,3,,,0,110,,9079,3,,,0,154,,9080,3,,,0,96,,9081,3,,,0,37,,9082,3,,,0,77,,9083,3,,,0,35,,9084,3,,,0,75,,9085,3,,,0,75,,9086,3,,,0
1003100,'5475',2354,,10237,3,,,0,100,,10238,3,,,0,100,,10239,3,,,0,100,,10240,3,,,0
1003100,'5527',731,,10254,3,,,0,100,,10243,3,,,0,99,,10242,3,,,0,110,,10241,3,,,0,110,,10249,3,,,0,150,,10253,3,,,0,115,,10246,3,,,0,114,,10250,3,,,0,111,,10247,3,,,0,110,,10248,3,,,0,75,,10244,3,,,0,115,,10245,3,,,0,103,,10252,3,,,0,98,,10251,3,,,0
1003100,'5565',729,,10266,3,,,0,101,,10258,3,,,0,102,,10256,3,,,0,108,,10260,3,,,0,110,,10257,3,,,0,150,,10255,3,,,0,115,,10261,3,,,0,114,,10262,3,,,0,111,,10259,3,,,0,180,,10263,3,,,0,120,,10264,3,,,0,104,,10265,3,,,0
1003100,'5566',638,,10267,3,,,0,68,,10268,3,,,0,30,,10269,3,,,0,71,,10270,3,,,0,50,,10271,3,,,0,144,,10272,3,,,0,109,,10273,3,,,0,110,,10274,3,,,0,115,,10275,3,,,0,109,,10276,3,,,0,81,,10277,3,,,0,75,,10278,3,,,0,37,,10279,3,,,0,75,,10280,3,,,0,33,,10281,3,,,0,80,,10282,3,,,0,86,,10283,3,,,0,122,,10284,3,,,0,104,,10285,3,,,0,110,,10286,3,,,0
24003100,'5566',532,,10334,3,,,0,68,,10335,3,,,0,29,,10336,3,,,0,27,,10337,3,,,0
