3101,'5527',755,,9090,1,,,0,103,,9089,1,,,0,142,,9087,1,,,0,110,,9094,1,,,0,110,,9095,1,,,0,110,,9088,1,,,0,115,,9093,1,,,0,155,,9091,1,,,0,110,,9092,1,,,0,110,,9096,1,,,0
3101,'5565',755,,9103,1,,,0,247,,9100,1,,,0,218,,9097,1,,,0,110,,9101,1,,,0,115,,9099,1,,,0,155,,9102,1,,,0,110,,9098,1,,,0
3101,'5566',620,,9104,1,,,0,85,,9105,1,,,0,29,,9106,1,,,0,72,,9107,1,,,0,34,,9108,1,,,0,87,,9109,1,,,0,103,,9110,1,,,0,110,,9111,1,,,0,110,,9112,1,,,0,155,,9113,1,,,0,114,,9114,1,,,0,81,,9115,1,,,0,35,,9116,1,,,0,77,,9117,1,,,0,34,,9118,1,,,0,71,,9119,1,,,0,18,,9120,1,,,0
3201,'5475',2320,,9121,1,0,5 49,0,100,,9122,1,0,5 49,0,100,,9123,1,0,5 49,0,100,,9124,1,0,5 49,0,100,,9125,1,0,5 49,0
3201,'5527',755,,9137,1,0,5 49,0,70,,9128,1,0,5 49,0,33,,9148,1,0,5 49,0,72,,9126,1,0,5 49,0,70,,9129,1,0,5 49,0,35,,9134,1,0,5 49,0,75,,9127,1,0,5 49,0,35,,9146,1,0,5 49,0,75,,9131,1,0,5 49,0,35,,9130,1,0,5 49,0,75,,9135,1,0,5 49,0,75,,9132,1,0,5 49,0,40,,9147,1,0,5 49,0,75,,9136,1,0,5 49,0,80,,9133,1,0,5 49,0,35,,9142,1,0,5 49,0,75,,9138,1,0,5 49,0,35,,9149,1,0,5 49,0,75,,9139,1,0,5 49,0,35,,9141,1,0,5 49,0,85,,9140,1,0,5 49,0,70,,9144,1,0,5 49,0,30,,9143,1,0,5 49,0,170,,9145,1,0,5 49,0
3201,'5565',755,,9164,1,0,5 49,0,103,,9163,1,0,5 49,0,144,,9158,1,0,5 49,0,33,,9165,1,0,5 49,0,75,,9152,1,0,5 49,0,35,,9151,1,0,5 49,0,75,,9159,1,0,5 49,0,35,,9150,1,0,5 49,0,75,,9160,1,0,5 49,0,75,,9155,1,0,5 49,0,40,,9161,1,0,5 49,0,75,,9156,1,0,5 49,0,80,,9157,1,0,5 49,0,35,,9154,1,0,5 49,0,75,,9162,1,0,5 49,0,35,,9153,1,0,5 49,0,110,,9166,1,0,5 49,0,155,,9167,1,0,5 49,0
3201,'5566',550,,9168,1,0,5 49,0,70,,9169,1,0,5 49,0,30,,9170,1,0,5 49,0,68,,9171,1,0,5 49,0,31,,9172,1,0,5 49,0,74,,9173,1,0,5 49,0,33,,9174,1,0,5 49,0,71,,9175,1,0,5 49,0,31,,9176,1,0,5 49,0,72,,9177,1,0,5 49,0,75,,9178,1,0,5 49,0,35,,9179,1,0,5 49,0,75,,9180,1,0,5 49,0,35,,9181,1,0,5 49,0,75,,9182,1,0,5 49,0,80,,9183,1,0,5 49,0,37,,9184,1,0,5 49,0,78,,9185,1,0,5 49,0,80,,9186,1,0,5 49,0,35,,9187,1,0,5 49,0,77,,9188,1,0,5 49,0,33,,9189,1,0,5 49,0,72,,9190,1,0,5 49,0,38,,9191,1,0,5 49,0,86,,9192,1,0,5 49,0,70,,9193,1,0,5 49,0,94,,9194,1,0,5 49,0,105,,9195,1,0,5 49,0
1003101,'5475',2250,,10287,1,,,0,100,,10288,1,,,0,100,,10289,1,,,0,100,,10290,1,,,0,100,,10291,1,,,0
1003101,'5527',825,,10297,1,,,0,105,,10303,1,,,0,105,,10292,1,,,0,110,,10293,1,,,0,110,,10294,1,,,0,150,,10296,1,,,0,115,,10301,1,,,0,115,,10299,1,,,0,110,,10298,1,,,0,110,,10295,1,,,0,155,,10300,1,,,0,100,,10302,1,,,0
1003101,'5565',858,,10311,1,,,0,252,,10310,1,,,0,35,,10304,1,,,0,110,,10306,1,,,0,150,,10307,1,,,0,115,,10308,1,,,0,115,,10309,1,,,0,110,,10305,1,,,0,110,,10312,1,,,0,155,,10313,1,,,0,100,,10314,1,,,0
1003101,'5566',650,,10315,1,,,0,68,,10316,1,,,0,31,,10317,1,,,0,74,,10318,1,,,0,33,,10319,1,,,0,102,,10320,1,,,0,147,,10321,1,,,0,110,,10322,1,,,0,110,,10323,1,,,0,115,,10324,1,,,0,100,,10325,1,,,0,77,,10326,1,,,0,37,,10327,1,,,0,75,,10328,1,,,0,72,,10329,1,,,0,51,,10330,1,,,0,90,,10331,1,,,0,163,,10332,1,,,0,110,,10333,1,,,0
