201,'5475',2307,,8341,20,,,0,30,,8342,20,,,0,70,,8343,20,,,0,30,,8344,20,,,0,70,,8345,20,,,0,30,,8346,20,,,0,70,,8347,20,,,0,30,,8348,20,,,0,70,,8349,20,,,0
201,'5527',644,,8350,20,,,0,85,,8351,20,,,0,78,,8352,20,,,0,30,,8353,20,,,0,70,,8354,20,,,0,31,,8355,20,,,0,70,,8356,20,,,0,30,,8357,20,,,0,70,,8358,20,,,0,32,,8359,20,,,0,70,,8360,20,,,0,31,,8361,20,,,0,70,,8362,20,,,0,30,,8363,20,,,0,71,,8364,20,,,0,30,,8365,20,,,0,70,,8366,20,,,0,30,,8367,20,,,0,70,,8368,20,,,0,30,,8369,20,,,0,69,,8370,20,,,0,30,,8371,20,,,0,70,,8372,20,,,0,30,,8373,20,,,0,69,,8374,20,,,0,28,,8375,20,,,0,69,,8376,20,,,0,30,,8377,20,,,0,75,,8378,20,,,0,40,,8379,20,,,0,80,,8380,20,,,0
201,'5565',644,,8381,20,,,0,85,,8382,20,,,0,85,,8383,20,,,0,45,,8384,20,,,0,85,,8385,20,,,0,85,,8386,20,,,0,85,,8387,20,,,0,45,,8388,20,,,0,81,,8389,20,,,0,80,,8390,20,,,0,80,,8391,20,,,0,40,,8392,20,,,0,80,,8393,20,,,0,80,,8394,20,,,0,40,,8395,20,,,0,80,,8396,20,,,0,80,,8397,20,,,0,40,,8398,20,,,0,80,,8399,20,,,0,80,,8400,20,,,0,38,,8401,20,,,0,92,,8402,20,,,0
201,'5566',512,,8404,20,,,0,46,,8405,20,,,0,65,,8406,20,,,0,35,,8407,20,,,0,58,,8408,20,,,0,17,,8409,20,,,0,15,,8410,20,,,0,55,,8411,20,,,0,17,,8412,20,,,0,20,,8413,20,,,0,65,,8414,20,,,0,30,,8415,20,,,0,68,,8416,20,,,0,27,,8417,20,,,0,25,,8418,20,,,0,65,,8419,20,,,0,25,,8420,20,,,0,65,,8421,20,,,0,26,,8422,20,,,0,65,,8423,20,,,0,25,,8424,20,,,0,25,,8425,20,,,0,65,,8426,20,,,0,25,,8427,20,,,0,10,,8403,20,4,,0,5,,8428,20,,,0,55,,8429,20,,,0,15,,8430,20,,,0,15,,8431,20,,,0,15,,8432,20,,,0,55,,8433,20,,,0,15,,8434,20,,,0,15,,8435,20,,,0,15,,8436,20,,,0,55,,8437,20,,,0,15,,8438,20,,,0,15,,8439,20,,,0,15,,8440,20,,,0,60,,8441,20,,,0,20,,8442,20,,,0,20,,8443,20,,,0,60,,8444,20,,,0,20,,8445,20,,,0,20,,8446,20,,,0,60,,8447,20,,,0,25,,8448,20,,,0,70,,8449,20,,,0,28,,8450,20,,,0,69,,8451,20,,,0,29,,8452,20,,,0
301,'5475',2344,,8530,11,,,0,100,,8526,28,,,0,100,,8527,28,,,0,100,,8528,28,,,0
301,'5527',603,,8556,28,,,0,53,,8555,28,,,0,91,,8554,28,,,0,101,,8557,28,,,0,92,,8531,28,,,0,70,,8532,28,,,0,41,,8533,28,,,0,77,,8534,28,,,0,30,,8535,28,,,0,75,,8536,28,,,0,75,,8537,28,,,0,36,,8538,28,,,0,80,,8539,28,,,0,35,,8540,28,,,0,75,,8541,28,,,0,79,,8542,28,,,0,34,,8543,28,,,0,70,,8544,28,,,0,35,,8545,28,,,0,75,,8546,28,,,0,74,,8547,28,,,0,44,,8548,28,,,0,74,,8549,28,,,0,35,,8550,28,,,0,88,,8551,28,,,0,100,,8552,28,,,0
301,'5565',625,,8561,28,,,0,101,,8562,28,,,0,95,,8564,28,,,0,90,,8573,28,,,0,99,,8559,28,,,0,95,,8565,28,,,0,97,,8566,28,,,0,56,,8563,28,,,0,100,,8567,28,,,0,100,,8568,28,,,0,101,,8569,28,,,0,98,,8570,28,,,0,145,,8571,28,,,0,55,,8572,28,,,0,92,,8558,28,,,0
301,'5566',559,,8574,28,,,0,83,,8575,28,,,0,76,,8576,28,,,0,33,,8577,28,,,0,75,,8578,28,,,0,75,,8579,28,,,0,35,,8580,28,,,0,75,,8581,28,,,0,35,,8582,28,,,0,76,,8583,28,,,0,37,,8584,28,,,0,75,,8585,28,,,0,75,,8586,28,,,0,36,,8587,28,,,0,75,,8588,28,,,0,81,,8589,28,,,0,35,,8590,28,,,0,75,,8591,28,,,0,40,,8592,28,,,0,73,,8593,28,,,0,33,,8594,28,,,0,74,,8595,28,,,0,74,,8596,28,,,0,33,,8597,28,,,0,75,,8598,28,,,0,30,,8599,28,,,0,100,,8600,28,,,0,98,,8601,28,,,0
601,'5475',2425,,8801,1,0,58,0,100,,8802,1,0,58,0,100,,8803,1,0,58,0
601,'5527',550,,8806,1,0,58,0,95,,8807,1,0,58,0,100,,8805,1,0,58,0,100,,8808,1,0,58,0,102,,8809,1,0,58,0,93,,8810,1,0,58,0,100,,8811,1,0,58,0,100,,8812,1,0,58,0,100,,8813,1,0,58,0,100,,8814,1,0,58,0,100,,8815,1,0,58,0,100,,8816,1,0,58,0,105,,8817,1,0,58,0,105,,8818,1,0,58,0,95,,8819,1,0,58,0,110,,8820,1,0,58,0,155,,8821,1,0,58,0,110,,8804,1,0,58,0
601,'5565',545,,8822,1,0,58,0,110,,8823,1,0,58,0,145,,8824,1,0,58,0,110,,8825,1,0,58,0,40,,8827,1,0,58,0,100,,8828,1,0,58,0,90,,8829,1,0,58,0,100,,8826,1,0,58,0,100,,8830,1,0,58,0,100,,8831,1,0,58,0,100,,8832,1,0,58,0,100,,8833,1,0,58,0,105,,8834,1,0,58,0,160,,8835,1,0,58,0,110,,8836,1,0,58,0
601,'5566',545,,8837,1,0,58,0,77,,8838,1,0,58,0,37,,8839,1,0,58,0,76,,8840,1,0,58,0,85,,8841,1,0,58,0,80,,8842,1,0,58,0,35,,8843,1,0,58,0,115,,8844,1,0,58,0,160,,8845,1,0,58,0,125,,8846,1,0,58,0,83,,8847,1,0,58,0,88,,8848,1,0,58,0,47,,8849,1,0,58,0,82,,8850,1,0,58,0,82,,8851,1,0,58,0,83,,8852,1,0,58,0,43,,8853,1,0,58,0,102,,8854,1,0,58,0,110,,8855,1,0,58,0,155,,8856,1,0,58,0,110,,8857,1,0,58,0
2400,'5566',1430,,9054,1,0,15 16 11,0
2401,'5566',735,,9055,1,0,15 16 11,0
