301,'5475',2430,,8526,8,,,0,100,,8527,8,,,0,100,,8528,8,,,0,100,,8529,8,0,17 10,0
301,'5527',548,,8556,8,,,0,93,,8555,8,,,0,90,,8554,8,,,0,100,,8557,8,,,0,91,,8531,8,,,0,30,,8532,8,,,0,80,,8533,8,,,0,76,,8534,8,,,0,30,,8535,8,,,0,75,,8536,8,,,0,35,,8537,8,,,0,76,,8538,8,,,0,80,,8539,8,,,0,35,,8540,8,,,0,75,,8541,8,,,0,39,,8542,8,,,0,75,,8543,8,,,0,30,,8544,8,,,0,75,,8545,8,,,0,75,,8546,8,,,0,34,,8547,8,,,0,85,,8548,8,,,0,75,,8549,8,,,0,35,,8550,8,,,0,89,,8551,8,,,0,100,,8552,8,,,0,99,,8553,8,0,17 10,0
301,'5565',609,,8561,8,,,0,101,,8562,8,,,0,95,,8564,8,,,0,50,,8573,8,,,0,97,,8559,8,,,0,95,,8565,8,,,0,96,,8566,8,,,0,95,,8563,8,,,0,100,,8567,8,,,0,100,,8568,8,,,0,101,,8569,8,,,0,99,,8570,8,,,0,105,,8571,8,,,0,95,,8572,8,,,0,94,,8558,8,,,0,100,,8560,8,0,17 10,0
301,'5566',546,,8574,8,,,0,80,,8575,8,,,0,75,,8576,8,,,0,31,,8577,8,,,0,75,,8578,8,,,0,35,,8579,8,,,0,75,,8580,8,,,0,35,,8581,8,,,0,75,,8582,8,,,0,75,,8583,8,,,0,37,,8584,8,,,0,75,,8585,8,,,0,35,,8586,8,,,0,75,,8587,8,,,0,35,,8588,8,,,0,80,,8589,8,,,0,75,,8590,8,,,0,35,,8591,8,,,0,80,,8592,8,,,0,75,,8593,8,,,0,34,,8594,8,,,0,74,,8595,8,,,0,34,,8596,8,,,0,75,,8597,8,,,0,35,,8598,8,,,0,70,,8599,8,,,0,100,,8600,8,,,0,100,,8601,8,,,0,99,,8602,8,0,17 10,0
700,'5527',553,,8858,48,,,0,100,,8859,48,,,0,203,,8860,48,,,0,202,,8861,48,,,0,200,,8862,48,,,0,201,,8863,40,,,0,200,,8864,48,,,0,199,,8865,40,,,0,199,,8866,48,,,0,265,,8867,40,,,0
700,'5565',552,,8875,40,,,0,100,,8869,40,,,0,202,,8868,40,,,0,202,,8870,40,,,0,201,,8871,40,,,0,201,,8872,40,,,0,200,,8873,40,,,0,198,,8874,40,,,0
700,'5566',642,,8876,40,,,0,216,,8877,40,,,0,200,,8878,40,,,0,200,,8879,40,,,0,242,,8880,40,,,0,159,,8881,40,,,0,197,,8882,40,,,0,199,,8883,40,,,0,267,,8884,40,,,0
1000700,'5475',2354,,10205,44,0,17 10,0,100,,10206,44,0,17 10,0,100,,10207,44,0,17 10,0,100,,10208,44,0,17 10,0
1000700,'5527',755,,10209,52,0,17 10,0,245,,10210,52,,,0,200,,10211,52,0,17 10,0,200,,10212,52,0,17 10,0,201,,10213,44,,,0,199,,10214,52,0,17 10,0,158,,10215,52,0,17 10,0,198,,10216,52,,,0
1000700,'5565',758,,10218,44,0,17 10,0,200,,10217,44,0,17 10,0,201,,10219,44,0,17 10,0,200,,10221,44,0,17 10,0,241,,10220,44,0,17 10,0,159,,10222,44,0,17 10,0,198,,10223,44,0,17 10,0
1000700,'5566',800,,10224,44,0,17 10,0,15,,10225,44,0,17 10,0,185,,10226,44,0,17 10,0,200,,10227,44,0,17 10,0,159,,10228,44,0,17 10,0,243,,10229,44,0,17 10,0,29,,10230,44,0,17 10,0,170,,10231,44,0,17 10,0,157,,10232,44,0,17 10,0,198,,10233,44,0,17 10,0
