3100,'5527',919,,9061,14,,,0,105,,9065,14,,,0,110,,9059,14,,,0,110,,9058,14,,,0,110,,9060,14,,,0,155,,9062,14,,,0,115,,9064,14,,,0,110,,9063,14,,,0
3100,'5565',1024,,9072,14,,,0,110,,9066,14,,,0,110,,9067,14,,,0,110,,9068,14,,,0,155,,9069,14,,,0,115,,9071,14,,,0,110,,9070,14,,,0
3100,'5566',740,,9073,14,,,0,73,,9074,14,,,0,32,,9075,14,,,0,103,,9076,14,,,0,107,,9077,14,,,0,150,,9078,14,,,0,110,,9079,14,,,0,115,,9080,14,,,0,97,,9081,14,,,0,76,,9082,14,,,0,37,,9083,14,,,0,75,,9084,14,,,0,34,,9085,14,,,0,75,,9086,14,,,0
3101,'5527',802,,9090,6,,,0,104,,9089,6,,,0,102,,9087,6,,,0,111,,9094,6,,,0,110,,9095,6,,,0,110,,9088,6,,,0,115,,9093,6,,,0,155,,9091,6,,,0,110,,9092,6,,,0,109,,9096,6,,,0
3101,'5565',802,,9103,6,,,0,208,,9100,6,,,0,218,,9097,6,,,0,110,,9101,6,,,0,115,,9099,6,,,0,155,,9102,6,,,0,110,,9098,6,,,0
3101,'5566',627,,9104,6,,,0,85,,9105,6,,,0,29,,9106,6,,,0,72,,9107,6,,,0,35,,9108,6,,,0,87,,9109,6,,,0,104,,9110,6,,,0,110,,9111,6,,,0,110,,9112,6,,,0,155,,9113,6,,,0,115,,9114,6,,,0,80,,9115,6,,,0,35,,9116,6,,,0,77,,9117,6,,,0,34,,9118,6,,,0,70,,9119,6,,,0,18,,9120,6,,,0
3900,'5527',854,,9353,4,0,7 8,0,160,,9354,4,0,7 8,0,106,,9352,4,0,7 8,0,136,,9355,4,0,7 8,0,150,,9357,4,0,7 8,0,130,,9356,4,0,7 8,0,104,,9359,4,0,7 8,0,114,,9358,4,0,7 8,0
3900,'5565',853,,9363,4,0,7 8,0,160,,9366,4,0,7 8,0,107,,9361,4,0,7 8,0,135,,9360,4,0,7 8,0,150,,9364,4,0,7 8,0,130,,9362,4,0,7 8,0,104,,9367,4,0,7 8,0,115,,9365,4,0,7 8,0
3900,'5566',859,,9372,4,0,7 8,0,147,,9373,4,0,7 8,0,109,,9374,4,0,7 8,0,185,,9375,4,0,7 8,0,120,,9370,4,0,7 8,0,190,,9371,4,0,7 8,0,110,,9368,4,0,7 8,0,129,,9369,4,0,7 8,0
1003100,'5475',2410,,10237,17,,,0,100,,10238,17,,,0,100,,10239,17,,,0,100,,10240,17,,,0
1003100,'5527',748,,10254,17,,,0,101,,10243,17,,,0,100,,10242,17,,,0,110,,10241,17,,,0,150,,10249,17,,,0,110,,10253,17,,,0,115,,10246,17,,,0,115,,10250,17,,,0,110,,10247,17,,,0,150,,10248,17,,,0,35,,10244,17,,,0,115,,10245,17,,,0,142,,10252,17,,,0,58,,10251,17,,,0
1003100,'5565',747,,10266,17,,,0,102,,10258,17,,,0,102,,10256,17,,,0,108,,10260,17,,,0,150,,10257,17,,,0,110,,10255,17,,,0,115,,10261,17,,,0,115,,10262,17,,,0,110,,10259,17,,,0,180,,10263,17,,,0,120,,10264,17,,,0,143,,10265,17,,,0
1003100,'5566',657,,10267,17,,,0,68,,10268,17,,,0,32,,10269,17,,,0,72,,10270,17,,,0,88,,10271,17,,,0,103,,10272,17,,,0,110,,10273,17,,,0,110,,10274,17,,,0,115,,10275,17,,,0,152,,10276,17,,,0,39,,10277,17,,,0,75,,10278,17,,,0,38,,10279,17,,,0,73,,10280,17,,,0,73,,10281,17,,,0,39,,10282,17,,,0,86,,10283,17,,,0,122,,10284,17,,,0,102,,10285,17,,,0,149,,10286,17,,,0
1003101,'5475',2257,,10287,6,,,0,100,,10288,6,,,0,100,,10289,6,,,0,100,,10290,6,,,0,100,,10291,6,,,0
1003101,'5527',833,,10297,6,,,0,105,,10303,6,,,0,105,,10292,6,,,0,111,,10293,6,,,0,150,,10294,6,,,0,111,,10296,6,,,0,114,,10301,6,,,0,115,,10299,6,,,0,109,,10298,6,,,0,150,,10295,6,,,0,114,,10300,6,,,0,100,,10302,6,,,0
1003101,'5565',905,,10311,6,,,0,213,,10310,6,,,0,35,,10304,6,,,0,150,,10306,6,,,0,110,,10307,6,,,0,115,,10308,6,,,0,115,,10309,6,,,0,110,,10305,6,,,0,150,,10312,6,,,0,114,,10313,6,,,0,100,,10314,6,,,0
1003101,'5566',657,,10315,6,,,0,68,,10316,6,,,0,31,,10317,6,,,0,75,,10318,6,,,0,73,,10319,6,,,0,103,,10320,6,,,0,107,,10321,6,,,0,110,,10322,6,,,0,110,,10323,6,,,0,115,,10324,6,,,0,100,,10325,6,,,0,77,,10326,6,,,0,77,,10327,6,,,0,35,,10328,6,,,0,71,,10329,6,,,0,91,,10330,6,,,0,50,,10331,6,,,0,163,,10332,6,,,0,109,,10333,6,,,0
