300,'5475',2358,,8453,17,,,0,100,,8454,17,,,0,100,,8455,17,,,0,100,,8456,17,,,0
300,'5527',608,,8481,17,,,0,49,,8480,17,,,0,99,,8482,17,,,0,89,,8457,17,,,0,68,,8458,17,,,0,40,,8459,17,,,0,75,,8461,17,,,0,30,,8462,17,,,0,74,,8463,17,,,0,74,,8460,17,,,0,34,,8464,17,,,0,80,,8465,17,,,0,35,,8466,17,,,0,75,,8467,17,,,0,81,,8468,17,,,0,35,,8469,17,,,0,70,,8470,17,,,0,35,,8471,17,,,0,76,,8472,17,,,0,76,,8473,17,,,0,47,,8474,17,,,0,75,,8475,17,,,0,76,,8476,17,,,0,50,,8477,17,,,0,101,,8478,17,,,0,100,,8479,17,,,0
300,'5565',637,,8483,17,,,0,95,,8484,17,,,0,88,,8497,17,,,0,94,,8486,17,,,0,94,,8487,17,,,0,95,,8488,17,,,0,55,,8485,17,,,0,99,,8489,17,,,0,100,,8490,17,,,0,100,,8491,17,,,0,100,,8492,17,,,0,145,,8493,17,,,0,56,,8494,17,,,0,97,,8495,17,,,0,102,,8496,17,,,0
300,'5566',555,,8498,17,,,0,71,,8499,17,,,0,30,,8500,17,,,0,73,,8501,17,,,0,73,,8502,17,,,0,35,,8503,17,,,0,75,,8504,17,,,0,35,,8505,17,,,0,75,,8506,17,,,0,35,,8507,17,,,0,74,,8508,17,,,0,74,,8509,17,,,0,35,,8510,17,,,0,75,,8511,17,,,0,39,,8512,17,,,0,75,,8513,17,,,0,73,,8514,17,,,0,40,,8515,17,,,0,74,,8516,17,,,0,35,,8517,17,,,0,80,,8518,17,,,0,76,,8519,17,,,0,36,,8520,17,,,0,76,,8521,17,,,0,31,,8522,17,,,0,102,,8523,17,,,0,100,,8524,17,,,0,104,,8525,17,,,0
301,'5475',2345,,8530,12,,,0,100,,8526,29,,,0,100,,8527,29,,,0,100,,8528,29,,,0
301,'5527',604,,8556,29,,,0,53,,8555,29,,,0,91,,8554,29,,,0,101,,8557,29,,,0,92,,8531,29,,,0,70,,8532,29,,,0,41,,8533,29,,,0,77,,8534,29,,,0,30,,8535,29,,,0,75,,8536,29,,,0,75,,8537,29,,,0,36,,8538,29,,,0,80,,8539,29,,,0,75,,8540,29,,,0,35,,8541,29,,,0,79,,8542,29,,,0,34,,8543,29,,,0,70,,8544,29,,,0,35,,8545,29,,,0,75,,8546,29,,,0,74,,8547,29,,,0,44,,8548,29,,,0,74,,8549,29,,,0,35,,8550,29,,,0,88,,8551,29,,,0,100,,8552,29,,,0
301,'5565',626,,8561,29,,,0,101,,8562,29,,,0,95,,8564,29,,,0,90,,8573,29,,,0,99,,8559,29,,,0,95,,8565,29,,,0,97,,8566,29,,,0,56,,8563,29,,,0,100,,8567,29,,,0,100,,8568,29,,,0,141,,8569,29,,,0,58,,8570,29,,,0,145,,8571,29,,,0,55,,8572,29,,,0,92,,8558,29,,,0
301,'5566',600,,8574,29,,,0,43,,8575,29,,,0,76,,8576,29,,,0,33,,8577,29,,,0,75,,8578,29,,,0,75,,8579,29,,,0,35,,8580,29,,,0,75,,8581,29,,,0,35,,8582,29,,,0,76,,8583,29,,,0,77,,8584,29,,,0,35,,8585,29,,,0,75,,8586,29,,,0,36,,8587,29,,,0,76,,8588,29,,,0,81,,8589,29,,,0,34,,8590,29,,,0,75,,8591,29,,,0,41,,8592,29,,,0,72,,8593,29,,,0,33,,8594,29,,,0,74,,8595,29,,,0,74,,8596,29,,,0,33,,8597,29,,,0,75,,8598,29,,,0,30,,8599,29,,,0,100,,8600,29,,,0,98,,8601,29,,,0
601,'5475',2426,,8801,2,0,58,0,100,,8802,2,0,58,0,100,,8803,2,0,58,0
601,'5527',551,,8806,2,0,58,0,95,,8807,2,0,58,0,100,,8805,2,0,58,0,100,,8808,2,0,58,0,102,,8809,2,0,58,0,93,,8810,2,0,58,0,100,,8811,2,0,58,0,100,,8812,2,0,58,0,100,,8813,2,0,58,0,100,,8814,2,0,58,0,100,,8815,2,0,58,0,100,,8816,2,0,58,0,105,,8817,2,0,58,0,105,,8818,2,0,58,0,95,,8819,2,0,58,0,110,,8820,2,0,58,0,155,,8821,2,0,58,0,110,,8804,2,0,58,0
601,'5565',546,,8822,2,0,58,0,110,,8823,2,0,58,0,145,,8824,2,0,58,0,110,,8825,2,0,58,0,40,,8827,2,0,58,0,100,,8828,2,0,58,0,90,,8829,2,0,58,0,100,,8826,2,0,58,0,100,,8830,2,0,58,0,100,,8831,2,0,58,0,100,,8832,2,0,58,0,100,,8833,2,0,58,0,105,,8834,2,0,58,0,160,,8835,2,0,58,0,110,,8836,2,0,58,0
601,'5566',546,,8837,2,0,58,0,77,,8838,2,0,58,0,77,,8839,2,0,58,0,36,,8840,2,0,58,0,85,,8841,2,0,58,0,80,,8842,2,0,58,0,35,,8843,2,0,58,0,115,,8844,2,0,58,0,160,,8845,2,0,58,0,125,,8846,2,0,58,0,83,,8847,2,0,58,0,88,,8848,2,0,58,0,47,,8849,2,0,58,0,82,,8850,2,0,58,0,82,,8851,2,0,58,0,83,,8852,2,0,58,0,43,,8853,2,0,58,0,102,,8854,2,0,58,0,110,,8855,2,0,58,0,155,,8856,2,0,58,0,110,,8857,2,0,58,0
2401,'5566',736,,9055,2,0,15 16 11,0
3100,'5527',903,,9061,2,,,0,105,,9065,2,,,0,110,,9059,2,,,0,109,,9058,2,,,0,109,,9060,2,,,0,115,,9062,2,,,0,156,,9064,2,,,0,110,,9063,2,,,0
3100,'5565',1008,,9072,2,,,0,110,,9066,2,,,0,109,,9067,2,,,0,110,,9068,2,,,0,115,,9069,2,,,0,156,,9071,2,,,0,110,,9070,2,,,0
3100,'5566',725,,9073,2,,,0,32,,9074,2,,,0,71,,9075,2,,,0,104,,9076,2,,,0,106,,9077,2,,,0,110,,9078,2,,,0,109,,9079,2,,,0,154,,9080,2,,,0,96,,9081,2,,,0,37,,9082,2,,,0,77,,9083,2,,,0,35,,9084,2,,,0,76,,9085,2,,,0,75,,9086,2,,,0
1003100,'5475',2354,,10237,2,,,0,100,,10238,2,,,0,100,,10239,2,,,0,100,,10240,2,,,0
1003100,'5527',731,,10254,2,,,0,100,,10243,2,,,0,99,,10242,2,,,0,110,,10241,2,,,0,110,,10249,2,,,0,150,,10253,2,,,0,114,,10246,2,,,0,114,,10250,2,,,0,111,,10247,2,,,0,111,,10248,2,,,0,75,,10244,2,,,0,115,,10245,2,,,0,103,,10252,2,,,0,98,,10251,2,,,0
1003100,'5565',729,,10266,2,,,0,101,,10258,2,,,0,102,,10256,2,,,0,108,,10260,2,,,0,110,,10257,2,,,0,150,,10255,2,,,0,115,,10261,2,,,0,114,,10262,2,,,0,111,,10259,2,,,0,180,,10263,2,,,0,120,,10264,2,,,0,104,,10265,2,,,0
1003100,'5566',638,,10267,2,,,0,68,,10268,2,,,0,30,,10269,2,,,0,71,,10270,2,,,0,50,,10271,2,,,0,144,,10272,2,,,0,109,,10273,2,,,0,109,,10274,2,,,0,115,,10275,2,,,0,109,,10276,2,,,0,81,,10277,2,,,0,35,,10278,2,,,0,77,,10279,2,,,0,75,,10280,2,,,0,34,,10281,2,,,0,80,,10282,2,,,0,86,,10283,2,,,0,122,,10284,2,,,0,104,,10285,2,,,0,110,,10286,2,,,0
24003100,'5566',532,,10334,2,,,0,68,,10335,2,,,0,29,,10336,2,,,0,27,,10337,2,,,0
