200,'5475',2312,,8228,41,,,0,30,,8229,41,,,0,70,,8230,41,,,0,30,,8231,41,,,0,70,,8232,41,,,0,30,,8233,41,,,0,70,,8234,41,,,0,30,,8235,41,,,0,70,,8236,41,,,0
200,'5527',624,,8238,41,,,0,84,,8239,41,,,0,34,,8240,41,,,0,70,,8241,41,,,0,30,,8242,41,,,0,69,,8243,41,,,0,30,,8244,41,,,0,70,,8245,41,,,0,30,,8246,41,,,0,69,,8247,41,,,0,30,,8248,41,,,0,71,,8249,41,,,0,30,,8250,41,,,0,70,,8251,41,,,0,30,,8252,41,,,0,70,,8253,41,,,0,30,,8254,41,,,0,70,,8255,41,,,0,30,,8256,41,,,0,70,,8257,41,,,0,30,,8258,41,,,0,70,,8259,41,,,0,30,,8260,41,,,0,70,,8261,41,,,0,31,,8262,41,,,0,68,,8263,41,,,0,31,,8264,41,,,0,70,,8265,41,,,0,35,,8266,41,,,0,83,,8267,41,,,0,82,,8268,41,,,0,36,,8269,41,,,0
200,'5565',700,,8291,41,,,0,45,,8290,41,,,0,85,,8289,41,,,0,85,,8288,41,,,0,85,,8287,41,,,0,45,,8286,41,,,0,83,,8285,41,,,0,81,,8270,41,,,0,40,,8271,41,,,0,80,,8272,41,,,0,80,,8273,41,,,0,40,,8274,41,,,0,80,,8275,41,,,0,80,,8276,41,,,0,41,,8277,41,,,0,81,,8278,41,,,0,80,,8279,41,,,0,40,,8280,41,,,0,82,,8281,41,,,0,81,,8282,41,,,0,38,,8283,41,,,0,82,,8284,41,,,0
200,'5566',601,,8292,41,,,0,31,,8293,41,,,0,69,,8294,41,,,0,18,,8295,41,,,0,16,,8296,41,,,0,18,,8297,41,,,0,57,,8298,41,,,0,15,,8299,41,,,0,15,,8300,41,,,0,15,,8301,41,,,0,56,,8340,41,,,0,22,,8302,41,,,0,25,,8303,41,,,0,65,,8304,41,,,0,25,,8305,41,,,0,65,,8306,41,,,0,26,,8307,41,,,0,65,,8308,41,,,0,25,,8309,41,,,0,25,,8310,41,,,0,66,,8311,41,,,0,23,,8312,41,,,0,63,,8313,41,,,0,27,,8314,41,,,0,25,,8315,41,,,0,62,,8316,41,,,0,15,,8317,41,,,0,16,,8318,41,,,0,55,,8319,41,,,0,15,,8320,41,,,0,15,,8321,41,,,0,15,,8322,41,,,0,55,,8323,41,,,0,15,,8324,41,,,0,15,,8325,41,,,0,14,,8326,41,,,0,58,,8327,41,,,0,20,,8328,41,,,0,20,,8329,41,,,0,61,,8330,41,,,0,20,,8331,41,,,0,19,,8332,41,,,0,60,,8333,41,,,0,20,,8334,41,,,0,20,,8335,41,,,0,65,,8336,41,,,0,29,,8337,41,,,0,70,,8338,41,,,0,30,,8339,41,,,0
900,'5475',2301,,8885,4,0,34 2 13 14,0,100,,8886,4,0,34 2 13 14,0,100,,8887,4,0,34 2 13 14,0,100,,8888,4,0,34 2 13 14,0,100,,8889,4,0,34 2 13 14,0
900,'5527',646,,8890,4,0,34 2 13 14,0,100,,8891,4,0,34 2 13 14,0,100,,8892,4,0,34 2 13 14,0,100,,8893,4,0,34 2 13 14,0,106,,8894,4,0,34 2 13 14,0,95,,8895,4,0,34 2 13 14,0,105,,8896,4,0,34 2 13 14,0,100,,8897,4,0,34 2 13 14,0,100,,8898,4,0,34 2 13 14,0,100,,8899,4,0,34 2 13 14,0,104,,8900,13,0,34 2 13 14,0,96,,8901,4,0,34 2 13 14,0,100,,8902,4,0,34 2 13 14,0,95,,8903,4,0,34 2 13 14,0,99,,8904,4,0,34 2 13 14,0,105,,8905,4,0,34 2 13 14,0
900,'5565',646,,8907,4,0,34 2 13 14,0,100,,8908,4,0,34 2 13 14,0,100,,8909,4,0,34 2 13 14,0,100,,8906,4,0,34 2 13 14,0,106,,8910,4,0,34 2 13 14,0,95,,8911,4,0,34 2 13 14,0,105,,8912,4,0,34 2 13 14,0,100,,8913,4,0,34 2 13 14,0,100,,8914,4,0,34 2 13 14,0,100,,8915,4,0,34 2 13 14,0,100,,8916,4,0,34 2 13 14,0,100,,8917,4,0,34 2 13 14,0,100,,8918,4,0,34 2 13 14,0,95,,8919,4,0,34 2 13 14,0
900,'5566',545,,8920,4,0,34 2 13 14,0,108,,8921,4,0,34 2 13 14,0,94,,8922,4,0,34 2 13 14,0,107,,8923,4,0,34 2 13 14,0,99,,8924,4,0,34 2 13 14,0,101,,8925,4,0,34 2 13 14,0,100,,8926,4,0,34 2 13 14,0,100,,8927,4,0,34 2 13 14,0,100,,8928,4,0,34 2 13 14,0,96,,8929,4,0,34 2 13 14,0,102,,8930,4,0,34 2 13 14,0,101,,8931,4,0,34 2 13 14,0,102,,8932,4,0,34 2 13 14,0,99,,8933,4,0,34 2 13 14,0,99,,8934,4,0,34 2 13 14,0,100,,8935,4,0,34 2 13 14,0,100,,8936,4,0,34 2 13 14,0
2600,'5566',1437,,9056,12,0,13 14 11,0
2601,'5566',722,,9057,12,0,13 14 11,0
