300,'5475',2413,,8453,34,,,0,100,,8454,34,,,0,100,,8455,34,,,0,100,,8456,34,,,0
300,'5527',623,,8481,34,,,0,90,,8480,34,,,0,99,,8482,34,,,0,89,,8457,34,,,0,29,,8458,34,,,0,80,,8459,34,,,0,35,,8461,34,,,0,70,,8462,34,,,0,35,,8463,34,,,0,75,,8460,34,,,0,75,,8464,34,,,0,40,,8465,34,,,0,75,,8466,34,,,0,35,,8467,34,,,0,80,,8468,34,,,0,75,,8469,34,,,0,30,,8470,34,,,0,75,,8471,34,,,0,35,,8472,34,,,0,75,,8473,34,,,0,87,,8474,34,,,0,35,,8475,34,,,0,75,,8476,34,,,0,90,,8477,34,,,0,101,,8478,34,,,0,100,,8479,34,,,0
300,'5565',653,,8483,34,,,0,95,,8484,34,,,0,88,,8497,34,,,0,94,,8486,34,,,0,95,,8487,34,,,0,95,,8488,34,,,0,95,,8485,34,,,0,100,,8489,34,,,0,100,,8490,34,,,0,100,,8491,34,,,0,100,,8492,34,,,0,105,,8493,34,,,0,95,,8494,34,,,0,96,,8495,34,,,0,102,,8496,34,,,0
300,'5566',608,,8498,34,,,0,34,,8499,34,,,0,70,,8500,34,,,0,34,,8501,34,,,0,74,,8502,34,,,0,35,,8503,34,,,0,75,,8504,34,,,0,75,,8505,34,,,0,35,,8506,34,,,0,75,,8507,34,,,0,35,,8508,34,,,0,75,,8509,34,,,0,75,,8510,34,,,0,35,,8511,34,,,0,80,,8512,34,,,0,35,,8513,34,,,0,74,,8514,34,,,0,80,,8515,34,,,0,34,,8516,34,,,0,75,,8517,34,,,0,37,,8518,34,,,0,75,,8519,34,,,0,76,,8520,34,,,0,35,,8521,34,,,0,71,,8522,34,,,0,101,,8523,34,,,0,100,,8524,34,,,0,100,,8525,34,,,0
700,'5527',533,,8858,14,0,22 23,0,100,,8859,14,0,22 23,0,200,,8860,14,0,22 23,0,201,,8861,14,0,22 23,0,200,,8862,14,0,22 23,0,201,,8863,6,0,22 23,0,200,,8864,14,0,22 23,0,199,,8865,6,0,22 23,0,200,,8866,14,0,22 23,0,269,,8867,6,0,22 23,0
700,'5565',533,,8875,6,0,22 23,0,100,,8869,6,0,22 23,0,200,,8868,6,0,22 23,0,201,,8870,6,0,22 23,0,200,,8871,6,0,22 23,0,200,,8872,6,0,22 23,0,200,,8873,6,0,22 23,0,199,,8874,6,0,22 23,0
700,'5566',619,,8876,6,0,22 23,0,215,,8877,6,0,22 23,0,200,,8878,6,0,22 23,0,200,,8879,6,0,22 23,0,201,,8880,6,0,22 23,0,200,,8881,6,0,22 23,0,198,,8882,6,0,22 23,0,200,,8883,6,0,22 23,0,270,,8884,6,0,22 23,0
1600,'5566',738,,8971,6,0,24,0,165,,8972,6,0,24,0,645,,8969,6,0,24,0,80,,8970,6,0,24,0
1000700,'5475',2333,,10205,6,0,24,0,100,,10206,6,0,24,0,100,,10207,6,0,24,0,100,,10208,6,0,24,0
1000700,'5527',733,,10209,14,0,24,0,201,,10210,14,0,24,0,200,,10211,14,0,24,0,200,,10212,14,0,24,0,201,,10213,6,0,24,0,199,,10214,14,0,24,0,200,,10215,14,0,24,0,199,,10216,14,0,24,0
1000700,'5565',733,,10218,6,0,24,0,200,,10217,6,0,24,0,201,,10219,6,0,24,0,200,,10221,6,0,24,0,200,,10220,6,0,24,0,200,,10222,6,0,24,0,199,,10223,6,0,24,0
1000700,'5566',732,,10224,6,0,24,0,16,,10225,6,0,24,0,186,,10226,6,0,24,0,200,,10227,6,0,24,0,199,,10228,6,0,24,0,202,,10229,6,0,24,0,70,,10230,6,0,24,0,130,,10231,6,0,24,0,198,,10232,6,0,24,0,200,,10233,6,0,24,0
