300,'5475',2356,,8453,15,,,0,100,,8454,15,,,0,100,,8455,15,,,0,100,,8456,15,,,0
300,'5527',606,,8481,15,,,0,49,,8480,15,,,0,99,,8482,15,,,0,88,,8457,15,,,0,68,,8458,15,,,0,40,,8459,15,,,0,75,,8461,15,,,0,30,,8462,15,,,0,74,,8463,15,,,0,74,,8460,15,,,0,34,,8464,15,,,0,80,,8465,15,,,0,35,,8466,15,,,0,75,,8467,15,,,0,81,,8468,15,,,0,35,,8469,15,,,0,70,,8470,15,,,0,35,,8471,15,,,0,76,,8472,15,,,0,76,,8473,15,,,0,47,,8474,15,,,0,75,,8475,15,,,0,36,,8476,15,,,0,90,,8477,15,,,0,101,,8478,15,,,0,101,,8479,15,,,0
300,'5565',635,,8483,15,,,0,95,,8484,15,,,0,88,,8497,15,,,0,93,,8486,15,,,0,94,,8487,15,,,0,95,,8488,15,,,0,55,,8485,15,,,0,99,,8489,15,,,0,100,,8490,15,,,0,100,,8491,15,,,0,100,,8492,15,,,0,105,,8493,15,,,0,96,,8494,15,,,0,97,,8495,15,,,0,102,,8496,15,,,0
300,'5566',553,,8498,15,,,0,70,,8499,15,,,0,30,,8500,15,,,0,73,,8501,15,,,0,33,,8502,15,,,0,75,,8503,15,,,0,75,,8504,15,,,0,35,,8505,15,,,0,75,,8506,15,,,0,35,,8507,15,,,0,74,,8508,15,,,0,74,,8509,15,,,0,35,,8510,15,,,0,75,,8511,15,,,0,39,,8512,15,,,0,74,,8513,15,,,0,33,,8514,15,,,0,81,,8515,15,,,0,74,,8516,15,,,0,35,,8517,15,,,0,80,,8518,15,,,0,76,,8519,15,,,0,36,,8520,15,,,0,76,,8521,15,,,0,31,,8522,15,,,0,102,,8523,15,,,0,100,,8524,15,,,0,105,,8525,15,,,0
301,'5475',2343,,8530,10,,,0,100,,8526,27,,,0,100,,8527,27,,,0,100,,8528,27,,,0
301,'5527',602,,8556,27,,,0,53,,8555,27,,,0,91,,8554,27,,,0,100,,8557,27,,,0,92,,8531,27,,,0,70,,8532,27,,,0,41,,8533,27,,,0,77,,8534,27,,,0,30,,8535,27,,,0,75,,8536,27,,,0,75,,8537,27,,,0,36,,8538,27,,,0,80,,8539,27,,,0,35,,8540,27,,,0,75,,8541,27,,,0,79,,8542,27,,,0,34,,8543,27,,,0,70,,8544,27,,,0,35,,8545,27,,,0,75,,8546,27,,,0,34,,8547,27,,,0,84,,8548,27,,,0,75,,8549,27,,,0,35,,8550,27,,,0,88,,8551,27,,,0,100,,8552,27,,,0
301,'5565',624,,8561,27,,,0,101,,8562,27,,,0,95,,8564,27,,,0,90,,8573,27,,,0,98,,8559,27,,,0,95,,8565,27,,,0,97,,8566,27,,,0,56,,8563,27,,,0,100,,8567,27,,,0,100,,8568,27,,,0,101,,8569,27,,,0,98,,8570,27,,,0,145,,8571,27,,,0,55,,8572,27,,,0,93,,8558,27,,,0
301,'5566',558,,8574,27,,,0,83,,8575,27,,,0,76,,8576,27,,,0,32,,8577,27,,,0,75,,8578,27,,,0,35,,8579,27,,,0,75,,8580,27,,,0,75,,8581,27,,,0,35,,8582,27,,,0,76,,8583,27,,,0,37,,8584,27,,,0,75,,8585,27,,,0,75,,8586,27,,,0,36,,8587,27,,,0,75,,8588,27,,,0,41,,8589,27,,,0,75,,8590,27,,,0,75,,8591,27,,,0,40,,8592,27,,,0,73,,8593,27,,,0,33,,8594,27,,,0,74,,8595,27,,,0,74,,8596,27,,,0,34,,8597,27,,,0,75,,8598,27,,,0,30,,8599,27,,,0,100,,8600,27,,,0,98,,8601,27,,,0
2400,'5566',1514,,9054,24,0,15 16 11,0
3101,'5527',818,,9090,18,,,0,104,,9089,18,,,0,103,,9087,18,,,0,112,,9094,18,,,0,111,,9095,18,,,0,110,,9088,18,,,0,155,,9093,18,,,0,114,,9091,18,,,0,109,,9092,18,,,0,109,,9096,18,,,0
3101,'5565',817,,9103,18,,,0,210,,9100,18,,,0,219,,9097,18,,,0,110,,9101,18,,,0,155,,9099,18,,,0,115,,9102,18,,,0,110,,9098,18,,,0
3101,'5566',645,,9104,18,,,0,84,,9105,18,,,0,71,,9106,18,,,0,32,,9107,18,,,0,74,,9108,18,,,0,47,,9109,18,,,0,105,,9110,18,,,0,150,,9111,18,,,0,110,,9112,18,,,0,115,,9113,18,,,0,117,,9114,18,,,0,80,,9115,18,,,0,74,,9116,18,,,0,37,,9117,18,,,0,72,,9118,18,,,0,30,,9119,18,,,0,58,,9120,18,,,0
1003101,'5475',2315,,10287,21,,,0,100,,10288,21,,,0,100,,10289,21,,,0,100,,10290,21,,,0,100,,10291,21,,,0
1003101,'5527',852,,10297,21,,,0,105,,10303,21,,,0,146,,10292,21,,,0,112,,10293,21,,,0,110,,10294,21,,,0,111,,10296,21,,,0,114,,10301,21,,,0,155,,10299,21,,,0,108,,10298,21,,,0,109,,10295,21,,,0,114,,10300,21,,,0,99,,10302,21,,,0
1003101,'5565',924,,10311,21,,,0,214,,10310,21,,,0,75,,10304,21,,,0,110,,10306,21,,,0,110,,10307,21,,,0,115,,10308,21,,,0,154,,10309,21,,,0,110,,10305,21,,,0,110,,10312,21,,,0,114,,10313,21,,,0,99,,10314,21,,,0
1003101,'5566',716,,10315,21,,,0,28,,10316,21,,,0,75,,10317,21,,,0,34,,10318,21,,,0,71,,10319,21,,,0,103,,10320,21,,,0,108,,10321,21,,,0,110,,10322,21,,,0,110,,10323,21,,,0,158,,10324,21,,,0,100,,10325,21,,,0,37,,10326,21,,,0,76,,10327,21,,,0,74,,10328,21,,,0,30,,10329,21,,,0,89,,10330,21,,,0,90,,10331,21,,,0,122,,10332,21,,,0,109,,10333,21,,,0
