201,'5475',2259,,8341,6,,,0,70,,8342,6,,,0,30,,8343,6,,,0,70,,8344,6,,,0,30,,8345,6,,,0,70,,8346,6,,,0,30,,8347,6,,,0,70,,8348,6,,,0,30,,8349,6,,,0
201,'5527',636,,8350,6,,,0,85,,8351,6,,,0,38,,8352,6,,,0,69,,8353,6,,,0,30,,8354,6,,,0,71,,8355,6,,,0,30,,8356,6,,,0,70,,8357,6,,,0,29,,8358,6,,,0,72,,8359,6,,,0,29,,8360,6,,,0,71,,8361,6,,,0,70,,8362,6,,,0,30,,8363,6,,,0,71,,8364,6,,,0,30,,8365,6,,,0,69,,8366,6,,,0,30,,8367,6,,,0,71,,8368,6,,,0,30,,8369,6,,,0,70,,8370,6,,,0,30,,8371,6,,,0,70,,8372,6,,,0,30,,8373,6,,,0,69,,8374,6,,,0,28,,8375,6,,,0,29,,8376,6,,,0,71,,8377,6,,,0,75,,8378,6,,,0,40,,8379,6,,,0,81,,8380,6,,,0
201,'5565',636,,8381,6,,,0,85,,8382,6,,,0,85,,8383,6,,,0,44,,8384,6,,,0,85,,8385,6,,,0,85,,8386,6,,,0,84,,8387,6,,,0,45,,8388,6,,,0,81,,8389,6,,,0,80,,8390,6,,,0,40,,8391,6,,,0,80,,8392,6,,,0,80,,8393,6,,,0,40,,8394,6,,,0,80,,8395,6,,,0,80,,8396,6,,,0,40,,8397,6,,,0,80,,8398,6,,,0,80,,8399,6,,,0,41,,8400,6,,,0,78,,8401,6,,,0,92,,8402,6,,,0
201,'5566',504,,8404,6,,,0,45,,8405,6,,,0,65,,8406,6,,,0,34,,8407,6,,,0,58,,8408,6,,,0,17,,8409,6,,,0,14,,8410,6,,,0,14,,8411,6,,,0,57,,8412,6,,,0,21,,8413,6,,,0,26,,8414,6,,,0,70,,8415,6,,,0,28,,8416,6,,,0,66,,8417,6,,,0,25,,8418,6,,,0,64,,8419,6,,,0,25,,8420,6,,,0,25,,8421,6,,,0,66,,8422,6,,,0,25,,8423,6,,,0,65,,8424,6,,,0,25,,8425,6,,,0,65,,8426,6,,,0,21,,8427,6,,,0,14,,8403,6,0,9 10,0,5,,8428,6,,,0,15,,8429,6,,,0,55,,8430,6,,,0,15,,8431,6,,,0,15,,8432,6,,,0,15,,8433,6,,,0,55,,8434,6,,,0,15,,8435,6,,,0,15,,8436,6,,,0,56,,8437,6,,,0,15,,8438,6,,,0,15,,8439,6,,,0,15,,8440,6,,,0,61,,8441,6,,,0,20,,8442,6,,,0,20,,8443,6,,,0,60,,8444,6,,,0,20,,8445,6,,,0,20,,8446,6,,,0,60,,8447,6,,,0,25,,8448,6,,,0,70,,8449,6,,,0,28,,8450,6,,,0,30,,8451,6,,,0,70,,8452,6,,,0
900,'5475',2323,,8885,46,0,17 10,0,100,,8886,46,0,17 10,0,100,,8887,46,0,17 10,0,100,,8888,46,0,17 10,0,100,,8889,46,0,17 10,0
900,'5527',708,,8890,46,,,0,101,,8891,46,,,0,100,,8892,46,,,0,101,,8893,46,,,0,107,,8894,46,,,0,95,,8895,46,,,0,106,,8896,46,,,0,100,,8897,46,0,17 10,0,100,,8898,46,0,17 10,0,100,,8899,46,,,0,104,,8900,55,,,0,95,,8901,46,0,17 10,0,99,,8902,46,,,0,95,,8903,46,,,0,99,,8904,46,,,0,104,,8905,46,0,17 10,0
900,'5565',709,,8907,46,0,17 10,0,100,,8908,46,0,17 10,0,101,,8909,46,0,17 10,0,100,,8906,46,0,17 10,0,107,,8910,46,0,17 10,0,95,,8911,46,0,17 10,0,105,,8912,46,0,17 10,0,99,,8913,46,0,17 10,0,100,,8914,46,0,17 10,0,100,,8915,46,0,17 10,0,100,,8916,46,0,17 10,0,99,,8917,46,0,17 10,0,100,,8918,46,0,17 10,0,95,,8919,46,0,17 10,0
900,'5566',608,,8920,46,0,17 10,0,109,,8921,46,0,17 10,0,99,,8922,46,0,17 10,0,103,,8923,46,0,17 10,0,99,,8924,46,0,17 10,0,101,,8925,46,0,17 10,0,100,,8926,46,0,17 10,0,100,,8927,46,0,17 10,0,101,,8928,46,0,17 10,0,100,,8929,46,0,17 10,0,100,,8930,46,0,17 10,0,101,,8931,46,0,17 10,0,100,,8932,46,0,17 10,0,98,,8933,46,0,17 10,0,98,,8934,46,0,17 10,0,99,,8935,46,0,17 10,0,99,,8936,46,0,17 10,0
2600,'5566',1519,,9056,48,0,9 10 11,0
2601,'5566',801,,9057,59,0,9 10 11,0
