200,'5475',2310,,8228,38,,,0,30,,8229,38,,,0,70,,8230,38,,,0,30,,8231,38,,,0,70,,8232,38,,,0,30,,8233,38,,,0,70,,8234,38,,,0,30,,8235,38,,,0,70,,8236,38,,,0,30,,8237,38,4,,0
200,'5527',622,,8238,38,,,0,84,,8239,38,,,0,34,,8240,38,,,0,70,,8241,38,,,0,30,,8242,38,,,0,69,,8243,38,,,0,30,,8244,38,,,0,70,,8245,38,,,0,30,,8246,38,,,0,68,,8247,38,,,0,30,,8248,38,,,0,71,,8249,38,,,0,30,,8250,38,,,0,70,,8251,38,,,0,30,,8252,38,,,0,70,,8253,38,,,0,30,,8254,38,,,0,70,,8255,38,,,0,30,,8256,38,,,0,70,,8257,38,,,0,30,,8258,38,,,0,70,,8259,38,,,0,30,,8260,38,,,0,70,,8261,38,,,0,31,,8262,38,,,0,69,,8263,38,,,0,31,,8264,38,,,0,70,,8265,38,,,0,35,,8266,38,,,0,83,,8267,38,,,0,82,,8268,38,,,0,36,,8269,38,,,0
200,'5565',658,,8291,38,,,0,85,,8290,38,,,0,85,,8289,38,,,0,85,,8288,38,,,0,45,,8287,38,,,0,85,,8286,38,,,0,83,,8285,38,,,0,81,,8270,38,,,0,40,,8271,38,,,0,80,,8272,38,,,0,80,,8273,38,,,0,40,,8274,38,,,0,80,,8275,38,,,0,80,,8276,38,,,0,41,,8277,38,,,0,81,,8278,38,,,0,80,,8279,38,,,0,40,,8280,38,,,0,82,,8281,38,,,0,81,,8282,38,,,0,38,,8283,38,,,0,82,,8284,38,,,0
200,'5566',559,,8292,38,,,0,71,,8293,38,,,0,29,,8294,38,,,0,58,,8295,38,,,0,16,,8296,38,,,0,17,,8297,38,,,0,57,,8298,38,,,0,16,,8299,38,,,0,15,,8300,38,,,0,15,,8301,38,,,0,56,,8340,38,,,0,21,,8302,38,,,0,25,,8303,38,,,0,65,,8304,38,,,0,25,,8305,38,,,0,65,,8306,38,,,0,26,,8307,38,,,0,65,,8308,38,,,0,25,,8309,38,,,0,25,,8310,38,,,0,66,,8311,38,,,0,23,,8312,38,,,0,63,,8313,38,,,0,27,,8314,38,,,0,25,,8315,38,,,0,62,,8316,38,,,0,15,,8317,38,,,0,16,,8318,38,,,0,55,,8319,38,,,0,15,,8320,38,,,0,15,,8321,38,,,0,15,,8322,38,,,0,55,,8323,38,,,0,15,,8324,38,,,0,15,,8325,38,,,0,14,,8326,38,,,0,58,,8327,38,,,0,20,,8328,38,,,0,20,,8329,38,,,0,61,,8330,38,,,0,20,,8331,38,,,0,20,,8332,38,,,0,60,,8333,38,,,0,20,,8334,38,,,0,20,,8335,38,,,0,65,,8336,38,,,0,29,,8337,38,,,0,70,,8338,38,,,0,30,,8339,38,,,0
401,'5475',2342,,8603,47,4,,0,100,,8604,47,4,,0,100,,8605,47,4,,0,100,,8606,47,4,,0
401,'5527',626,,8617,47,4,,0,108,,8620,47,4,,0,102,,8621,47,4,,0,101,,8607,47,4,,0,101,,8622,47,4,,0,101,,8618,47,4,,0,101,,8616,47,4,,0,100,,8615,47,4,,0,100,,8614,47,4,,0,100,,8611,47,4,,0,100,,8623,47,4,,0,98,,8613,47,4,,0,100,,8612,47,4,,0,100,,8610,47,4,,0,98,,8609,47,4,,0,100,,8608,47,4,,0
401,'5565',733,,8624,47,4,,0,103,,8625,47,4,,0,101,,8626,47,4,,0,100,,8627,47,4,,0,100,,8628,47,4,,0,103,,8629,47,4,,0,100,,8630,47,4,,0,100,,8631,47,4,,0,99,,8632,47,4,,0,99,,8633,47,4,,0,100,,8634,47,4,,0,100,,8635,47,4,,0,100,,8636,47,4,,0
401,'5566',843,,8641,47,4,,0,97,,8642,47,4,,0,100,,8643,47,4,,0,101,,8644,47,4,,0,101,,8645,47,4,,0,99,,8646,47,4,,0,103,,8647,47,4,,0,101,,8649,47,4,,0,102,,8650,47,4,,0,98,,8651,47,4,,0,96,,8652,47,4,,0,97,,8653,47,4,,0,99,,8654,47,4,,0,99,,8655,47,4,,0
900,'5527',2218,,8905,53,4,,0
900,'5566',2219,,8936,53,4,,0
1501,'5527',955,,8959,47,4,,0,602,,8961,47,4,,0
1501,'5566',650,,8967,47,4,,0,1096,,8965,47,4,,0
1600,'5566',807,,8971,39,4,,0,894,,8970,39,4,,0
2600,'5566',1434,,9056,9,0,13 14 11,0
2601,'5566',720,,9057,9,0,13 14 11,0
