200,'5475',2259,,8228,20,,,0,70,,8229,20,,,0,30,,8230,20,,,0,70,,8231,20,,,0,30,,8232,20,,,0,70,,8233,20,,,0,30,,8234,20,,,0,70,,8235,20,,,0,30,,8236,20,,,0,70,,8237,20,0,17 10,0
200,'5527',611,,8238,20,,,0,44,,8239,20,,,0,74,,8240,20,,,0,29,,8241,20,,,0,70,,8242,20,,,0,29,,8243,20,,,0,69,,8244,20,,,0,30,,8245,20,,,0,69,,8246,20,,,0,28,,8247,20,,,0,70,,8248,20,,,0,30,,8249,20,,,0,70,,8250,20,,,0,30,,8251,20,,,0,70,,8252,20,,,0,30,,8253,20,,,0,70,,8254,20,,,0,30,,8255,20,,,0,70,,8256,20,,,0,30,,8257,20,,,0,70,,8258,20,,,0,30,,8259,20,,,0,70,,8260,20,,,0,30,,8261,20,,,0,72,,8262,20,,,0,30,,8263,20,,,0,71,,8264,20,,,0,31,,8265,20,,,0,75,,8266,20,,,0,83,,8267,20,,,0,42,,8268,20,,,0,76,,8269,20,,,0
200,'5565',647,,8291,20,,,0,85,,8290,20,,,0,85,,8289,20,,,0,85,,8288,20,,,0,43,,8287,20,,,0,85,,8286,20,,,0,82,,8285,20,,,0,40,,8270,20,,,0,80,,8271,20,,,0,80,,8272,20,,,0,40,,8273,20,,,0,80,,8274,20,,,0,80,,8275,20,,,0,40,,8276,20,,,0,81,,8277,20,,,0,81,,8278,20,,,0,41,,8279,20,,,0,80,,8280,20,,,0,83,,8281,20,,,0,82,,8282,20,,,0,38,,8283,20,,,0,83,,8284,20,,,0
200,'5566',548,,8292,20,,,0,71,,8293,20,,,0,28,,8294,20,,,0,58,,8295,20,,,0,16,,8296,20,,,0,15,,8297,20,,,0,17,,8298,20,,,0,55,,8299,20,,,0,15,,8300,20,,,0,15,,8301,20,,,0,17,,8340,20,,,0,61,,8302,20,,,0,24,,8303,20,,,0,65,,8304,20,,,0,25,,8305,20,,,0,25,,8306,20,,,0,66,,8307,20,,,0,25,,8308,20,,,0,65,,8309,20,,,0,25,,8310,20,,,0,65,,8311,20,,,0,23,,8312,20,,,0,23,,8313,20,,,0,65,,8314,20,,,0,25,,8315,20,,,0,63,,8316,20,,,0,16,,8317,20,,,0,16,,8318,20,,,0,15,,8319,20,,,0,55,,8320,20,,,0,15,,8321,20,,,0,15,,8322,20,,,0,15,,8323,20,,,0,55,,8324,20,,,0,16,,8325,20,,,0,15,,8326,20,,,0,18,,8327,20,,,0,60,,8328,20,,,0,20,,8329,20,,,0,22,,8330,20,,,0,60,,8331,20,,,0,20,,8332,20,,,0,20,,8333,20,,,0,60,,8334,20,,,0,20,,8335,20,,,0,25,,8336,20,,,0,71,,8337,20,,,0,30,,8338,20,,,0,70,,8339,20,,,0
301,'5475',2351,,8530,22,,,0,100,,8526,39,,,0,100,,8527,39,,,0,100,,8528,39,,,0
301,'5527',609,,8556,39,,,0,94,,8555,39,,,0,51,,8554,39,,,0,102,,8557,39,,,0,92,,8531,39,,,0,71,,8532,39,,,0,81,,8533,39,,,0,37,,8534,39,,,0,70,,8535,39,,,0,35,,8536,39,,,0,75,,8537,39,,,0,36,,8538,39,,,0,80,,8539,39,,,0,76,,8540,39,,,0,35,,8541,39,,,0,79,,8542,39,,,0,34,,8543,39,,,0,70,,8544,39,,,0,74,,8545,39,,,0,35,,8546,39,,,0,73,,8547,39,,,0,44,,8548,39,,,0,74,,8549,39,,,0,75,,8550,39,,,0,48,,8551,39,,,0,99,,8552,39,,,0
301,'5565',631,,8561,39,,,0,102,,8562,39,,,0,95,,8564,39,,,0,90,,8573,39,,,0,100,,8559,39,,,0,95,,8565,39,,,0,98,,8566,39,,,0,96,,8563,39,,,0,100,,8567,39,,,0,100,,8568,39,,,0,101,,8569,39,,,0,98,,8570,39,,,0,105,,8571,39,,,0,95,,8572,39,,,0,51,,8558,39,,,0
301,'5566',606,,8574,39,,,0,43,,8575,39,,,0,77,,8576,39,,,0,74,,8577,39,,,0,35,,8578,39,,,0,75,,8579,39,,,0,34,,8580,39,,,0,76,,8581,39,,,0,35,,8582,39,,,0,76,,8583,39,,,0,77,,8584,39,,,0,36,,8585,39,,,0,75,,8586,39,,,0,36,,8587,39,,,0,76,,8588,39,,,0,81,,8589,39,,,0,34,,8590,39,,,0,75,,8591,39,,,0,81,,8592,39,,,0,32,,8593,39,,,0,73,,8594,39,,,0,33,,8595,39,,,0,74,,8596,39,,,0,32,,8597,39,,,0,75,,8598,39,,,0,30,,8599,39,,,0,99,,8600,39,,,0,98,,8601,39,,,0
601,'5475',2441,,8801,33,,,0,100,,8802,33,,,0,100,,8803,33,,,0
601,'5527',607,,8806,33,,,0,96,,8807,33,,,0,100,,8805,33,,,0,103,,8808,33,,,0,102,,8809,33,,,0,95,,8810,33,,,0,100,,8811,33,,,0,101,,8812,33,,,0,101,,8813,33,,,0,99,,8814,33,,,0,99,,8815,33,,,0,100,,8816,33,,,0,104,,8817,33,,,0,103,,8818,33,,,0,95,,8819,33,,,0,109,,8820,33,,,0,114,,8821,33,,,0,109,,8804,33,,,0
601,'5565',602,,8822,33,,,0,111,,8823,33,,,0,105,,8824,33,,,0,111,,8825,33,,,0,81,,8827,33,,,0,101,,8828,33,,,0,90,,8829,33,,,0,100,,8826,33,,,0,100,,8830,33,,,0,100,,8831,33,,,0,100,,8832,33,,,0,100,,8833,33,,,0,104,,8834,33,,,0,119,,8835,33,,,0,110,,8836,33,,,0
601,'5566',605,,8837,33,,,0,38,,8838,33,,,0,78,,8839,33,,,0,79,,8840,33,,,0,45,,8841,33,,,0,78,,8842,33,,,0,35,,8843,33,,,0,157,,8844,33,,,0,120,,8845,33,,,0,165,,8846,33,,,0,49,,8847,33,,,0,81,,8848,33,,,0,87,,8849,33,,,0,83,,8850,33,,,0,40,,8851,33,,,0,83,,8852,33,,,0,81,,8853,33,,,0,101,,8854,33,,,0,109,,8855,33,,,0,114,,8856,33,,,0,108,,8857,33,,,0
