101,'5475',2326,,8116,24,,,0,30,,8117,24,,,0,70,,8118,24,,,0,30,,8119,24,,,0,70,,8120,24,,,0,30,,8121,24,,,0,70,,8122,24,,,0,30,,8123,24,,,0
101,'5527',626,,8156,24,,,0,85,,8155,24,,,0,45,,8154,24,,,0,70,,8153,24,,,0,31,,8152,24,,,0,71,,8151,24,,,0,30,,8150,24,,,0,70,,8149,24,,,0,30,,8148,24,,,0,72,,8147,24,,,0,71,,8146,24,,,0,32,,8145,24,,,0,70,,8144,24,,,0,30,,8143,24,,,0,71,,8142,24,,,0,30,,8141,24,,,0,70,,8140,24,,,0,30,,8139,24,,,0,69,,8138,24,,,0,30,,8137,24,,,0,70,,8136,24,,,0,29,,8135,24,,,0,70,,8134,24,,,0,29,,8133,24,,,0,70,,8132,24,,,0,29,,8131,24,,,0,28,,8130,24,,,0,69,,8129,24,,,0,30,,8128,24,,,0,80,,8127,24,,,0,79,,8126,24,,,0,40,,8125,24,,,0
101,'5565',620,,8157,24,,,0,91,,8158,24,,,0,44,,8159,24,,,0,86,,8160,24,,,0,86,,8161,24,,,0,85,,8162,24,,,0,45,,8163,24,,,0,85,,8164,24,,,0,84,,8165,24,,,0,80,,8166,24,,,0,40,,8167,24,,,0,81,,8168,24,,,0,80,,8169,24,,,0,40,,8170,24,,,0,80,,8171,24,,,0,79,,8172,24,,,0,40,,8173,24,,,0,79,,8174,24,,,0,80,,8175,24,,,0,40,,8176,24,,,0,80,,8177,24,,,0,79,,8178,24,,,0
101,'5566',546,,8179,24,,,0,66,,8180,24,,,0,36,,8181,24,,,0,65,,8182,24,,,0,16,,8183,24,,,0,17,,8184,24,,,0,55,,8185,24,,,0,15,,8186,24,,,0,19,,8187,24,,,0,22,,8188,24,,,0,68,,8189,24,,,0,28,,8190,24,,,0,70,,8191,24,,,0,25,,8192,24,,,0,66,,8193,24,,,0,25,,8194,24,,,0,67,,8195,24,,,0,25,,8196,24,,,0,25,,8197,24,,,0,65,,8198,24,,,0,25,,8199,24,,,0,65,,8200,24,,,0,25,,8201,24,,,0,20,,8202,24,,,0,55,,8203,24,,,0,15,,8204,24,,,0,15,,8205,24,,,0,15,,8206,24,,,0,55,,8207,24,,,0,15,,8208,24,,,0,15,,8209,24,,,0,15,,8210,24,,,0,54,,8211,24,,,0,15,,8212,24,,,0,15,,8213,24,,,0,15,,8214,24,,,0,57,,8215,24,,,0,19,,8216,24,,,0,20,,8217,24,,,0,60,,8218,24,,,0,20,,8219,24,,,0,20,,8220,24,,,0,60,,8221,24,,,0,20,,8222,24,,,0,70,,8223,24,,,0,29,,8224,24,,,0,27,,8225,24,,,0,70,,8226,24,,,0,29,,8227,24,,,0
201,'5475',2311,,8341,25,,,0,30,,8342,25,,,0,70,,8343,25,,,0,30,,8344,25,,,0,70,,8345,25,,,0,30,,8346,25,,,0,70,,8347,25,,,0,30,,8348,25,,,0,70,,8349,25,,,0
201,'5527',648,,8350,25,,,0,85,,8351,25,,,0,78,,8352,25,,,0,30,,8353,25,,,0,70,,8354,25,,,0,31,,8355,25,,,0,71,,8356,25,,,0,30,,8357,25,,,0,70,,8358,25,,,0,33,,8359,25,,,0,70,,8360,25,,,0,31,,8361,25,,,0,71,,8362,25,,,0,30,,8363,25,,,0,71,,8364,25,,,0,30,,8365,25,,,0,70,,8366,25,,,0,29,,8367,25,,,0,70,,8368,25,,,0,30,,8369,25,,,0,69,,8370,25,,,0,30,,8371,25,,,0,70,,8372,25,,,0,30,,8373,25,,,0,69,,8374,25,,,0,27,,8375,25,,,0,69,,8376,25,,,0,29,,8377,25,,,0,75,,8378,25,,,0,40,,8379,25,,,0,80,,8380,25,,,0
201,'5565',648,,8381,25,,,0,85,,8382,25,,,0,85,,8383,25,,,0,85,,8384,25,,,0,45,,8385,25,,,0,86,,8386,25,,,0,85,,8387,25,,,0,85,,8388,25,,,0,42,,8389,25,,,0,80,,8390,25,,,0,80,,8391,25,,,0,40,,8392,25,,,0,80,,8393,25,,,0,80,,8394,25,,,0,40,,8395,25,,,0,80,,8396,25,,,0,80,,8397,25,,,0,40,,8398,25,,,0,80,,8399,25,,,0,79,,8400,25,,,0,38,,8401,25,,,0,91,,8402,25,,,0
201,'5566',516,,8404,25,,,0,86,,8405,25,,,0,25,,8406,25,,,0,75,,8407,25,,,0,18,,8408,25,,,0,17,,8409,25,,,0,15,,8410,25,,,0,55,,8411,25,,,0,17,,8412,25,,,0,20,,8413,25,,,0,65,,8414,25,,,0,30,,8415,25,,,0,68,,8416,25,,,0,28,,8417,25,,,0,65,,8418,25,,,0,25,,8419,25,,,0,26,,8420,25,,,0,65,,8421,25,,,0,26,,8422,25,,,0,65,,8423,25,,,0,25,,8424,25,,,0,25,,8425,25,,,0,66,,8426,25,,,0,25,,8427,25,,,0,55,,8428,25,,,0,14,,8429,25,,,0,15,,8430,25,,,0,15,,8431,25,,,0,55,,8432,25,,,0,15,,8433,25,,,0,15,,8434,25,,,0,16,,8435,25,,,0,55,,8436,25,,,0,15,,8437,25,,,0,14,,8438,25,,,0,15,,8439,25,,,0,54,,8440,25,,,0,20,,8441,25,,,0,20,,8442,25,,,0,60,,8443,25,,,0,20,,8444,25,,,0,19,,8445,25,,,0,60,,8446,25,,,0,20,,8447,25,,,0,25,,8448,25,,,0,70,,8449,25,,,0,28,,8450,25,,,0,69,,8451,25,,,0,29,,8452,25,,,0
1701,'5566',629,,8973,6,0,29 23,0,75,,8974,6,0,29 23,0,51,,8975,6,0,29 23,0,766,,8976,6,0,29 23,0,85,,8977,6,0,29 23,0,46,,8978,6,0,29 23,0,85,,8979,6,0,29 23,0,83,,8980,6,0,29 23,0
2101,'5475',2036,,9016,6,,,0,171,,9017,6,,,0,135,,9018,6,,,0
2101,'5527',727,,9027,6,,,0,126,,9028,6,,,0,177,,9026,6,,,0,128,,9022,6,,,0,164,,9020,6,,,0,107,,9021,6,,,0,100,,9023,6,,,0,102,,9024,6,,,0,170,,9025,6,,,0,132,,9019,6,,,0
2101,'5565',803,,9037,6,,,0,101,,9029,6,,,0,134,,9030,6,,,0,170,,9031,6,,,0,133,,9032,6,,,0,175,,9033,6,,,0,130,,9034,6,,,0,168,,9035,6,,,0,127,,9036,6,,,0
2101,'5566',556,,9038,6,,,0,85,,9039,6,,,0,166,,9040,6,,,0,47,,9041,6,,,0,91,,9042,6,,,0,90,,9043,6,,,0,166,,9044,6,,,0,126,,9045,6,,,0,97,,9046,6,,,0,76,,9047,6,,,0,112,,9048,6,,,0,45,,9049,6,,,0,147,,9050,6,,,0,122,,9051,6,,,0
2401,'5566',759,,9055,31,0,15 16 11,0
1002101,'5566',716,,10236,6,,,0
