201,'5475',2306,,8341,18,,,0,30,,8342,18,,,0,70,,8343,18,,,0,30,,8344,18,,,0,70,,8345,18,,,0,30,,8346,18,,,0,70,,8347,18,,,0,30,,8348,18,,,0,70,,8349,18,,,0
201,'5527',643,,8350,18,,,0,85,,8351,18,,,0,78,,8352,18,,,0,30,,8353,18,,,0,70,,8354,18,,,0,31,,8355,18,,,0,70,,8356,18,,,0,30,,8357,18,,,0,70,,8358,18,,,0,32,,8359,18,,,0,69,,8360,18,,,0,31,,8361,18,,,0,70,,8362,18,,,0,30,,8363,18,,,0,71,,8364,18,,,0,30,,8365,18,,,0,70,,8366,18,,,0,30,,8367,18,,,0,70,,8368,18,,,0,30,,8369,18,,,0,69,,8370,18,,,0,30,,8371,18,,,0,70,,8372,18,,,0,30,,8373,18,,,0,69,,8374,18,,,0,28,,8375,18,,,0,69,,8376,18,,,0,31,,8377,18,,,0,75,,8378,18,,,0,40,,8379,18,,,0,80,,8380,18,,,0
201,'5565',643,,8381,18,,,0,85,,8382,18,,,0,85,,8383,18,,,0,45,,8384,18,,,0,85,,8385,18,,,0,85,,8386,18,,,0,84,,8387,18,,,0,45,,8388,18,,,0,81,,8389,18,,,0,80,,8390,18,,,0,40,,8391,18,,,0,80,,8392,18,,,0,80,,8393,18,,,0,40,,8394,18,,,0,80,,8395,18,,,0,80,,8396,18,,,0,40,,8397,18,,,0,80,,8398,18,,,0,80,,8399,18,,,0,41,,8400,18,,,0,78,,8401,18,,,0,92,,8402,18,,,0
201,'5566',511,,8404,18,,,0,46,,8405,18,,,0,65,,8406,18,,,0,34,,8407,18,,,0,58,,8408,18,,,0,17,,8409,18,,,0,15,,8410,18,,,0,55,,8411,18,,,0,17,,8412,18,,,0,20,,8413,18,,,0,65,,8414,18,,,0,30,,8415,18,,,0,68,,8416,18,,,0,27,,8417,18,,,0,25,,8418,18,,,0,65,,8419,18,,,0,25,,8420,18,,,0,65,,8421,18,,,0,26,,8422,18,,,0,25,,8423,18,,,0,65,,8424,18,,,0,25,,8425,18,,,0,65,,8426,18,,,0,24,,8427,18,,,0,11,,8403,18,0,9 10,0,5,,8428,18,,,0,55,,8429,18,,,0,15,,8430,18,,,0,15,,8431,18,,,0,15,,8432,18,,,0,55,,8433,18,,,0,15,,8434,18,,,0,15,,8435,18,,,0,15,,8436,18,,,0,55,,8437,18,,,0,15,,8438,18,,,0,15,,8439,18,,,0,15,,8440,18,,,0,60,,8441,18,,,0,20,,8442,18,,,0,20,,8443,18,,,0,60,,8444,18,,,0,20,,8445,18,,,0,20,,8446,18,,,0,60,,8447,18,,,0,25,,8448,18,,,0,70,,8449,18,,,0,28,,8450,18,,,0,70,,8451,18,,,0,29,,8452,18,,,0
500,'5475',2404,,8657,16,,,0,100,,8658,16,,,0,100,,8659,16,,,0,100,,8660,16,,,0
500,'5527',621,,8685,16,,,0,95,,8684,16,,,0,91,,8683,16,,,0,103,,8686,16,,,0,92,,8661,16,,,0,32,,8662,16,,,0,82,,8663,16,,,0,38,,8664,16,,,0,70,,8666,16,,,0,35,,8667,16,,,0,75,,8668,16,,,0,76,,8665,16,,,0,41,,8669,16,,,0,76,,8670,16,,,0,74,,8671,16,,,0,39,,8672,16,,,0,74,,8673,16,,,0,30,,8674,16,,,0,74,,8675,16,,,0,34,,8676,16,,,0,73,,8677,16,,,0,82,,8678,16,,,0,34,,8679,16,,,0,75,,8680,16,,,0,88,,8681,16,,,0,99,,8682,16,,,0
500,'5565',644,,8687,16,,,0,102,,8688,16,,,0,96,,8689,16,,,0,90,,8701,16,,,0,101,,8690,16,,,0,95,,8691,16,,,0,99,,8693,16,,,0,96,,8694,16,,,0,100,,8695,16,,,0,101,,8692,16,,,0,101,,8696,16,,,0,98,,8697,16,,,0,103,,8698,16,,,0,95,,8699,16,,,0,91,,8700,16,,,0
500,'5566',619,,8702,16,,,0,84,,8703,16,,,0,39,,8704,16,,,0,76,,8705,16,,,0,33,,8706,16,,,0,74,,8707,16,,,0,34,,8708,16,,,0,77,,8709,16,,,0,75,,8710,16,,,0,37,,8711,16,,,0,78,,8712,16,,,0,76,,8713,16,,,0,35,,8714,16,,,0,77,,8715,16,,,0,37,,8716,16,,,0,81,,8717,16,,,0,74,,8718,16,,,0,35,,8719,16,,,0,81,,8720,16,,,0,28,,8721,16,,,0,73,,8722,16,,,0,32,,8723,16,,,0,74,,8724,16,,,0,72,,8725,16,,,0,35,,8726,16,,,0,70,,8727,16,,,0,98,,8728,16,,,0,98,,8729,16,,,0
900,'5527',715,,8890,58,,,0,101,,8891,58,,,0,100,,8892,58,,,0,102,,8893,58,,,0,107,,8894,58,,,0,95,,8895,58,,,0,108,,8896,58,,,0,298,,8899,58,,,0,104,,8900,67,,,0,194,,8902,58,,,0,94,,8903,58,,,0,99,,8904,58,,,0
1200,'5566',730,,8937,20,,,0,85,,8938,20,,,0,40,,8939,20,,,0,76,,8940,20,,,0,114,,8941,20,,,0,160,,8942,20,,,0,125,,8943,20,,,0,171,,8944,20,,,0,131,,8945,20,,,0,80,,8946,20,,,0,44,,8947,20,,,0
2401,'5566',816,,9055,43,0,15 16 11,0
2600,'5566',1529,,9056,60,0,9 10 11,0
2601,'5566',813,,9057,71,0,9 10 11,0
