301,'5475',2341,,8530,7,,,0,100,,8526,24,,,0,100,,8527,24,,,0,100,,8528,24,,,0
301,'5527',600,,8556,24,,,0,53,,8555,24,,,0,91,,8554,24,,,0,101,,8557,24,,,0,92,,8531,24,,,0,70,,8532,24,,,0,41,,8533,24,,,0,76,,8534,24,,,0,30,,8535,24,,,0,75,,8536,24,,,0,75,,8537,24,,,0,36,,8538,24,,,0,80,,8539,24,,,0,35,,8540,24,,,0,75,,8541,24,,,0,79,,8542,24,,,0,35,,8543,24,,,0,70,,8544,24,,,0,35,,8545,24,,,0,75,,8546,24,,,0,34,,8547,24,,,0,84,,8548,24,,,0,74,,8549,24,,,0,35,,8550,24,,,0,88,,8551,24,,,0,100,,8552,24,,,0
301,'5565',622,,8561,24,,,0,101,,8562,24,,,0,95,,8564,24,,,0,90,,8573,24,,,0,99,,8559,24,,,0,95,,8565,24,,,0,57,,8566,24,,,0,95,,8563,24,,,0,100,,8567,24,,,0,100,,8568,24,,,0,101,,8569,24,,,0,99,,8570,24,,,0,105,,8571,24,,,0,95,,8572,24,,,0,92,,8558,24,,,0
301,'5566',556,,8574,24,,,0,83,,8575,24,,,0,76,,8576,24,,,0,33,,8577,24,,,0,75,,8578,24,,,0,35,,8579,24,,,0,75,,8580,24,,,0,75,,8581,24,,,0,35,,8582,24,,,0,75,,8583,24,,,0,37,,8584,24,,,0,75,,8585,24,,,0,75,,8586,24,,,0,36,,8587,24,,,0,75,,8588,24,,,0,41,,8589,24,,,0,75,,8590,24,,,0,75,,8591,24,,,0,40,,8592,24,,,0,73,,8593,24,,,0,34,,8594,24,,,0,74,,8595,24,,,0,74,,8596,24,,,0,33,,8597,24,,,0,75,,8598,24,,,0,30,,8599,24,,,0,100,,8600,24,,,0,98,,8601,24,,,0
2400,'5566',1512,,9054,21,0,15 16 11,0
3101,'5527',816,,9090,15,,,0,104,,9089,15,,,0,103,,9087,15,,,0,112,,9094,15,,,0,111,,9095,15,,,0,110,,9088,15,,,0,155,,9093,15,,,0,114,,9091,15,,,0,109,,9092,15,,,0,109,,9096,15,,,0
3101,'5565',816,,9103,15,,,0,209,,9100,15,,,0,219,,9097,15,,,0,110,,9101,15,,,0,155,,9099,15,,,0,115,,9102,15,,,0,110,,9098,15,,,0
3101,'5566',643,,9104,15,,,0,84,,9105,15,,,0,31,,9106,15,,,0,72,,9107,15,,,0,74,,9108,15,,,0,47,,9109,15,,,0,105,,9110,15,,,0,150,,9111,15,,,0,110,,9112,15,,,0,115,,9113,15,,,0,116,,9114,15,,,0,80,,9115,15,,,0,74,,9116,15,,,0,37,,9117,15,,,0,73,,9118,15,,,0,30,,9119,15,,,0,18,,9120,15,,,0
1003101,'5475',2313,,10287,18,,,0,100,,10288,18,,,0,100,,10289,18,,,0,100,,10290,18,,,0,100,,10291,18,,,0
1003101,'5527',850,,10297,18,,,0,105,,10303,18,,,0,146,,10292,18,,,0,112,,10293,18,,,0,110,,10294,18,,,0,111,,10296,18,,,0,114,,10301,18,,,0,155,,10299,18,,,0,108,,10298,18,,,0,109,,10295,18,,,0,114,,10300,18,,,0,100,,10302,18,,,0
1003101,'5565',923,,10311,18,,,0,213,,10310,18,,,0,75,,10304,18,,,0,110,,10306,18,,,0,110,,10307,18,,,0,115,,10308,18,,,0,154,,10309,18,,,0,110,,10305,18,,,0,110,,10312,18,,,0,114,,10313,18,,,0,100,,10314,18,,,0
1003101,'5566',714,,10315,18,,,0,28,,10316,18,,,0,75,,10317,18,,,0,34,,10318,18,,,0,71,,10319,18,,,0,103,,10320,18,,,0,108,,10321,18,,,0,110,,10322,18,,,0,110,,10323,18,,,0,157,,10324,18,,,0,100,,10325,18,,,0,37,,10326,18,,,0,76,,10327,18,,,0,35,,10328,18,,,0,70,,10329,18,,,0,89,,10330,18,,,0,90,,10331,18,,,0,122,,10332,18,,,0,109,,10333,18,,,0
