201,'5475',2301,,8341,10,,,0,30,,8342,10,,,0,70,,8343,10,,,0,30,,8344,10,,,0,70,,8345,10,,,0,30,,8346,10,,,0,70,,8347,10,,,0,30,,8348,10,,,0,70,,8349,10,,,0
201,'5527',638,,8350,10,,,0,85,,8351,10,,,0,78,,8352,10,,,0,30,,8353,10,,,0,70,,8354,10,,,0,31,,8355,10,,,0,70,,8356,10,,,0,30,,8357,10,,,0,69,,8358,10,,,0,32,,8359,10,,,0,69,,8360,10,,,0,31,,8361,10,,,0,70,,8362,10,,,0,30,,8363,10,,,0,71,,8364,10,,,0,30,,8365,10,,,0,69,,8366,10,,,0,30,,8367,10,,,0,71,,8368,10,,,0,30,,8369,10,,,0,70,,8370,10,,,0,30,,8371,10,,,0,70,,8372,10,,,0,30,,8373,10,,,0,69,,8374,10,,,0,28,,8375,10,,,0,69,,8376,10,,,0,31,,8377,10,,,0,75,,8378,10,,,0,40,,8379,10,,,0,80,,8380,10,,,0
201,'5565',638,,8381,10,,,0,85,,8382,10,,,0,85,,8383,10,,,0,45,,8384,10,,,0,85,,8385,10,,,0,85,,8386,10,,,0,84,,8387,10,,,0,45,,8388,10,,,0,81,,8389,10,,,0,80,,8390,10,,,0,40,,8391,10,,,0,80,,8392,10,,,0,80,,8393,10,,,0,40,,8394,10,,,0,80,,8395,10,,,0,80,,8396,10,,,0,40,,8397,10,,,0,80,,8398,10,,,0,80,,8399,10,,,0,41,,8400,10,,,0,78,,8401,10,,,0,92,,8402,10,,,0
201,'5566',506,,8404,10,,,0,46,,8405,10,,,0,65,,8406,10,,,0,34,,8407,10,,,0,58,,8408,10,,,0,17,,8409,10,,,0,14,,8410,10,,,0,14,,8411,10,,,0,57,,8412,10,,,0,21,,8413,10,,,0,26,,8414,10,,,0,70,,8415,10,,,0,28,,8416,10,,,0,66,,8417,10,,,0,25,,8418,10,,,0,64,,8419,10,,,0,25,,8420,10,,,0,65,,8421,10,,,0,26,,8422,10,,,0,25,,8423,10,,,0,65,,8424,10,,,0,25,,8425,10,,,0,65,,8426,10,,,0,21,,8427,10,,,0,14,,8403,10,0,9 10,0,5,,8428,10,,,0,55,,8429,10,,,0,15,,8430,10,,,0,15,,8431,10,,,0,15,,8432,10,,,0,55,,8433,10,,,0,15,,8434,10,,,0,15,,8435,10,,,0,15,,8436,10,,,0,56,,8437,10,,,0,15,,8438,10,,,0,15,,8439,10,,,0,15,,8440,10,,,0,61,,8441,10,,,0,20,,8442,10,,,0,20,,8443,10,,,0,60,,8444,10,,,0,20,,8445,10,,,0,20,,8446,10,,,0,60,,8447,10,,,0,25,,8448,10,,,0,70,,8449,10,,,0,28,,8450,10,,,0,70,,8451,10,,,0,29,,8452,10,,,0
900,'5475',2325,,8885,50,0,17 10,0,100,,8886,50,0,17 10,0,100,,8887,50,0,17 10,0,100,,8888,50,0,17 10,0,100,,8889,50,0,17 10,0
900,'5527',710,,8890,50,,,0,101,,8891,50,,,0,100,,8892,50,,,0,102,,8893,50,,,0,106,,8894,50,,,0,95,,8895,50,,,0,107,,8896,50,,,0,100,,8897,50,0,17 10,0,100,,8898,50,0,17 10,0,99,,8899,50,,,0,104,,8900,59,,,0,96,,8901,50,0,17 10,0,99,,8902,50,,,0,94,,8903,50,,,0,99,,8904,50,,,0,104,,8905,50,0,17 10,0
900,'5565',711,,8907,50,0,17 10,0,100,,8908,50,0,17 10,0,102,,8909,50,0,17 10,0,100,,8906,50,0,17 10,0,107,,8910,50,0,17 10,0,95,,8911,50,0,17 10,0,105,,8912,50,0,17 10,0,99,,8913,50,0,17 10,0,100,,8914,50,0,17 10,0,100,,8915,50,0,17 10,0,100,,8916,50,0,17 10,0,99,,8917,50,0,17 10,0,100,,8918,50,0,17 10,0,94,,8919,50,0,17 10,0
900,'5566',611,,8920,50,0,17 10,0,109,,8921,50,0,17 10,0,99,,8922,50,0,17 10,0,103,,8923,50,0,17 10,0,99,,8924,50,0,17 10,0,101,,8925,50,0,17 10,0,100,,8926,50,0,17 10,0,100,,8927,50,0,17 10,0,101,,8928,50,0,17 10,0,100,,8929,50,0,17 10,0,100,,8930,50,0,17 10,0,101,,8931,50,0,17 10,0,100,,8932,50,0,17 10,0,98,,8933,50,0,17 10,0,98,,8934,50,0,17 10,0,99,,8935,50,0,17 10,0,98,,8936,50,0,17 10,0
2600,'5566',1522,,9056,52,0,9 10 11,0
2601,'5566',804,,9057,63,0,9 10 11,0
