1701,'5566',625,,8973,1,0,29 23,0,75,,8974,1,0,29 23,0,50,,8975,1,0,29 23,0,765,,8976,1,0,29 23,0,85,,8977,1,0,29 23,0,46,,8978,1,0,29 23,0,86,,8979,1,0,29 23,0,83,,8980,1,0,29 23,0
2201,'5566',740,,9052,1,,,0,684,,9053,1,,,0
3100,'5527',902,,9061,1,,,0,105,,9065,1,,,0,110,,9059,1,,,0,109,,9058,1,,,0,109,,9060,1,,,0,115,,9062,1,,,0,156,,9064,1,,,0,110,,9063,1,,,0
3100,'5565',1007,,9072,1,,,0,110,,9066,1,,,0,109,,9067,1,,,0,110,,9068,1,,,0,115,,9069,1,,,0,156,,9071,1,,,0,110,,9070,1,,,0
3100,'5566',724,,9073,1,,,0,32,,9074,1,,,0,71,,9075,1,,,0,104,,9076,1,,,0,106,,9077,1,,,0,110,,9078,1,,,0,109,,9079,1,,,0,154,,9080,1,,,0,96,,9081,1,,,0,37,,9082,1,,,0,77,,9083,1,,,0,35,,9084,1,,,0,76,,9085,1,,,0,75,,9086,1,,,0
1003100,'5475',2353,,10237,1,,,0,100,,10238,1,,,0,100,,10239,1,,,0,100,,10240,1,,,0
1003100,'5527',730,,10254,1,,,0,100,,10243,1,,,0,99,,10242,1,,,0,110,,10241,1,,,0,110,,10249,1,,,0,110,,10253,1,,,0,154,,10246,1,,,0,114,,10250,1,,,0,111,,10247,1,,,0,111,,10248,1,,,0,75,,10244,1,,,0,115,,10245,1,,,0,103,,10252,1,,,0,98,,10251,1,,,0
1003100,'5565',728,,10266,1,,,0,101,,10258,1,,,0,102,,10256,1,,,0,108,,10260,1,,,0,110,,10257,1,,,0,110,,10255,1,,,0,155,,10261,1,,,0,114,,10262,1,,,0,111,,10259,1,,,0,180,,10263,1,,,0,120,,10264,1,,,0,104,,10265,1,,,0
1003100,'5566',637,,10267,1,,,0,68,,10268,1,,,0,30,,10269,1,,,0,71,,10270,1,,,0,50,,10271,1,,,0,144,,10272,1,,,0,109,,10273,1,,,0,109,,10274,1,,,0,115,,10275,1,,,0,109,,10276,1,,,0,81,,10277,1,,,0,35,,10278,1,,,0,77,,10279,1,,,0,75,,10280,1,,,0,34,,10281,1,,,0,80,,10282,1,,,0,86,,10283,1,,,0,122,,10284,1,,,0,104,,10285,1,,,0,110,,10286,1,,,0
24003100,'5566',531,,10334,1,,,0,28,,10335,1,,,0,69,,10336,1,,,0,27,,10337,1,,,0
