100,'5475',2316,,8001,17,,,0,30,,8002,17,,,0,70,,8003,17,,,0,30,,8004,17,,,0,70,,8005,17,,,0,30,,8006,17,,,0,70,,8007,17,,,0,30,,8008,17,,,0,70,,8009,17,,,0
100,'5527',635,,8041,17,,,0,81,,8040,17,,,0,29,,8039,17,,,0,70,,8038,17,,,0,29,,8037,17,,,0,69,,8036,17,,,0,30,,8035,17,,,0,69,,8034,17,,,0,28,,8033,17,,,0,70,,8032,17,,,0,30,,8031,17,,,0,70,,8030,17,,,0,30,,8029,17,,,0,70,,8028,17,,,0,30,,8027,17,,,0,70,,8026,17,,,0,30,,8025,17,,,0,70,,8024,17,,,0,30,,8023,17,,,0,70,,8022,17,,,0,30,,8021,17,,,0,70,,8020,17,,,0,30,,8019,17,,,0,70,,8018,17,,,0,32,,8017,17,,,0,70,,8016,17,,,0,32,,8015,17,,,0,70,,8014,17,,,0,40,,8013,17,,,0,81,,8012,17,,,0,81,,8011,17,,,0,40,,8010,17,,,0
100,'5565',627,,8064,17,,,0,85,,8063,17,,,0,44,,8062,17,,,0,85,,8061,17,,,0,85,,8060,17,,,0,84,,8059,17,,,0,44,,8058,17,,,0,81,,8042,17,,,0,79,,8043,17,,,0,40,,8044,17,,,0,80,,8045,17,,,0,80,,8046,17,,,0,40,,8047,17,,,0,80,,8048,17,,,0,80,,8049,17,,,0,41,,8050,17,,,0,81,,8051,17,,,0,81,,8052,17,,,0,42,,8053,17,,,0,81,,8054,17,,,0,80,,8055,17,,,0,80,,8056,17,,,0,38,,8057,17,,,0,81,,8065,17,,,0
100,'5566',531,,8067,17,,,0,75,,8068,17,,,0,30,,8069,17,,,0,22,,8070,17,,,0,56,,8071,17,,,0,15,,8072,17,,,0,16,,8073,17,,,0,57,,8074,17,,,0,15,,8075,17,,,0,16,,8076,17,,,0,16,,8115,17,,,0,56,,8077,17,,,0,25,,8078,17,,,0,25,,8079,17,,,0,65,,8080,17,,,0,24,,8081,17,,,0,66,,8082,17,,,0,25,,8083,17,,,0,65,,8084,17,,,0,25,,8085,17,,,0,25,,8086,17,,,0,65,,8087,17,,,0,23,,8088,17,,,0,65,,8089,17,,,0,25,,8090,17,,,0,24,,8091,17,,,0,58,,8066,17,,,0,16,,8092,17,,,0,15,,8093,17,,,0,15,,8094,17,,,0,55,,8095,17,,,0,15,,8096,17,,,0,15,,8097,17,,,0,15,,8098,17,,,0,55,,8099,17,,,0,15,,8100,17,,,0,16,,8101,17,,,0,61,,8102,17,,,0,20,,8103,17,,,0,21,,8104,17,,,0,60,,8105,17,,,0,20,,8106,17,,,0,20,,8107,17,,,0,61,,8108,17,,,0,20,,8109,17,,,0,20,,8110,17,,,0,70,,8111,17,,,0,30,,8112,17,,,0,71,,8113,17,,,0,30,,8114,17,,,0
200,'5475',2301,,8228,22,,,0,30,,8229,22,,,0,70,,8230,22,,,0,30,,8231,22,,,0,70,,8232,22,,,0,30,,8233,22,,,0,70,,8234,22,,,0,30,,8235,22,,,0,70,,8236,22,,,0,30,,8237,22,0,17 10,0
200,'5527',613,,8238,22,,,0,44,,8239,22,,,0,74,,8240,22,,,0,69,,8241,22,,,0,30,,8242,22,,,0,29,,8243,22,,,0,69,,8244,22,,,0,30,,8245,22,,,0,69,,8246,22,,,0,28,,8247,22,,,0,70,,8248,22,,,0,30,,8249,22,,,0,70,,8250,22,,,0,30,,8251,22,,,0,70,,8252,22,,,0,30,,8253,22,,,0,70,,8254,22,,,0,30,,8255,22,,,0,70,,8256,22,,,0,30,,8257,22,,,0,70,,8258,22,,,0,30,,8259,22,,,0,70,,8260,22,,,0,30,,8261,22,,,0,72,,8262,22,,,0,30,,8263,22,,,0,71,,8264,22,,,0,31,,8265,22,,,0,75,,8266,22,,,0,83,,8267,22,,,0,42,,8268,22,,,0,76,,8269,22,,,0
200,'5565',649,,8291,22,,,0,85,,8290,22,,,0,85,,8289,22,,,0,85,,8288,22,,,0,43,,8287,22,,,0,85,,8286,22,,,0,82,,8285,22,,,0,40,,8270,22,,,0,80,,8271,22,,,0,80,,8272,22,,,0,40,,8273,22,,,0,80,,8274,22,,,0,80,,8275,22,,,0,40,,8276,22,,,0,81,,8277,22,,,0,81,,8278,22,,,0,41,,8279,22,,,0,80,,8280,22,,,0,83,,8281,22,,,0,82,,8282,22,,,0,38,,8283,22,,,0,83,,8284,22,,,0
200,'5566',550,,8292,22,,,0,71,,8293,22,,,0,28,,8294,22,,,0,58,,8295,22,,,0,16,,8296,22,,,0,15,,8297,22,,,0,17,,8298,22,,,0,55,,8299,22,,,0,15,,8300,22,,,0,15,,8301,22,,,0,17,,8340,22,,,0,61,,8302,22,,,0,24,,8303,22,,,0,65,,8304,22,,,0,25,,8305,22,,,0,25,,8306,22,,,0,66,,8307,22,,,0,25,,8308,22,,,0,65,,8309,22,,,0,25,,8310,22,,,0,65,,8311,22,,,0,23,,8312,22,,,0,23,,8313,22,,,0,65,,8314,22,,,0,25,,8315,22,,,0,63,,8316,22,,,0,16,,8317,22,,,0,16,,8318,22,,,0,15,,8319,22,,,0,55,,8320,22,,,0,15,,8321,22,,,0,15,,8322,22,,,0,15,,8323,22,,,0,55,,8324,22,,,0,16,,8325,22,,,0,15,,8326,22,,,0,18,,8327,22,,,0,60,,8328,22,,,0,20,,8329,22,,,0,22,,8330,22,,,0,60,,8331,22,,,0,20,,8332,22,,,0,20,,8333,22,,,0,60,,8334,22,,,0,20,,8335,22,,,0,65,,8336,22,,,0,31,,8337,22,,,0,70,,8338,22,,,0,30,,8339,22,,,0
1701,'5566',649,,8973,34,,,0,75,,8974,34,,,0,95,,8975,34,,,0,728,,8976,34,,,0,84,,8977,34,,,0,86,,8978,34,,,0,42,,8979,34,,,0,81,,8980,34,,,0
2100,'5475',2136,,8981,26,,,0,170,,8982,26,,,0,135,,8983,26,,,0
2100,'5527',829,,8991,26,,,0,125,,8993,26,,,0,181,,8992,26,,,0,170,,8987,26,,,0,125,,8988,26,,,0,106,,8989,26,,,0,100,,8990,26,,,0,100,,8985,26,,,0,168,,8986,26,,,0,133,,8984,26,,,0
2100,'5565',900,,9001,26,,,0,105,,9002,26,,,0,133,,8994,26,,,0,172,,8996,26,,,0,134,,8995,26,,,0,176,,8997,26,,,0,130,,8998,26,,,0,165,,8999,26,,,0,126,,9000,26,,,0
2100,'5566',658,,9003,26,,,0,87,,9004,26,,,0,85,,9005,26,,,0,86,,9006,26,,,0,89,,9007,26,,,0,46,,9008,26,,,0,93,,9009,26,,,0,167,,9010,26,,,0,128,,9011,26,,,0,286,,9012,26,,,0,82,,9013,26,,,0,101,,9014,26,,,0,119,,9015,26,,,0
2400,'5566',1445,,9054,13,0,15 16 11,0
1002100,'5566',1549,,10234,31,,,0,77,,10235,31,,,0
