5201,'5527',745,,9690,14,,,0,100,,9691,14,,,0,101,,9692,14,,,0,99,,9693,14,,,0,100,,9694,14,,,0,100,,9695,14,,,0,99,,9696,14,,,0,100,,9697,14,,,0,100,,9698,14,,,0,100,,9699,14,,,0,100,,9700,14,,,0,100,,9701,14,,,0,100,,9702,14,,,0,110,,9703,14,,,0,170,,9704,14,,,0,135,,9705,14,,,0
5201,'5565',845,,9707,14,,,0,101,,9706,14,,,0,99,,9708,14,,,0,99,,9709,14,,,0,100,,9710,14,,,0,100,,9711,14,,,0,100,,9712,14,,,0,101,,9713,14,,,0,100,,9714,14,,,0,100,,9715,14,,,0,110,,9716,14,,,0,100,,9717,14,,,0,90,,9718,14,,,0
5201,'5566',702,,9719,14,,,0,98,,9720,14,,,0,113,,9721,14,,,0,106,,9722,14,,,0,109,,9723,14,,,0,101,,9724,14,,,0,105,,9725,14,,,0,100,,9726,14,,,0,109,,9727,14,,,0,102,,9728,14,,,0,104,,9729,14,,,0,96,,9730,14,,,0,108,,9731,14,,,0,102,,9732,14,,,0,170,,9733,14,,,0,132,,9734,14,,,0
5401,'5527',746,,9785,43,,,0,100,,9786,72,,,0,102,,9784,72,,,0,101,,9787,72,,,0,103,,9788,72,,,0,100,,9789,72,,,0,100,,9790,72,,,0,101,,9791,72,,,0,99,,9792,72,,,0,100,,9793,72,,,0,98,,9794,72,,,0,100,,9795,72,,,0,98,,9796,72,,,0,99,,9797,72,,,0,109,,9798,72,,,0,172,,9799,72,,,0
5401,'5565',846,,9801,43,,,0,99,,9802,72,,,0,102,,9803,72,,,0,103,,9804,72,,,0,100,,9805,72,,,0,100,,9806,72,,,0,99,,9807,72,,,0,99,,9808,72,,,0,100,,9809,72,,,0,100,,9810,72,,,0,99,,9811,72,,,0,108,,9812,72,,,0,98,,9813,72,,,0
5401,'5566',600,,9814,43,,,0,100,,9815,72,,,0,118,,9816,72,,,0,90,,9817,72,,,0,111,,9818,72,,,0,107,,9819,72,,,0,110,,9820,72,,,0,102,,9821,72,,,0,112,,9822,72,,,0,106,,9823,72,,,0,101,,9824,72,,,0,99,,9825,72,,,0,99,,9826,72,,,0,96,,9827,72,,,0,104,,9828,72,,,0,102,,9829,72,,,0,169,,9830,72,,,0
5801,'5527',815,,9929,27,,,0,119,,9930,27,,,0,104,,9931,27,,,0,100,,9932,27,,,0,102,,9933,27,,,0,99,,9934,27,,,0,100,,9935,27,,,0,97,,9936,27,,,0,100,,9937,27,,,0,100,,9938,27,,,0,100,,9939,27,,,0,170,,9940,27,,,0,129,,9941,27,,,0,100,,9942,27,,,0
5801,'5565',815,,9943,27,,,0,120,,9944,27,,,0,102,,9945,27,,,0,100,,9946,27,,,0,101,,9947,27,,,0,101,,9948,27,,,0,98,,9949,27,,,0,99,,9950,27,,,0,99,,9951,27,,,0,100,,9952,27,,,0,100,,9953,27,,,0,96,,9954,27,,,0,100,,9955,27,,,0
5801,'5566',555,,9956,16,,,0,95,,9957,27,,,0,177,,9958,27,,,0,121,,9959,27,,,0,101,,9960,27,,,0,101,,9961,27,,,0,101,,9962,27,,,0,100,,9963,27,,,0,105,,9964,27,,,0,100,,9965,27,,,0,97,,9966,27,,,0,98,,9967,27,,,0,95,,9968,27,,,0,161,,9969,27,,,0,129,,9970,27,,,0
5900,'5566',1623,,9971,11,,,0,95,,9972,11,,,0
5901,'5566',652,,9973,18,,,0,100,,9974,18,,,0
