201,'5475',2305,,8341,17,,,0,30,,8342,17,,,0,70,,8343,17,,,0,30,,8344,17,,,0,70,,8345,17,,,0,30,,8346,17,,,0,70,,8347,17,,,0,30,,8348,17,,,0,70,,8349,17,,,0
201,'5527',642,,8350,17,,,0,85,,8351,17,,,0,78,,8352,17,,,0,30,,8353,17,,,0,70,,8354,17,,,0,31,,8355,17,,,0,70,,8356,17,,,0,30,,8357,17,,,0,70,,8358,17,,,0,32,,8359,17,,,0,70,,8360,17,,,0,31,,8361,17,,,0,70,,8362,17,,,0,30,,8363,17,,,0,71,,8364,17,,,0,30,,8365,17,,,0,69,,8366,17,,,0,30,,8367,17,,,0,71,,8368,17,,,0,30,,8369,17,,,0,69,,8370,17,,,0,30,,8371,17,,,0,70,,8372,17,,,0,30,,8373,17,,,0,69,,8374,17,,,0,28,,8375,17,,,0,69,,8376,17,,,0,30,,8377,17,,,0,75,,8378,17,,,0,40,,8379,17,,,0,80,,8380,17,,,0
201,'5565',642,,8381,17,,,0,85,,8382,17,,,0,85,,8383,17,,,0,45,,8384,17,,,0,85,,8385,17,,,0,85,,8386,17,,,0,85,,8387,17,,,0,45,,8388,17,,,0,81,,8389,17,,,0,80,,8390,17,,,0,40,,8391,17,,,0,80,,8392,17,,,0,80,,8393,17,,,0,40,,8394,17,,,0,80,,8395,17,,,0,80,,8396,17,,,0,40,,8397,17,,,0,80,,8398,17,,,0,80,,8399,17,,,0,40,,8400,17,,,0,78,,8401,17,,,0,92,,8402,17,,,0
201,'5566',510,,8404,17,,,0,46,,8405,17,,,0,65,,8406,17,,,0,35,,8407,17,,,0,58,,8408,17,,,0,17,,8409,17,,,0,14,,8410,17,,,0,55,,8411,17,,,0,17,,8412,17,,,0,21,,8413,17,,,0,65,,8414,17,,,0,30,,8415,17,,,0,68,,8416,17,,,0,27,,8417,17,,,0,25,,8418,17,,,0,64,,8419,17,,,0,25,,8420,17,,,0,65,,8421,17,,,0,26,,8422,17,,,0,25,,8423,17,,,0,65,,8424,17,,,0,25,,8425,17,,,0,65,,8426,17,,,0,24,,8427,17,,,0,11,,8403,17,0,9 10,0,5,,8428,17,,,0,55,,8429,17,,,0,15,,8430,17,,,0,15,,8431,17,,,0,15,,8432,17,,,0,55,,8433,17,,,0,15,,8434,17,,,0,15,,8435,17,,,0,15,,8436,17,,,0,56,,8437,17,,,0,15,,8438,17,,,0,15,,8439,17,,,0,15,,8440,17,,,0,60,,8441,17,,,0,20,,8442,17,,,0,20,,8443,17,,,0,60,,8444,17,,,0,20,,8445,17,,,0,20,,8446,17,,,0,60,,8447,17,,,0,25,,8448,17,,,0,70,,8449,17,,,0,28,,8450,17,,,0,69,,8451,17,,,0,29,,8452,17,,,0
500,'5475',2403,,8657,15,,,0,100,,8658,15,,,0,100,,8659,15,,,0,100,,8660,15,,,0
500,'5527',620,,8685,15,,,0,95,,8684,15,,,0,91,,8683,15,,,0,103,,8686,15,,,0,92,,8661,15,,,0,33,,8662,15,,,0,82,,8663,15,,,0,38,,8664,15,,,0,70,,8666,15,,,0,35,,8667,15,,,0,75,,8668,15,,,0,76,,8665,15,,,0,41,,8669,15,,,0,76,,8670,15,,,0,74,,8671,15,,,0,39,,8672,15,,,0,74,,8673,15,,,0,30,,8674,15,,,0,73,,8675,15,,,0,34,,8676,15,,,0,73,,8677,15,,,0,82,,8678,15,,,0,34,,8679,15,,,0,75,,8680,15,,,0,88,,8681,15,,,0,99,,8682,15,,,0
500,'5565',643,,8687,15,,,0,102,,8688,15,,,0,96,,8689,15,,,0,90,,8701,15,,,0,101,,8690,15,,,0,95,,8691,15,,,0,100,,8693,15,,,0,96,,8694,15,,,0,100,,8695,15,,,0,101,,8692,15,,,0,101,,8696,15,,,0,97,,8697,15,,,0,103,,8698,15,,,0,95,,8699,15,,,0,91,,8700,15,,,0
500,'5566',618,,8702,15,,,0,84,,8703,15,,,0,39,,8704,15,,,0,76,,8705,15,,,0,34,,8706,15,,,0,74,,8707,15,,,0,34,,8708,15,,,0,77,,8709,15,,,0,75,,8710,15,,,0,36,,8711,15,,,0,78,,8712,15,,,0,76,,8713,15,,,0,35,,8714,15,,,0,77,,8715,15,,,0,37,,8716,15,,,0,81,,8717,15,,,0,74,,8718,15,,,0,35,,8719,15,,,0,81,,8720,15,,,0,29,,8721,15,,,0,72,,8722,15,,,0,32,,8723,15,,,0,74,,8724,15,,,0,72,,8725,15,,,0,35,,8726,15,,,0,70,,8727,15,,,0,98,,8728,15,,,0,98,,8729,15,,,0
900,'5527',714,,8890,57,,,0,101,,8891,57,,,0,100,,8892,57,,,0,103,,8893,57,,,0,107,,8894,57,,,0,95,,8895,57,,,0,107,,8896,57,,,0,299,,8899,57,,,0,103,,8900,66,,,0,194,,8902,57,,,0,94,,8903,57,,,0,99,,8904,57,,,0
1200,'5566',729,,8937,19,,,0,85,,8938,19,,,0,41,,8939,19,,,0,76,,8940,19,,,0,114,,8941,19,,,0,159,,8942,19,,,0,125,,8943,19,,,0,171,,8944,19,,,0,131,,8945,19,,,0,80,,8946,19,,,0,44,,8947,19,,,0
2401,'5566',815,,9055,42,0,15 16 11,0
2600,'5566',1528,,9056,59,0,9 10 11,0
2601,'5566',812,,9057,70,0,9 10 11,0
