300,'5475',2400,,8453,21,,,0,100,,8454,21,,,0,100,,8455,21,,,0,100,,8456,21,,,0
300,'5527',610,,8481,21,,,0,49,,8480,21,,,0,99,,8482,21,,,0,89,,8457,21,,,0,68,,8458,21,,,0,40,,8459,21,,,0,75,,8461,21,,,0,70,,8462,21,,,0,35,,8463,21,,,0,74,,8460,21,,,0,34,,8464,21,,,0,80,,8465,21,,,0,35,,8466,21,,,0,75,,8467,21,,,0,81,,8468,21,,,0,35,,8469,21,,,0,70,,8470,21,,,0,35,,8471,21,,,0,76,,8472,21,,,0,75,,8473,21,,,0,47,,8474,21,,,0,75,,8475,21,,,0,76,,8476,21,,,0,50,,8477,21,,,0,101,,8478,21,,,0,100,,8479,21,,,0
300,'5565',639,,8483,21,,,0,95,,8484,21,,,0,88,,8497,21,,,0,94,,8486,21,,,0,94,,8487,21,,,0,95,,8488,21,,,0,95,,8485,21,,,0,59,,8489,21,,,0,100,,8490,21,,,0,100,,8491,21,,,0,100,,8492,21,,,0,145,,8493,21,,,0,96,,8494,21,,,0,57,,8495,21,,,0,102,,8496,21,,,0
300,'5566',557,,8498,21,,,0,71,,8499,21,,,0,30,,8500,21,,,0,73,,8501,21,,,0,74,,8502,21,,,0,35,,8503,21,,,0,75,,8504,21,,,0,35,,8505,21,,,0,75,,8506,21,,,0,75,,8507,21,,,0,34,,8508,21,,,0,74,,8509,21,,,0,35,,8510,21,,,0,75,,8511,21,,,0,39,,8512,21,,,0,75,,8513,21,,,0,74,,8514,21,,,0,40,,8515,21,,,0,74,,8516,21,,,0,35,,8517,21,,,0,79,,8518,21,,,0,76,,8519,21,,,0,36,,8520,21,,,0,75,,8521,21,,,0,31,,8522,21,,,0,102,,8523,21,,,0,100,,8524,21,,,0,104,,8525,21,,,0
601,'5475',2427,,8801,6,0,58,0,100,,8802,6,0,58,0,100,,8803,6,0,58,0
601,'5527',552,,8806,6,0,58,0,95,,8807,6,0,58,0,100,,8805,6,0,58,0,101,,8808,6,0,58,0,102,,8809,6,0,58,0,93,,8810,6,0,58,0,100,,8811,6,0,58,0,100,,8812,6,0,58,0,100,,8813,6,0,58,0,100,,8814,6,0,58,0,100,,8815,6,0,58,0,100,,8816,6,0,58,0,105,,8817,6,0,58,0,105,,8818,6,0,58,0,95,,8819,6,0,58,0,110,,8820,6,0,58,0,154,,8821,6,0,58,0,110,,8804,6,0,58,0
601,'5565',547,,8822,6,0,58,0,110,,8823,6,0,58,0,145,,8824,6,0,58,0,111,,8825,6,0,58,0,40,,8827,6,0,58,0,100,,8828,6,0,58,0,90,,8829,6,0,58,0,100,,8826,6,0,58,0,100,,8830,6,0,58,0,100,,8831,6,0,58,0,100,,8832,6,0,58,0,100,,8833,6,0,58,0,105,,8834,6,0,58,0,160,,8835,6,0,58,0,110,,8836,6,0,58,0
601,'5566',548,,8837,6,0,58,0,77,,8838,6,0,58,0,77,,8839,6,0,58,0,37,,8840,6,0,58,0,85,,8841,6,0,58,0,79,,8842,6,0,58,0,35,,8843,6,0,58,0,115,,8844,6,0,58,0,160,,8845,6,0,58,0,125,,8846,6,0,58,0,84,,8847,6,0,58,0,87,,8848,6,0,58,0,47,,8849,6,0,58,0,82,,8850,6,0,58,0,82,,8851,6,0,58,0,83,,8852,6,0,58,0,43,,8853,6,0,58,0,102,,8854,6,0,58,0,110,,8855,6,0,58,0,154,,8856,6,0,58,0,110,,8857,6,0,58,0
2401,'5566',739,,9055,6,0,15 16 11,0
3100,'5527',905,,9061,6,,,0,105,,9065,6,,,0,110,,9059,6,,,0,109,,9058,6,,,0,109,,9060,6,,,0,115,,9062,6,,,0,156,,9064,6,,,0,110,,9063,6,,,0
3100,'5565',1010,,9072,6,,,0,110,,9066,6,,,0,109,,9067,6,,,0,110,,9068,6,,,0,115,,9069,6,,,0,156,,9071,6,,,0,110,,9070,6,,,0
3100,'5566',726,,9073,6,,,0,33,,9074,6,,,0,71,,9075,6,,,0,104,,9076,6,,,0,106,,9077,6,,,0,110,,9078,6,,,0,109,,9079,6,,,0,154,,9080,6,,,0,97,,9081,6,,,0,36,,9082,6,,,0,77,,9083,6,,,0,35,,9084,6,,,0,76,,9085,6,,,0,75,,9086,6,,,0
1003100,'5475',2355,,10237,6,,,0,100,,10238,6,,,0,100,,10239,6,,,0,100,,10240,6,,,0
1003100,'5527',732,,10254,6,,,0,101,,10243,6,,,0,99,,10242,6,,,0,110,,10241,6,,,0,110,,10249,6,,,0,150,,10253,6,,,0,114,,10246,6,,,0,114,,10250,6,,,0,111,,10247,6,,,0,111,,10248,6,,,0,75,,10244,6,,,0,115,,10245,6,,,0,102,,10252,6,,,0,98,,10251,6,,,0
1003100,'5565',730,,10266,6,,,0,102,,10258,6,,,0,102,,10256,6,,,0,108,,10260,6,,,0,110,,10257,6,,,0,150,,10255,6,,,0,115,,10261,6,,,0,114,,10262,6,,,0,111,,10259,6,,,0,180,,10263,6,,,0,120,,10264,6,,,0,103,,10265,6,,,0
1003100,'5566',639,,10267,6,,,0,68,,10268,6,,,0,31,,10269,6,,,0,71,,10270,6,,,0,50,,10271,6,,,0,144,,10272,6,,,0,109,,10273,6,,,0,109,,10274,6,,,0,115,,10275,6,,,0,110,,10276,6,,,0,80,,10277,6,,,0,75,,10278,6,,,0,37,,10279,6,,,0,75,,10280,6,,,0,34,,10281,6,,,0,80,,10282,6,,,0,86,,10283,6,,,0,122,,10284,6,,,0,103,,10285,6,,,0,110,,10286,6,,,0
24003100,'5566',533,,10334,6,,,0,68,,10335,6,,,0,29,,10336,6,,,0,27,,10337,6,,,0
