5200,'5527',755,,9645,1,,,0,99,,9646,1,,,0,103,,9647,1,,,0,101,,9644,1,,,0,142,,9648,1,,,0,100,,9649,1,,,0,100,,9650,1,,,0,100,,9651,1,,,0,100,,9652,1,,,0,59,,9653,1,,,0,98,,9654,1,,,0,100,,9655,1,,,0,99,,9656,1,,,0,99,,9657,1,,,0,149,,9658,1,,,0
5200,'5565',755,,9659,1,,,0,99,,9660,1,,,0,98,,9661,1,,,0,103,,9662,1,,,0,103,,9663,1,,,0,101,,9664,1,,,0,100,,9665,1,,,0,100,,9666,1,,,0,97,,9667,1,,,0,99,,9668,1,,,0,100,,9669,1,,,0,99,,9670,1,,,0,148,,9671,1,,,0,98,,9672,1,,,0
5200,'5566',606,,9673,1,,,0,100,,9674,1,,,0,122,,9675,1,,,0,89,,9676,1,,,0,113,,9677,1,,,0,104,,9678,1,,,0,113,,9679,1,,,0,100,,9680,1,,,0,153,,9681,1,,,0,105,,9682,1,,,0,102,,9683,1,,,0,97,,9684,1,,,0,101,,9685,1,,,0,95,,9686,1,,,0,105,,9687,1,,,0,100,,9688,1,,,0,130,,9689,1,,,0
5201,'5527',748,,9690,18,4,,0,100,,9691,18,4,,0,101,,9692,18,4,,0,99,,9693,18,4,,0,100,,9694,18,4,,0,100,,9695,18,4,,0,99,,9696,18,4,,0,100,,9697,18,4,,0,100,,9698,18,4,,0,100,,9699,18,4,,0,100,,9700,18,4,,0,100,,9701,18,4,,0,100,,9702,18,4,,0,110,,9703,18,4,,0,169,,9704,18,4,,0,175,,9705,18,4,,0
5201,'5565',848,,9707,18,4,,0,101,,9706,18,4,,0,99,,9708,18,4,,0,99,,9709,18,4,,0,100,,9710,18,4,,0,100,,9711,18,4,,0,100,,9712,18,4,,0,101,,9713,18,4,,0,100,,9714,18,4,,0,100,,9715,18,4,,0,110,,9716,18,4,,0,100,,9717,18,4,,0,89,,9718,18,4,,0
5201,'5566',705,,9719,18,4,,0,98,,9720,18,4,,0,113,,9721,18,4,,0,106,,9722,18,4,,0,110,,9723,18,4,,0,101,,9724,18,4,,0,105,,9725,18,4,,0,100,,9726,18,4,,0,109,,9727,18,4,,0,101,,9728,18,4,,0,104,,9729,18,4,,0,96,,9730,18,4,,0,108,,9731,18,4,,0,102,,9732,18,4,,0,169,,9733,18,4,,0,132,,9734,18,4,,0
5401,'5527',748,,9785,47,4,,0,2,,9786,1,0,38,0,99,,9786,76,4,,0,1,,9784,1,0,38,0,101,,9784,76,4,,0,100,,9788,1,0,38,0,1,,9787,76,4,,0,99,,9789,1,0,38,0,4,,9788,76,4,,0,96,,9790,1,0,38,0,4,,9789,76,4,,0,96,,9791,1,0,38,0,4,,9790,76,4,,0,95,,9792,1,0,38,0,6,,9791,76,4,,0,94,,9793,1,0,38,0,5,,9792,76,4,,0,95,,9794,1,0,38,0,5,,9793,76,4,,0,95,,9795,1,0,38,0,3,,9794,76,4,,0,97,,9796,1,0,38,0,3,,9795,76,4,,0,97,,9797,1,0,38,0,99,,9797,76,4,,0,51,,9798,1,0,38,0,58,,9798,76,4,,0,77,,9799,1,0,38,0,95,,9799,76,4,,0,5,,9800,1,0,38,0
5401,'5565',848,,9801,47,4,,0,2,,9802,1,0,38,0,98,,9802,76,4,,0,3,,9803,1,0,38,0,99,,9804,1,0,38,0,100,,9805,1,0,38,0,3,,9804,76,4,,0,97,,9806,1,0,38,0,3,,9805,76,4,,0,97,,9807,1,0,38,0,3,,9806,76,4,,0,97,,9808,1,0,38,0,2,,9807,76,4,,0,98,,9809,1,0,38,0,1,,9808,76,4,,0,99,,9810,1,0,38,0,1,,9809,76,4,,0,99,,9811,1,0,38,0,1,,9810,76,4,,0,99,,9811,76,4,,0,50,,9812,1,0,38,0,57,,9812,76,4,,0,43,,9813,1,0,38,0,55,,9813,76,4,,0
5401,'5566',602,,9814,47,4,,0,3,,9815,1,0,38,0,97,,9815,76,4,,0,6,,9816,1,0,38,0,97,,9817,1,0,38,0,16,,9816,76,4,,0,90,,9817,76,4,,0,9,,9818,1,0,38,0,102,,9818,76,4,,0,3,,9819,1,0,38,0,104,,9819,76,4,,0,6,,9820,1,0,38,0,101,,9821,1,0,38,0,3,,9820,76,4,,0,102,,9822,1,0,38,0,103,,9823,1,0,38,0,9,,9822,76,4,,0,98,,9824,1,0,38,0,8,,9823,76,4,,0,93,,9825,1,0,38,0,48,,9824,76,4,,0,55,,9826,1,0,38,0,4,,9825,76,4,,0,93,,9827,1,0,38,0,6,,9826,76,4,,0,96,,9827,76,4,,0,46,,9828,1,0,38,0,57,,9828,76,4,,0,46,,9829,1,0,38,0,56,,9829,76,4,,0,74,,9830,1,0,38,0,95,,9830,76,4,,0
5601,'5564',1040,,9844,1,0,52 53 54,0,115,,9838,19,4,,0,55,,9845,1,0,52 53 54,0,190,,9840,19,4,,0,155,,9846,1,0,52 53 54,0,260,,9843,19,4,,0
5700,'5527',820,,9847,1,,,0,120,,9848,1,,,0,102,,9849,1,,,0,100,,9850,1,,,0,103,,9851,1,,,0,99,,9852,1,,,0,100,,9853,1,,,0,97,,9854,1,,,0,100,,9855,1,,,0,100,,9856,1,,,0,100,,9857,1,,,0,170,,9858,1,,,0,129,,9859,1,,,0,100,,9860,1,,,0
5700,'5565',820,,9861,1,,,0,120,,9862,1,,,0,101,,9863,1,,,0,100,,9864,1,,,0,101,,9865,1,,,0,101,,9866,1,,,0,99,,9867,1,,,0,99,,9868,1,,,0,99,,9869,1,,,0,100,,9870,1,,,0,100,,9871,1,,,0,95,,9872,1,,,0
5700,'5566',600,,9873,1,,,0,55,,9874,1,,,0,145,,9875,1,,,0,100,,9876,1,,,0,53,,9877,1,,,0,101,,9878,1,,,0,101,,9879,1,,,0,101,,9880,1,,,0,100,,9881,1,,,0,146,,9882,1,,,0,100,,9883,1,,,0,98,,9884,1,,,0,56,,9885,1,,,0,95,,9886,1,,,0,161,,9887,1,,,0,129,,9888,1,,,0
5701,'5527',911,,9889,27,4,,0,101,,9890,27,4,,0,99,,9891,27,4,,0,100,,9892,27,4,,0,99,,9893,27,4,,0,101,,9894,27,4,,0,99,,9895,27,4,,0,100,,9896,27,4,,0,101,,9897,27,4,,0,101,,9898,27,4,,0,130,,9899,27,4,,0,170,,9900,27,4,,0,100,,9901,27,4,,0
5701,'5565',913,,9902,27,4,,0,100,,9903,27,4,,0,100,,9904,27,4,,0,99,,9905,27,4,,0,100,,9906,27,4,,0,98,,9907,27,4,,0,100,,9908,27,4,,0,100,,9909,27,4,,0,100,,9910,27,4,,0,100,,9911,27,4,,0,96,,9912,27,4,,0,100,,9913,27,4,,0
5701,'5566',627,,9914,27,4,,0,130,,9915,27,4,,0,96,,9916,27,4,,0,69,,9917,27,4,,0,100,,9918,27,4,,0,101,,9919,27,4,,0,100,,9920,27,4,,0,100,,9921,27,4,,0,101,,9922,27,4,,0,102,,9923,27,4,,0,98,,9924,27,4,,0,99,,9925,27,4,,0,98,,9926,27,4,,0,122,,9927,27,4,,0,170,,9928,27,4,,0
5801,'5527',755,,9929,1,0,47 48,0,62,,9929,31,4,,0,97,,9930,1,0,47 48,0,22,,9930,31,4,,0,79,,9931,1,0,47 48,0,25,,9931,31,4,,0,75,,9932,1,0,47 48,0,25,,9932,31,4,,0,75,,9933,1,0,47 48,0,27,,9933,31,4,,0,72,,9934,1,0,47 48,0,27,,9934,31,4,,0,74,,9935,1,0,47 48,0,26,,9935,31,4,,0,72,,9936,1,0,47 48,0,25,,9936,31,4,,0,75,,9937,1,0,47 48,0,25,,9937,31,4,,0,76,,9938,1,0,47 48,0,24,,9938,31,4,,0,77,,9939,1,0,47 48,0,23,,9939,31,4,,0,107,,9940,1,0,47 48,0,63,,9940,31,4,,0,107,,9941,1,0,47 48,0,22,,9941,31,4,,0,78,,9942,1,0,47 48,0,22,,9942,31,4,,0
5801,'5565',755,,9943,1,0,47 48,0,62,,9943,31,4,,0,98,,9944,1,0,47 48,0,22,,9944,31,4,,0,78,,9945,1,0,47 48,0,24,,9945,31,4,,0,76,,9946,1,0,47 48,0,24,,9946,31,4,,0,76,,9947,1,0,47 48,0,25,,9947,31,4,,0,75,,9948,1,0,47 48,0,26,,9948,31,4,,0,72,,9949,1,0,47 48,0,26,,9949,31,4,,0,74,,9950,1,0,47 48,0,25,,9950,31,4,,0,75,,9951,1,0,47 48,0,24,,9951,31,4,,0,76,,9952,1,0,47 48,0,24,,9952,31,4,,0,76,,9953,1,0,47 48,0,24,,9953,31,4,,0,73,,9954,1,0,47 48,0,23,,9954,31,4,,0,77,,9955,1,0,47 48,0,23,,9955,31,4,,0
5801,'5566',557,,9956,20,4,,0,73,,9957,1,0,47 48,0,22,,9957,31,4,,0,148,,9958,1,0,47 48,0,30,,9958,31,4,,0,95,,9959,1,0,47 48,0,25,,9959,31,4,,0,75,,9960,1,0,47 48,0,26,,9960,31,4,,0,75,,9961,1,0,47 48,0,26,,9961,31,4,,0,75,,9962,1,0,47 48,0,26,,9962,31,4,,0,74,,9963,1,0,47 48,0,26,,9963,31,4,,0,75,,9964,1,0,47 48,0,31,,9964,31,4,,0,71,,9965,1,0,47 48,0,29,,9965,31,4,,0,69,,9966,1,0,47 48,0,28,,9966,31,4,,0,71,,9967,1,0,47 48,0,26,,9967,31,4,,0,71,,9968,1,0,47 48,0,24,,9968,31,4,,0,98,,9969,1,0,47 48,0,63,,9969,31,4,,0,107,,9970,1,0,47 48,0,22,,9970,31,4,,0
5900,'5566',1610,,9971,1,,,0,16,,9971,15,,,0,79,,9972,1,,,0,16,,9972,15,,,0
5901,'5566',639,,9973,8,,,0,15,,9973,22,4,,0,85,,9974,8,,,0,15,,9974,22,4,,0
