100,'5475',2332,,8001,41,4,,0,70,,8002,41,4,,0,30,,8003,41,4,,0,70,,8004,41,4,,0,30,,8005,41,4,,0,70,,8006,41,4,,0,30,,8007,41,4,,0,70,,8008,41,4,,0,30,,8009,41,4,,0
100,'5527',652,,8041,41,4,,0,82,,8040,41,4,,0,71,,8039,41,4,,0,30,,8038,41,4,,0,70,,8037,41,4,,0,30,,8036,41,4,,0,70,,8035,41,4,,0,30,,8034,41,4,,0,69,,8033,41,4,,0,30,,8032,41,4,,0,70,,8031,41,4,,0,30,,8030,41,4,,0,70,,8029,41,4,,0,31,,8028,41,4,,0,70,,8027,41,4,,0,30,,8026,41,4,,0,70,,8025,41,4,,0,30,,8024,41,4,,0,70,,8023,41,4,,0,30,,8022,41,4,,0,70,,8021,41,4,,0,30,,8020,41,4,,0,70,,8019,41,4,,0,30,,8018,41,4,,0,71,,8017,41,4,,0,28,,8016,41,4,,0,70,,8015,41,4,,0,30,,8014,41,4,,0,80,,8013,41,4,,0,40,,8012,41,4,,0,79,,8011,41,4,,0,80,,8010,41,4,,0
100,'5565',643,,8064,41,4,,0,85,,8063,41,4,,0,86,,8062,41,4,,0,45,,8061,41,4,,0,85,,8060,41,4,,0,86,,8059,41,4,,0,86,,8058,41,4,,0,41,,8042,41,4,,0,81,,8043,41,4,,0,80,,8044,41,4,,0,40,,8045,41,4,,0,80,,8046,41,4,,0,80,,8047,41,4,,0,40,,8048,41,4,,0,80,,8049,41,4,,0,81,,8050,41,4,,0,40,,8051,41,4,,0,80,,8052,41,4,,0,82,,8053,41,4,,0,80,,8054,41,4,,0,39,,8055,41,4,,0,79,,8056,41,4,,0,38,,8057,41,4,,0,78,,8065,41,4,,0
100,'5566',547,,8067,41,4,,0,76,,8068,41,4,,0,32,,8069,41,4,,0,63,,8070,41,4,,0,16,,8071,41,4,,0,18,,8072,41,4,,0,57,,8073,41,4,,0,17,,8074,41,4,,0,14,,8075,41,4,,0,15,,8076,41,4,,0,56,,8115,41,4,,0,17,,8077,41,4,,0,25,,8078,41,4,,0,65,,8079,41,4,,0,25,,8080,41,4,,0,67,,8081,41,4,,0,26,,8082,41,4,,0,65,,8083,41,4,,0,25,,8084,41,4,,0,25,,8085,41,4,,0,65,,8086,41,4,,0,25,,8087,41,4,,0,64,,8088,41,4,,0,26,,8089,41,4,,0,25,,8090,41,4,,0,64,,8091,41,4,,0,17,,8066,41,4,,0,16,,8092,41,4,,0,55,,8093,41,4,,0,15,,8094,41,4,,0,15,,8095,41,4,,0,15,,8096,41,4,,0,55,,8097,41,4,,0,15,,8098,41,4,,0,14,,8099,41,4,,0,13,,8100,41,4,,0,55,,8101,41,4,,0,20,,8102,41,4,,0,20,,8103,41,4,,0,61,,8104,41,4,,0,20,,8105,41,4,,0,20,,8106,41,4,,0,60,,8107,41,4,,0,20,,8108,41,4,,0,20,,8109,41,4,,0,60,,8110,41,4,,0,29,,8111,41,4,,0,69,,8112,41,4,,0,30,,8113,41,4,,0,69,,8114,41,4,,0
101,'5475',2310,,8116,1,,,0,30,,8117,1,,,0,70,,8118,1,,,0,30,,8119,1,,,0,70,,8120,1,,,0,30,,8121,1,,,0,70,,8122,1,,,0,30,,8123,1,,,0,70,,8124,1,0,9 10,0
101,'5527',610,,8156,1,,,0,45,,8155,1,,,0,84,,8154,1,,,0,69,,8153,1,,,0,30,,8152,1,,,0,70,,8151,1,,,0,30,,8150,1,,,0,70,,8149,1,,,0,30,,8148,1,,,0,71,,8147,1,,,0,30,,8146,1,,,0,70,,8145,1,,,0,30,,8144,1,,,0,70,,8143,1,,,0,31,,8142,1,,,0,70,,8141,1,,,0,30,,8140,1,,,0,70,,8139,1,,,0,30,,8138,1,,,0,70,,8137,1,,,0,30,,8136,1,,,0,70,,8135,1,,,0,30,,8134,1,,,0,70,,8133,1,,,0,30,,8132,1,,,0,71,,8131,1,,,0,28,,8130,1,,,0,70,,8129,1,,,0,30,,8128,1,,,0,80,,8127,1,,,0,40,,8126,1,,,0,80,,8125,1,,,0
101,'5565',605,,8157,1,,,0,50,,8158,1,,,0,84,,8159,1,,,0,86,,8160,1,,,0,85,,8161,1,,,0,43,,8162,1,,,0,84,,8163,1,,,0,84,,8164,1,,,0,83,,8165,1,,,0,40,,8166,1,,,0,80,,8167,1,,,0,80,,8168,1,,,0,40,,8169,1,,,0,80,,8170,1,,,0,80,,8171,1,,,0,40,,8172,1,,,0,80,,8173,1,,,0,80,,8174,1,,,0,41,,8175,1,,,0,81,,8176,1,,,0,80,,8177,1,,,0,40,,8178,1,,,0
101,'5566',530,,8179,1,,,0,25,,8180,1,,,0,75,,8181,1,,,0,24,,8182,1,,,0,56,,8183,1,,,0,16,,8184,1,,,0,15,,8185,1,,,0,15,,8186,1,,,0,58,,8187,1,,,0,22,,8188,1,,,0,69,,8189,1,,,0,28,,8190,1,,,0,70,,8191,1,,,0,25,,8192,1,,,0,24,,8193,1,,,0,64,,8194,1,,,0,26,,8195,1,,,0,65,,8196,1,,,0,25,,8197,1,,,0,25,,8198,1,,,0,65,,8199,1,,,0,25,,8200,1,,,0,64,,8201,1,,,0,20,,8202,1,,,0,14,,8203,1,,,0,55,,8204,1,,,0,15,,8205,1,,,0,15,,8206,1,,,0,15,,8207,1,,,0,55,,8208,1,,,0,15,,8209,1,,,0,15,,8210,1,,,0,15,,8211,1,,,0,56,,8212,1,,,0,15,,8213,1,,,0,16,,8214,1,,,0,18,,8215,1,,,0,61,,8216,1,,,0,20,,8217,1,,,0,20,,8218,1,,,0,60,,8219,1,,,0,20,,8220,1,,,0,20,,8221,1,,,0,60,,8222,1,,,0,30,,8223,1,,,0,70,,8224,1,,,0,29,,8225,1,,,0,70,,8226,1,,,0,30,,8227,1,,,0
1200,'5566',714,,8937,1,,,0,42,,8938,1,,,0,83,,8939,1,,,0,77,,8940,1,,,0,114,,8941,1,,,0,118,,8942,1,,,0,165,,8943,1,,,0,130,,8944,1,,,0,171,,8945,1,,,0,41,,8946,1,,,0,85,,8947,1,,,0
1201,'5566',712,,8948,17,4,,0,42,,8949,17,4,,0,83,,8950,17,4,,0,77,,8951,17,4,,0,114,,8952,17,4,,0,117,,8953,17,4,,0,165,,8954,17,4,,0,130,,8955,17,4,,0,171,,8956,17,4,,0,41,,8957,17,4,,0,85,,8958,17,4,,0
