2100,'5475',2112,,8981,3,,,0,130,,8982,3,,,0,175,,8983,3,,,0
2100,'5527',803,,8991,3,,,0,125,,8993,3,,,0,180,,8992,3,,,0,130,,8987,3,,,0,165,,8988,3,,,0,106,,8989,3,,,0,100,,8990,3,,,0,100,,8985,3,,,0,131,,8986,3,,,0,173,,8984,3,,,0
2100,'5565',837,,9001,3,,,0,103,,9002,3,,,0,173,,8994,3,,,0,132,,8996,3,,,0,174,,8995,3,,,0,135,,8997,3,,,0,170,,8998,3,,,0,126,,8999,3,,,0,166,,9000,3,,,0
2100,'5566',633,,9003,3,,,0,85,,9004,3,,,0,85,,9005,3,,,0,45,,9006,3,,,0,90,,9007,3,,,0,85,,9008,3,,,0,93,,9009,3,,,0,127,,9010,3,,,0,167,,9011,3,,,0,246,,9012,3,,,0,84,,9013,3,,,0,103,,9014,3,,,0,160,,9015,3,,,0
2101,'5475',2101,,9016,26,,,0,130,,9017,26,,,0,175,,9018,26,,,0
2101,'5527',751,,9027,26,,,0,165,,9028,26,,,0,140,,9026,26,,,0,169,,9022,26,,,0,125,,9020,26,,,0,106,,9021,26,,,0,100,,9023,26,,,0,101,,9024,26,,,0,170,,9025,26,,,0,130,,9019,26,,,0
2101,'5565',825,,9037,26,,,0,102,,9029,26,,,0,174,,9030,26,,,0,132,,9031,26,,,0,174,,9032,26,,,0,135,,9033,26,,,0,170,,9034,26,,,0,126,,9035,26,,,0,166,,9036,26,,,0
2101,'5566',621,,9038,26,,,0,85,,9039,26,,,0,129,,9040,26,,,0,84,,9041,26,,,0,91,,9042,26,,,0,91,,9043,26,,,0,127,,9044,26,,,0,128,,9045,26,,,0,98,,9046,26,,,0,77,,9047,26,,,0,111,,9048,26,,,0,84,,9049,26,,,0,104,,9050,26,,,0,121,,9051,26,,,0
1002100,'5566',1511,,10234,3,,,0,37,,10235,3,,,0
1002101,'5566',750,,10236,31,,,0
