601,'5475',2442,,8801,34,,,0,100,,8802,34,,,0,100,,8803,34,,,0
601,'5527',608,,8806,34,,,0,96,,8807,34,,,0,100,,8805,34,,,0,103,,8808,34,,,0,102,,8809,34,,,0,95,,8810,34,,,0,100,,8811,34,,,0,101,,8812,34,,,0,101,,8813,34,,,0,99,,8814,34,,,0,99,,8815,34,,,0,100,,8816,34,,,0,104,,8817,34,,,0,103,,8818,34,,,0,95,,8819,34,,,0,109,,8820,34,,,0,114,,8821,34,,,0,109,,8804,34,,,0
601,'5565',603,,8822,34,,,0,111,,8823,34,,,0,105,,8824,34,,,0,111,,8825,34,,,0,81,,8827,34,,,0,101,,8828,34,,,0,90,,8829,34,,,0,100,,8826,34,,,0,100,,8830,34,,,0,100,,8831,34,,,0,100,,8832,34,,,0,100,,8833,34,,,0,104,,8834,34,,,0,119,,8835,34,,,0,110,,8836,34,,,0
601,'5566',606,,8837,34,,,0,38,,8838,34,,,0,78,,8839,34,,,0,79,,8840,34,,,0,45,,8841,34,,,0,78,,8842,34,,,0,35,,8843,34,,,0,157,,8844,34,,,0,120,,8845,34,,,0,165,,8846,34,,,0,49,,8847,34,,,0,81,,8848,34,,,0,87,,8849,34,,,0,83,,8850,34,,,0,40,,8851,34,,,0,83,,8852,34,,,0,81,,8853,34,,,0,101,,8854,34,,,0,109,,8855,34,,,0,114,,8856,34,,,0,108,,8857,34,,,0
1701,'5566',631,,8973,8,0,29 23,0,75,,8974,8,0,29 23,0,51,,8975,8,0,29 23,0,767,,8976,8,0,29 23,0,85,,8977,8,0,29 23,0,46,,8978,8,0,29 23,0,85,,8979,8,0,29 23,0,83,,8980,8,0,29 23,0
2101,'5475',2039,,9016,8,,,0,170,,9017,8,,,0,135,,9018,8,,,0
2101,'5527',729,,9027,8,,,0,126,,9028,8,,,0,178,,9026,8,,,0,168,,9022,8,,,0,124,,9020,8,,,0,107,,9021,8,,,0,100,,9023,8,,,0,102,,9024,8,,,0,170,,9025,8,,,0,132,,9019,8,,,0
2101,'5565',805,,9037,8,,,0,101,,9029,8,,,0,134,,9030,8,,,0,171,,9031,8,,,0,133,,9032,8,,,0,175,,9033,8,,,0,130,,9034,8,,,0,168,,9035,8,,,0,126,,9036,8,,,0
2101,'5566',558,,9038,8,,,0,85,,9039,8,,,0,167,,9040,8,,,0,46,,9041,8,,,0,91,,9042,8,,,0,91,,9043,8,,,0,166,,9044,8,,,0,126,,9045,8,,,0,97,,9046,8,,,0,76,,9047,8,,,0,112,,9048,8,,,0,85,,9049,8,,,0,107,,9050,8,,,0,122,,9051,8,,,0
2401,'5566',801,,9055,33,0,15 16 11,0
1002101,'5566',718,,10236,8,,,0
