101,'5475',2317,,8116,12,,,0,30,,8117,12,,,0,70,,8118,12,,,0,30,,8119,12,,,0,70,,8120,12,,,0,30,,8121,12,,,0,70,,8122,12,,,0,30,,8123,12,,,0,70,,8124,12,0,9 10,0
101,'5527',617,,8156,12,,,0,85,,8155,12,,,0,44,,8154,12,,,0,70,,8153,12,,,0,30,,8152,12,,,0,71,,8151,12,,,0,30,,8150,12,,,0,70,,8149,12,,,0,30,,8148,12,,,0,71,,8147,12,,,0,30,,8146,12,,,0,70,,8145,12,,,0,30,,8144,12,,,0,70,,8143,12,,,0,31,,8142,12,,,0,70,,8141,12,,,0,30,,8140,12,,,0,70,,8139,12,,,0,30,,8138,12,,,0,70,,8137,12,,,0,30,,8136,12,,,0,70,,8135,12,,,0,30,,8134,12,,,0,70,,8133,12,,,0,30,,8132,12,,,0,69,,8131,12,,,0,28,,8130,12,,,0,70,,8129,12,,,0,30,,8128,12,,,0,80,,8127,12,,,0,80,,8126,12,,,0,40,,8125,12,,,0
101,'5565',612,,8157,12,,,0,90,,8158,12,,,0,44,,8159,12,,,0,86,,8160,12,,,0,85,,8161,12,,,0,84,,8162,12,,,0,45,,8163,12,,,0,84,,8164,12,,,0,83,,8165,12,,,0,40,,8166,12,,,0,80,,8167,12,,,0,80,,8168,12,,,0,40,,8169,12,,,0,80,,8170,12,,,0,80,,8171,12,,,0,40,,8172,12,,,0,80,,8173,12,,,0,80,,8174,12,,,0,40,,8175,12,,,0,81,,8176,12,,,0,80,,8177,12,,,0,40,,8178,12,,,0
101,'5566',537,,8179,12,,,0,65,,8180,12,,,0,35,,8181,12,,,0,65,,8182,12,,,0,16,,8183,12,,,0,17,,8184,12,,,0,15,,8185,12,,,0,55,,8186,12,,,0,18,,8187,12,,,0,22,,8188,12,,,0,68,,8189,12,,,0,28,,8190,12,,,0,70,,8191,12,,,0,25,,8192,12,,,0,64,,8193,12,,,0,25,,8194,12,,,0,26,,8195,12,,,0,65,,8196,12,,,0,25,,8197,12,,,0,65,,8198,12,,,0,25,,8199,12,,,0,25,,8200,12,,,0,65,,8201,12,,,0,20,,8202,12,,,0,14,,8203,12,,,0,55,,8204,12,,,0,15,,8205,12,,,0,15,,8206,12,,,0,15,,8207,12,,,0,55,,8208,12,,,0,15,,8209,12,,,0,15,,8210,12,,,0,15,,8211,12,,,0,56,,8212,12,,,0,15,,8213,12,,,0,15,,8214,12,,,0,17,,8215,12,,,0,61,,8216,12,,,0,20,,8217,12,,,0,20,,8218,12,,,0,60,,8219,12,,,0,20,,8220,12,,,0,20,,8221,12,,,0,60,,8222,12,,,0,30,,8223,12,,,0,70,,8224,12,,,0,28,,8225,12,,,0,70,,8226,12,,,0,30,,8227,12,,,0
700,'5527',557,,8858,53,4,,0,100,,8859,53,4,,0,243,,8860,53,4,,0,202,,8861,53,4,,0,200,,8862,53,4,,0,201,,8863,45,4,,0,200,,8864,53,4,,0,199,,8865,45,4,,0,199,,8866,53,4,,0,225,,8867,45,4,,0
700,'5565',556,,8875,45,4,,0,100,,8869,45,4,,0,202,,8868,45,4,,0,242,,8870,45,4,,0,202,,8871,45,4,,0,201,,8872,45,4,,0,199,,8873,45,4,,0,198,,8874,45,4,,0
700,'5566',647,,8876,45,4,,0,256,,8877,45,4,,0,200,,8878,45,4,,0,200,,8879,45,4,,0,202,,8880,45,4,,0,199,,8881,45,4,,0,196,,8882,45,4,,0,159,,8883,45,4,,0,267,,8884,45,4,,0
1000700,'5475',2358,,10205,49,4,,0,100,,10206,49,4,,0,100,,10207,49,4,,0,100,,10208,49,4,,0
1000700,'5527',759,,10209,57,4,,0,245,,10210,57,,,0,200,,10211,57,4,,0,200,,10212,57,4,,0,201,,10213,49,,,0,199,,10214,57,4,,0,198,,10215,57,4,,0,198,,10216,57,,,0
1000700,'5565',802,,10218,49,4,,0,200,,10217,49,4,,0,202,,10219,49,4,,0,200,,10221,49,4,,0,200,,10220,49,4,,0,199,,10222,49,4,,0,198,,10223,49,4,,0
1000700,'5566',805,,10224,49,4,,0,15,,10225,49,4,,0,185,,10226,49,4,,0,200,,10227,49,4,,0,199,,10228,49,4,,0,203,,10229,49,4,,0,29,,10230,49,4,,0,170,,10231,49,4,,0,196,,10232,49,4,,0,198,,10233,49,4,,0
