100,'5475',2320,,8001,25,,,0,30,,8002,25,,,0,70,,8003,25,,,0,30,,8004,25,,,0,70,,8005,25,,,0,30,,8006,25,,,0,70,,8007,25,,,0,30,,8008,25,,,0,70,,8009,25,,,0
100,'5527',639,,8041,25,,,0,81,,8040,25,,,0,30,,8039,25,,,0,70,,8038,25,,,0,29,,8037,25,,,0,70,,8036,25,,,0,30,,8035,25,,,0,70,,8034,25,,,0,28,,8033,25,,,0,70,,8032,25,,,0,30,,8031,25,,,0,70,,8030,25,,,0,30,,8029,25,,,0,70,,8028,25,,,0,30,,8027,25,,,0,70,,8026,25,,,0,30,,8025,25,,,0,70,,8024,25,,,0,30,,8023,25,,,0,70,,8022,25,,,0,30,,8021,25,,,0,70,,8020,25,,,0,30,,8019,25,,,0,70,,8018,25,,,0,31,,8017,25,,,0,70,,8016,25,,,0,31,,8015,25,,,0,70,,8014,25,,,0,40,,8013,25,,,0,80,,8012,25,,,0,81,,8011,25,,,0,80,,8010,25,,,0
100,'5565',631,,8064,25,,,0,85,,8063,25,,,0,85,,8062,25,,,0,45,,8061,25,,,0,85,,8060,25,,,0,85,,8059,25,,,0,84,,8058,25,,,0,41,,8042,25,,,0,80,,8043,25,,,0,80,,8044,25,,,0,40,,8045,25,,,0,80,,8046,25,,,0,80,,8047,25,,,0,40,,8048,25,,,0,80,,8049,25,,,0,81,,8050,25,,,0,41,,8051,25,,,0,80,,8052,25,,,0,82,,8053,25,,,0,40,,8054,25,,,0,80,,8055,25,,,0,80,,8056,25,,,0,38,,8057,25,,,0,80,,8065,25,,,0
100,'5566',535,,8067,25,,,0,75,,8068,25,,,0,30,,8069,25,,,0,63,,8070,25,,,0,16,,8071,25,,,0,16,,8072,25,,,0,16,,8073,25,,,0,57,,8074,25,,,0,15,,8075,25,,,0,15,,8076,25,,,0,16,,8115,25,,,0,57,,8077,25,,,0,25,,8078,25,,,0,65,,8079,25,,,0,25,,8080,25,,,0,25,,8081,25,,,0,66,,8082,25,,,0,25,,8083,25,,,0,65,,8084,25,,,0,25,,8085,25,,,0,25,,8086,25,,,0,65,,8087,25,,,0,23,,8088,25,,,0,66,,8089,25,,,0,25,,8090,25,,,0,65,,8091,25,,,0,17,,8066,25,,,0,16,,8092,25,,,0,15,,8093,25,,,0,55,,8094,25,,,0,15,,8095,25,,,0,15,,8096,25,,,0,15,,8097,25,,,0,55,,8098,25,,,0,15,,8099,25,,,0,14,,8100,25,,,0,16,,8101,25,,,0,60,,8102,25,,,0,20,,8103,25,,,0,21,,8104,25,,,0,60,,8105,25,,,0,20,,8106,25,,,0,20,,8107,25,,,0,60,,8108,25,,,0,20,,8109,25,,,0,20,,8110,25,,,0,70,,8111,25,,,0,30,,8112,25,,,0,70,,8113,25,,,0,30,,8114,25,,,0
200,'5475',2305,,8228,30,,,0,30,,8229,30,,,0,70,,8230,30,,,0,30,,8231,30,,,0,70,,8232,30,,,0,30,,8233,30,,,0,70,,8234,30,,,0,30,,8235,30,,,0,70,,8236,30,,,0,30,,8237,30,0,17 10,0
200,'5527',617,,8238,30,,,0,84,,8239,30,,,0,34,,8240,30,,,0,70,,8241,30,,,0,30,,8242,30,,,0,69,,8243,30,,,0,30,,8244,30,,,0,70,,8245,30,,,0,30,,8246,30,,,0,68,,8247,30,,,0,30,,8248,30,,,0,70,,8249,30,,,0,30,,8250,30,,,0,70,,8251,30,,,0,30,,8252,30,,,0,70,,8253,30,,,0,30,,8254,30,,,0,70,,8255,30,,,0,30,,8256,30,,,0,70,,8257,30,,,0,30,,8258,30,,,0,70,,8259,30,,,0,30,,8260,30,,,0,70,,8261,30,,,0,31,,8262,30,,,0,70,,8263,30,,,0,31,,8264,30,,,0,70,,8265,30,,,0,35,,8266,30,,,0,83,,8267,30,,,0,82,,8268,30,,,0,36,,8269,30,,,0
200,'5565',653,,8291,30,,,0,85,,8290,30,,,0,85,,8289,30,,,0,85,,8288,30,,,0,45,,8287,30,,,0,85,,8286,30,,,0,83,,8285,30,,,0,80,,8270,30,,,0,40,,8271,30,,,0,80,,8272,30,,,0,80,,8273,30,,,0,40,,8274,30,,,0,80,,8275,30,,,0,80,,8276,30,,,0,41,,8277,30,,,0,81,,8278,30,,,0,80,,8279,30,,,0,40,,8280,30,,,0,82,,8281,30,,,0,82,,8282,30,,,0,38,,8283,30,,,0,82,,8284,30,,,0
200,'5566',554,,8292,30,,,0,71,,8293,30,,,0,28,,8294,30,,,0,58,,8295,30,,,0,16,,8296,30,,,0,16,,8297,30,,,0,57,,8298,30,,,0,16,,8299,30,,,0,15,,8300,30,,,0,15,,8301,30,,,0,57,,8340,30,,,0,21,,8302,30,,,0,25,,8303,30,,,0,65,,8304,30,,,0,25,,8305,30,,,0,65,,8306,30,,,0,26,,8307,30,,,0,25,,8308,30,,,0,65,,8309,30,,,0,25,,8310,30,,,0,66,,8311,30,,,0,23,,8312,30,,,0,23,,8313,30,,,0,65,,8314,30,,,0,25,,8315,30,,,0,63,,8316,30,,,0,15,,8317,30,,,0,16,,8318,30,,,0,15,,8319,30,,,0,55,,8320,30,,,0,15,,8321,30,,,0,15,,8322,30,,,0,15,,8323,30,,,0,55,,8324,30,,,0,15,,8325,30,,,0,15,,8326,30,,,0,18,,8327,30,,,0,60,,8328,30,,,0,20,,8329,30,,,0,61,,8330,30,,,0,20,,8331,30,,,0,20,,8332,30,,,0,60,,8333,30,,,0,20,,8334,30,,,0,20,,8335,30,,,0,65,,8336,30,,,0,30,,8337,30,,,0,70,,8338,30,,,0,30,,8339,30,,,0
501,'5475',2339,,8730,2,,,0,100,,8731,2,,,0,100,,8732,2,,,0,100,,8733,2,,,0
501,'5527',638,,8757,2,,,0,97,,8758,2,,,0,88,,8736,2,,,0,27,,8737,2,,,0,79,,8734,2,,,0,75,,8735,2,,,0,29,,8738,2,,,0,74,,8739,2,,,0,32,,8740,2,,,0,74,,8741,2,,,0,40,,8742,2,,,0,75,,8743,2,,,0,75,,8744,2,,,0,41,,8745,2,,,0,75,,8746,2,,,0,30,,8747,2,,,0,76,,8748,2,,,0,76,,8749,2,,,0,36,,8750,2,,,0,88,,8751,2,,,0,75,,8752,2,,,0,37,,8754,2,,,0,92,,8755,2,,,0,102,,8756,2,,,0,101,,8753,2,,,0
501,'5565',618,,8760,2,,,0,95,,8759,2,,,0,46,,8773,2,,,0,92,,8761,2,,,0,93,,8762,2,,,0,94,,8763,2,,,0,94,,8764,2,,,0,99,,8765,2,,,0,99,,8767,2,,,0,100,,8768,2,,,0,99,,8769,2,,,0,106,,8766,2,,,0,97,,8770,2,,,0,99,,8771,2,,,0,102,,8772,2,,,0
501,'5566',605,,8774,2,,,0,27,,8775,2,,,0,73,,8776,2,,,0,30,,8777,2,,,0,76,,8778,2,,,0,35,,8779,2,,,0,76,,8780,2,,,0,35,,8781,2,,,0,74,,8782,2,,,0,72,,8783,2,,,0,34,,8784,2,,,0,75,,8785,2,,,0,35,,8786,2,,,0,78,,8787,2,,,0,33,,8788,2,,,0,69,,8789,2,,,0,85,,8790,2,,,0,35,,8791,2,,,0,74,,8792,2,,,0,82,,8793,2,,,0,38,,8794,2,,,0,76,,8795,2,,,0,37,,8796,2,,,0,72,,8797,2,,,0,104,,8798,2,,,0,100,,8799,2,,,0,107,,8800,2,,,0
700,'5527',525,,8858,2,0,22 23,0,100,,8859,2,0,22 23,0,199,,8860,2,0,22 23,0,200,,8861,2,0,22 23,0,199,,8862,2,0,22 23,0,400,,8864,2,0,22 23,0,402,,8866,2,0,22 23,0
900,'5527',1648,,8900,2,0,34 2 13 14,0
1201,'5566',701,,8948,2,,,0,41,,8949,2,,,0,84,,8950,2,,,0,77,,8951,2,,,0,114,,8952,2,,,0,117,,8953,2,,,0,125,,8954,2,,,0,167,,8955,2,,,0,174,,8956,2,,,0,41,,8957,2,,,0,85,,8958,2,,,0
2400,'5566',1431,,9054,2,0,15 16 11,0
2600,'5566',1426,,9056,2,0,13 14 11,0
2601,'5566',715,,9057,2,0,13 14 11,0
1000700,'5527',725,,10209,2,0,24,0,199,,10210,2,0,24,0,199,,10211,2,0,24,0,200,,10212,2,0,24,0,401,,10214,2,0,24,0,201,,10215,2,0,24,0,200,,10216,2,0,24,0
