300,'5475',2349,,8453,4,,,0,100,,8454,4,,,0,100,,8455,4,,,0,100,,8456,4,,,0
300,'5527',600,,8481,4,,,0,49,,8480,4,,,0,97,,8482,4,,,0,88,,8457,4,,,0,68,,8458,4,,,0,40,,8459,4,,,0,75,,8461,4,,,0,29,,8462,4,,,0,74,,8463,4,,,0,34,,8460,4,,,0,74,,8464,4,,,0,80,,8465,4,,,0,35,,8466,4,,,0,75,,8467,4,,,0,41,,8468,4,,,0,75,,8469,4,,,0,70,,8470,4,,,0,35,,8471,4,,,0,76,,8472,4,,,0,36,,8473,4,,,0,88,,8474,4,,,0,75,,8475,4,,,0,36,,8476,4,,,0,91,,8477,4,,,0,101,,8478,4,,,0,101,,8479,4,,,0
300,'5565',628,,8483,4,,,0,95,,8484,4,,,0,87,,8497,4,,,0,93,,8486,4,,,0,54,,8487,4,,,0,94,,8488,4,,,0,95,,8485,4,,,0,99,,8489,4,,,0,100,,8490,4,,,0,100,,8491,4,,,0,100,,8492,4,,,0,105,,8493,4,,,0,96,,8494,4,,,0,98,,8495,4,,,0,102,,8496,4,,,0
300,'5566',545,,8498,4,,,0,70,,8499,4,,,0,30,,8500,4,,,0,73,,8501,4,,,0,31,,8502,4,,,0,76,,8503,4,,,0,75,,8504,4,,,0,35,,8505,4,,,0,75,,8506,4,,,0,34,,8507,4,,,0,74,,8508,4,,,0,34,,8509,4,,,0,75,,8510,4,,,0,75,,8511,4,,,0,39,,8512,4,,,0,74,,8513,4,,,0,33,,8514,4,,,0,81,,8515,4,,,0,74,,8516,4,,,0,34,,8517,4,,,0,82,,8518,4,,,0,36,,8519,4,,,0,76,,8520,4,,,0,77,,8521,4,,,0,31,,8522,4,,,0,102,,8523,4,,,0,100,,8524,4,,,0,106,,8525,4,,,0
500,'5475',2355,,8657,4,,,0,100,,8658,4,,,0,100,,8659,4,,,0,100,,8660,4,,,0
500,'5527',612,,8685,4,,,0,95,,8684,4,,,0,51,,8683,4,,,0,143,,8686,4,,,0,52,,8661,4,,,0,71,,8662,4,,,0,82,,8663,4,,,0,37,,8664,4,,,0,70,,8666,4,,,0,35,,8667,4,,,0,75,,8668,4,,,0,36,,8665,4,,,0,80,,8669,4,,,0,76,,8670,4,,,0,35,,8671,4,,,0,79,,8672,4,,,0,74,,8673,4,,,0,30,,8674,4,,,0,74,,8675,4,,,0,35,,8676,4,,,0,73,,8677,4,,,0,43,,8678,4,,,0,74,,8679,4,,,0,75,,8680,4,,,0,48,,8681,4,,,0,99,,8682,4,,,0
500,'5565',635,,8687,4,,,0,102,,8688,4,,,0,96,,8689,4,,,0,90,,8701,4,,,0,100,,8690,4,,,0,95,,8691,4,,,0,98,,8693,4,,,0,96,,8694,4,,,0,100,,8695,4,,,0,101,,8692,4,,,0,101,,8696,4,,,0,98,,8697,4,,,0,104,,8698,4,,,0,95,,8699,4,,,0,91,,8700,4,,,0
500,'5566',610,,8702,4,,,0,43,,8703,4,,,0,77,,8704,4,,,0,75,,8705,4,,,0,35,,8706,4,,,0,75,,8707,4,,,0,34,,8708,4,,,0,76,,8709,4,,,0,75,,8710,4,,,0,36,,8711,4,,,0,77,,8712,4,,,0,36,,8713,4,,,0,75,,8714,4,,,0,76,,8715,4,,,0,37,,8716,4,,,0,81,,8717,4,,,0,34,,8718,4,,,0,75,,8719,4,,,0,81,,8720,4,,,0,31,,8721,4,,,0,73,,8722,4,,,0,33,,8723,4,,,0,74,,8724,4,,,0,32,,8725,4,,,0,75,,8726,4,,,0,30,,8727,4,,,0,99,,8728,4,,,0,98,,8729,4,,,0
1701,'5566',648,,8973,32,,,0,75,,8974,32,,,0,94,,8975,32,,,0,728,,8976,32,,,0,84,,8977,32,,,0,86,,8978,32,,,0,42,,8979,32,,,0,82,,8980,32,,,0
2100,'5475',2135,,8981,24,,,0,170,,8982,24,,,0,135,,8983,24,,,0
2100,'5527',828,,8991,24,,,0,125,,8993,24,,,0,180,,8992,24,,,0,170,,8987,24,,,0,125,,8988,24,,,0,106,,8989,24,,,0,100,,8990,24,,,0,100,,8985,24,,,0,169,,8986,24,,,0,133,,8984,24,,,0
2100,'5565',859,,9001,24,,,0,145,,9002,24,,,0,133,,8994,24,,,0,172,,8996,24,,,0,134,,8995,24,,,0,175,,8997,24,,,0,130,,8998,24,,,0,166,,8999,24,,,0,126,,9000,24,,,0
2100,'5566',657,,9003,24,,,0,87,,9004,24,,,0,84,,9005,24,,,0,86,,9006,24,,,0,89,,9007,24,,,0,46,,9008,24,,,0,93,,9009,24,,,0,167,,9010,24,,,0,128,,9011,24,,,0,286,,9012,24,,,0,82,,9013,24,,,0,101,,9014,24,,,0,120,,9015,24,,,0
2400,'5566',1443,,9054,11,0,15 16 11,0
1002100,'5566',1547,,10234,29,,,0,77,,10235,29,,,0
