5100,'5527',753,,9377,23,0,37,0,103,,9378,23,0,37,0,70,,9379,23,0,37,0,33,,9380,23,0,37,0,71,,9381,23,0,37,0,70,,9382,23,0,37,0,21,,9383,23,0,37,0,25,,9384,23,0,37,0,66,,9385,23,0,37,0,21,,9386,23,0,37,0,19,,9387,23,0,37,0,58,,9388,23,0,37,0,18,,9389,23,0,37,0,18,,9390,23,0,37,0,59,,9391,23,0,37,0,17,,9392,23,0,37,0,18,,9393,23,0,37,0,18,,9394,23,0,37,0,58,,9395,23,0,37,0,18,,9396,23,0,37,0,18,,9397,23,0,37,0,56,,9398,23,0,37,0,19,,9399,23,0,37,0,20,,9400,23,0,37,0,65,,9401,23,0,37,0,24,,9402,23,0,37,0,18,,9403,23,0,37,0,65,,9404,23,0,37,0,24,,9405,23,0,37,0,57,,9406,23,0,37,0,25,,9407,23,0,37,0,25,,9408,23,0,37,0,60,,9409,23,0,37,0,19,,9410,23,0,37,0,30,,9411,23,0,37,0,70,,9412,23,0,37,0,80,,9413,23,0,37,0,25,,9414,23,0,37,0,70,,9415,23,0,37,0,28,,9416,23,0,37,0
5100,'5565',754,,9418,23,0,37,0,101,,9419,23,0,37,0,70,,9420,23,0,37,0,32,,9421,23,0,37,0,75,,9422,23,0,37,0,72,,9417,23,0,37,0,36,,9423,23,0,37,0,76,,9424,23,0,37,0,36,,9425,23,0,37,0,75,,9426,23,0,37,0,80,,9427,23,0,37,0,35,,9428,23,0,37,0,80,,9429,23,0,37,0,35,,9430,23,0,37,0,75,,9431,23,0,37,0,75,,9432,23,0,37,0,34,,9433,23,0,37,0,74,,9434,23,0,37,0,33,,9435,23,0,37,0,72,,9436,23,0,37,0,30,,9437,23,0,37,0,74,,9438,23,0,37,0,30,,9439,23,0,37,0,75,,9440,23,0,37,0,97,,9441,23,0,37,0
5100,'5566',526,,9443,23,0,37,0,81,,9444,23,0,37,0,26,,9445,23,0,37,0,25,,9446,23,0,37,0,55,,9447,23,0,37,0,13,,9442,23,0,37,0,23,,9448,23,0,37,0,55,,9449,23,0,37,0,18,,9450,23,0,37,0,7,,9451,23,0,37,0,8,,9452,23,0,37,0,5,,9453,23,4,,0,7,,9454,23,0,37,0,55,,9455,23,0,37,0,14,,9456,23,0,37,0,20,,9457,23,0,37,0,66,,9458,23,0,37,0,26,,9459,23,0,37,0,25,,9460,23,0,37,0,65,,9461,23,0,37,0,27,,9462,23,0,37,0,64,,9463,23,0,37,0,25,,9464,23,0,37,0,18,,9465,23,0,37,0,60,,9466,23,0,37,0,19,,9467,23,0,37,0,18,,9468,23,0,37,0,60,,9469,23,0,37,0,21,,9470,23,0,37,0,23,,9471,23,0,37,0,51,,9472,23,4,,0,11,,9473,23,0,37,0,11,,9474,23,0,37,0,7,,9475,23,0,37,0,16,,9476,23,0,37,0,56,,9477,23,0,37,0,16,,9478,23,0,37,0,16,,9479,23,0,37,0,16,,9480,23,0,37,0,54,,9481,23,0,37,0,16,,9482,23,0,37,0,14,,9483,23,0,37,0,14,,9484,23,0,37,0,54,,9485,23,0,37,0,15,,9486,23,0,37,0,19,,9487,23,0,37,0,59,,9488,23,0,37,0,20,,9489,23,0,37,0,25,,9490,23,0,37,0,64,,9491,23,0,37,0,28,,9492,23,0,37,0,68,,9493,23,0,37,0,29,,9494,23,0,37,0,67,,9495,23,0,37,0,28,,9496,23,0,37,0,30,,9497,23,0,37,0,70,,9498,23,0,37,0
5100,'5569',1525,,9504,23,0,37,0,18,,9501,23,0,37,0,57,,9499,23,0,37,0,37,,9506,23,0,37,0,22,,9502,23,0,37,0,64,,9500,23,0,37,0,22,,9508,23,0,37,0,62,,9503,23,0,37,0,25,,9507,23,0,37,0,21,,9509,23,0,37,0,60,,9505,23,0,37,0,24,,9512,23,0,37,0,63,,9510,23,0,37,0,19,,9511,23,0,37,0,25,,9513,23,0,37,0
5200,'5527',809,,9645,18,4,,0,99,,9646,18,4,,0,1102,,9656,18,4,,0,99,,9657,18,4,,0
5200,'5565',807,,9659,18,4,,0,100,,9660,18,4,,0,705,,9667,18,4,,0
5200,'5566',618,,9673,18,4,,0,1397,,9686,18,4,,0,103,,9687,18,4,,0
5301,'5527',811,,9735,1,0,39 40,0,104,,9736,1,0,39 40,0,105,,9737,1,0,39 40,0,95,,9738,1,0,39 40,0,100,,9739,1,0,39 40,0,100,,9740,1,0,39 40,0,100,,9741,1,0,39 40,0,100,,9742,1,0,39 40,0,100,,9743,1,0,39 40,0,100,,9744,1,0,39 40,0,95,,9745,1,0,39 40,0,100,,9746,1,0,39 40,0,110,,9747,1,0,39 40,0,100,,9748,1,0,39 40,0,110,,9749,1,0,39 40,0
5301,'5565',810,,9750,1,0,39 40,0,105,,9751,1,0,39 40,0,100,,9752,1,0,39 40,0,100,,9753,1,0,39 40,0,100,,9754,1,0,39 40,0,100,,9755,1,0,39 40,0,100,,9756,1,0,39 40,0,100,,9757,1,0,39 40,0,100,,9758,1,0,39 40,0,100,,9759,1,0,39 40,0,100,,9760,1,0,39 40,0,100,,9761,1,0,39 40,0,100,,9762,1,0,39 40,0
5301,'5566',545,,9763,1,0,39 40,0,80,,9764,1,0,39 40,0,75,,9765,1,0,39 40,0,18,,9765,23,4,,0,12,,9766,1,0,39 40,0,75,,9767,1,0,39 40,0,25,,9768,1,0,39 40,0,100,,9769,1,0,39 40,0,100,,9770,1,0,39 40,0,100,,9771,1,0,39 40,0,100,,9772,1,0,39 40,0,100,,9773,1,0,39 40,0,105,,9774,1,0,39 40,0,75,,9775,1,0,39 40,0,25,,9776,1,0,39 40,0,66,,9777,1,0,39 40,0,31,,9778,1,0,39 40,0,98,,9779,1,0,39 40,0,95,,9780,1,0,39 40,0,95,,9781,1,0,39 40,0,110,,9782,1,0,39 40,0,100,,9783,1,0,39 40,0
