601,'5475',2449,,8801,48,4,,0,100,,8802,48,4,,0,100,,8803,48,4,,0
601,'5527',616,,8806,48,4,,0,97,,8807,48,4,,0,101,,8805,48,4,,0,104,,8808,48,4,,0,102,,8809,48,4,,0,96,,8810,48,4,,0,100,,8811,48,4,,0,101,,8812,48,4,,0,101,,8813,48,4,,0,99,,8814,48,4,,0,98,,8815,48,4,,0,100,,8816,48,4,,0,103,,8817,48,4,,0,103,,8818,48,4,,0,95,,8819,48,4,,0,108,,8820,48,4,,0,113,,8821,48,4,,0,109,,8804,48,4,,0
601,'5565',611,,8822,48,4,,0,111,,8823,48,4,,0,105,,8824,48,4,,0,112,,8825,48,4,,0,82,,8827,48,4,,0,102,,8828,48,4,,0,90,,8829,48,4,,0,100,,8826,48,4,,0,100,,8830,48,4,,0,100,,8831,48,4,,0,100,,8832,48,4,,0,100,,8833,48,4,,0,103,,8834,48,4,,0,118,,8835,48,4,,0,109,,8836,48,4,,0
601,'5566',615,,8837,48,4,,0,39,,8838,48,4,,0,80,,8839,48,4,,0,79,,8840,48,4,,0,45,,8841,48,4,,0,78,,8842,48,4,,0,75,,8843,48,4,,0,117,,8844,48,4,,0,120,,8845,48,4,,0,166,,8846,48,4,,0,91,,8847,48,4,,0,39,,8848,48,4,,0,86,,8849,48,4,,0,84,,8850,48,4,,0,38,,8851,48,4,,0,82,,8852,48,4,,0,81,,8853,48,4,,0,101,,8854,48,4,,0,108,,8855,48,4,,0,112,,8856,48,4,,0,108,,8857,48,4,,0
1701,'5566',654,,8973,41,4,,0,76,,8974,41,4,,0,95,,8975,41,4,,0,730,,8976,41,4,,0,84,,8977,41,4,,0,86,,8978,41,4,,0,81,,8979,41,4,,0,40,,8980,41,4,,0
2100,'5475',2141,,8981,33,4,,0,170,,8982,33,4,,0,135,,8983,33,4,,0
2100,'5527',834,,8991,33,4,,0,166,,8993,33,4,,0,142,,8992,33,4,,0,170,,8987,33,4,,0,125,,8988,33,4,,0,106,,8989,33,4,,0,100,,8990,33,4,,0,100,,8985,33,4,,0,168,,8986,33,4,,0,131,,8984,33,4,,0
2100,'5565',905,,9001,33,4,,0,106,,9002,33,4,,0,133,,8994,33,4,,0,172,,8996,33,4,,0,135,,8995,33,4,,0,176,,8997,33,4,,0,129,,8998,33,4,,0,165,,8999,33,4,,0,124,,9000,33,4,,0
2100,'5566',703,,9003,33,4,,0,48,,9004,33,4,,0,85,,9005,33,4,,0,86,,9006,33,4,,0,90,,9007,33,4,,0,46,,9008,33,4,,0,93,,9009,33,4,,0,168,,9010,33,4,,0,128,,9011,33,4,,0,285,,9012,33,4,,0,82,,9013,33,4,,0,101,,9014,33,4,,0,118,,9015,33,4,,0
2201,'5566',817,,9052,33,4,,0,691,,9053,33,4,,0
3101,'5527',819,,9090,19,4,,0,104,,9089,19,4,,0,103,,9087,19,4,,0,112,,9094,19,4,,0,111,,9095,19,4,,0,110,,9088,19,4,,0,155,,9093,19,4,,0,114,,9091,19,4,,0,109,,9092,19,4,,0,109,,9096,19,4,,0
3101,'5565',818,,9103,19,4,,0,210,,9100,19,4,,0,219,,9097,19,4,,0,110,,9101,19,4,,0,155,,9099,19,4,,0,115,,9102,19,4,,0,110,,9098,19,4,,0
3101,'5566',646,,9104,19,4,,0,84,,9105,19,4,,0,71,,9106,19,4,,0,32,,9107,19,4,,0,74,,9108,19,4,,0,47,,9109,19,4,,0,105,,9110,19,4,,0,150,,9111,19,4,,0,110,,9112,19,4,,0,115,,9113,19,4,,0,117,,9114,19,4,,0,80,,9115,19,4,,0,74,,9116,19,4,,0,37,,9117,19,4,,0,72,,9118,19,4,,0,30,,9119,19,4,,0,58,,9120,19,4,,0
1002100,'5566',1558,,10234,38,4,,0,77,,10235,38,4,,0
1003101,'5475',2316,,10287,22,4,,0,100,,10288,22,4,,0,100,,10289,22,4,,0,100,,10290,22,4,,0,100,,10291,22,4,,0
1003101,'5527',853,,10297,22,4,,0,105,,10303,22,4,,0,146,,10292,22,4,,0,112,,10293,22,4,,0,110,,10294,22,4,,0,111,,10296,22,4,,0,114,,10301,22,4,,0,155,,10299,22,4,,0,108,,10298,22,4,,0,109,,10295,22,4,,0,114,,10300,22,4,,0,99,,10302,22,4,,0
1003101,'5565',925,,10311,22,4,,0,214,,10310,22,4,,0,75,,10304,22,4,,0,110,,10306,22,4,,0,110,,10307,22,4,,0,115,,10308,22,4,,0,154,,10309,22,4,,0,110,,10305,22,4,,0,110,,10312,22,4,,0,114,,10313,22,4,,0,99,,10314,22,4,,0
1003101,'5566',717,,10315,22,4,,0,28,,10316,22,4,,0,75,,10317,22,4,,0,34,,10318,22,4,,0,71,,10319,22,4,,0,103,,10320,22,4,,0,108,,10321,22,4,,0,110,,10322,22,4,,0,110,,10323,22,4,,0,158,,10324,22,4,,0,100,,10325,22,4,,0,37,,10326,22,4,,0,76,,10327,22,4,,0,74,,10328,22,4,,0,30,,10329,22,4,,0,89,,10330,22,4,,0,90,,10331,22,4,,0,122,,10332,22,4,,0,109,,10333,22,4,,0
