100,'5475',2321,,8001,26,,,0,30,,8002,26,,,0,70,,8003,26,,,0,30,,8004,26,,,0,70,,8005,26,,,0,30,,8006,26,,,0,70,,8007,26,,,0,30,,8008,26,,,0,70,,8009,26,,,0
100,'5527',640,,8041,26,,,0,81,,8040,26,,,0,30,,8039,26,,,0,70,,8038,26,,,0,29,,8037,26,,,0,70,,8036,26,,,0,30,,8035,26,,,0,70,,8034,26,,,0,28,,8033,26,,,0,70,,8032,26,,,0,30,,8031,26,,,0,70,,8030,26,,,0,30,,8029,26,,,0,70,,8028,26,,,0,30,,8027,26,,,0,70,,8026,26,,,0,30,,8025,26,,,0,70,,8024,26,,,0,30,,8023,26,,,0,70,,8022,26,,,0,30,,8021,26,,,0,70,,8020,26,,,0,30,,8019,26,,,0,70,,8018,26,,,0,31,,8017,26,,,0,70,,8016,26,,,0,31,,8015,26,,,0,70,,8014,26,,,0,80,,8013,26,,,0,40,,8012,26,,,0,81,,8011,26,,,0,80,,8010,26,,,0
100,'5565',632,,8064,26,,,0,85,,8063,26,,,0,85,,8062,26,,,0,45,,8061,26,,,0,85,,8060,26,,,0,85,,8059,26,,,0,84,,8058,26,,,0,41,,8042,26,,,0,80,,8043,26,,,0,80,,8044,26,,,0,40,,8045,26,,,0,80,,8046,26,,,0,80,,8047,26,,,0,40,,8048,26,,,0,80,,8049,26,,,0,81,,8050,26,,,0,41,,8051,26,,,0,80,,8052,26,,,0,82,,8053,26,,,0,40,,8054,26,,,0,80,,8055,26,,,0,80,,8056,26,,,0,38,,8057,26,,,0,80,,8065,26,,,0
100,'5566',536,,8067,26,,,0,75,,8068,26,,,0,30,,8069,26,,,0,63,,8070,26,,,0,16,,8071,26,,,0,16,,8072,26,,,0,16,,8073,26,,,0,57,,8074,26,,,0,15,,8075,26,,,0,15,,8076,26,,,0,16,,8115,26,,,0,57,,8077,26,,,0,25,,8078,26,,,0,65,,8079,26,,,0,25,,8080,26,,,0,25,,8081,26,,,0,66,,8082,26,,,0,25,,8083,26,,,0,65,,8084,26,,,0,25,,8085,26,,,0,25,,8086,26,,,0,65,,8087,26,,,0,23,,8088,26,,,0,65,,8089,26,,,0,25,,8090,26,,,0,65,,8091,26,,,0,17,,8066,26,,,0,16,,8092,26,,,0,15,,8093,26,,,0,55,,8094,26,,,0,15,,8095,26,,,0,15,,8096,26,,,0,15,,8097,26,,,0,55,,8098,26,,,0,15,,8099,26,,,0,15,,8100,26,,,0,16,,8101,26,,,0,60,,8102,26,,,0,20,,8103,26,,,0,21,,8104,26,,,0,60,,8105,26,,,0,20,,8106,26,,,0,20,,8107,26,,,0,60,,8108,26,,,0,20,,8109,26,,,0,20,,8110,26,,,0,70,,8111,26,,,0,30,,8112,26,,,0,70,,8113,26,,,0,30,,8114,26,,,0
200,'5475',2306,,8228,31,,,0,30,,8229,31,,,0,70,,8230,31,,,0,30,,8231,31,,,0,70,,8232,31,,,0,30,,8233,31,,,0,70,,8234,31,,,0,30,,8235,31,,,0,70,,8236,31,,,0,30,,8237,31,0,17 10,0
200,'5527',618,,8238,31,,,0,84,,8239,31,,,0,34,,8240,31,,,0,70,,8241,31,,,0,30,,8242,31,,,0,69,,8243,31,,,0,30,,8244,31,,,0,70,,8245,31,,,0,30,,8246,31,,,0,68,,8247,31,,,0,30,,8248,31,,,0,70,,8249,31,,,0,30,,8250,31,,,0,70,,8251,31,,,0,30,,8252,31,,,0,70,,8253,31,,,0,30,,8254,31,,,0,70,,8255,31,,,0,30,,8256,31,,,0,70,,8257,31,,,0,30,,8258,31,,,0,70,,8259,31,,,0,30,,8260,31,,,0,70,,8261,31,,,0,31,,8262,31,,,0,70,,8263,31,,,0,31,,8264,31,,,0,70,,8265,31,,,0,35,,8266,31,,,0,83,,8267,31,,,0,82,,8268,31,,,0,36,,8269,31,,,0
200,'5565',654,,8291,31,,,0,85,,8290,31,,,0,85,,8289,31,,,0,85,,8288,31,,,0,45,,8287,31,,,0,85,,8286,31,,,0,83,,8285,31,,,0,80,,8270,31,,,0,40,,8271,31,,,0,80,,8272,31,,,0,80,,8273,31,,,0,40,,8274,31,,,0,80,,8275,31,,,0,80,,8276,31,,,0,41,,8277,31,,,0,81,,8278,31,,,0,80,,8279,31,,,0,40,,8280,31,,,0,82,,8281,31,,,0,82,,8282,31,,,0,38,,8283,31,,,0,82,,8284,31,,,0
200,'5566',555,,8292,31,,,0,71,,8293,31,,,0,28,,8294,31,,,0,58,,8295,31,,,0,16,,8296,31,,,0,16,,8297,31,,,0,57,,8298,31,,,0,16,,8299,31,,,0,15,,8300,31,,,0,15,,8301,31,,,0,57,,8340,31,,,0,21,,8302,31,,,0,25,,8303,31,,,0,65,,8304,31,,,0,25,,8305,31,,,0,65,,8306,31,,,0,26,,8307,31,,,0,25,,8308,31,,,0,65,,8309,31,,,0,25,,8310,31,,,0,66,,8311,31,,,0,23,,8312,31,,,0,23,,8313,31,,,0,65,,8314,31,,,0,25,,8315,31,,,0,63,,8316,31,,,0,15,,8317,31,,,0,16,,8318,31,,,0,15,,8319,31,,,0,55,,8320,31,,,0,15,,8321,31,,,0,15,,8322,31,,,0,15,,8323,31,,,0,55,,8324,31,,,0,15,,8325,31,,,0,15,,8326,31,,,0,58,,8327,31,,,0,20,,8328,31,,,0,20,,8329,31,,,0,61,,8330,31,,,0,20,,8331,31,,,0,20,,8332,31,,,0,60,,8333,31,,,0,20,,8334,31,,,0,20,,8335,31,,,0,65,,8336,31,,,0,30,,8337,31,,,0,70,,8338,31,,,0,30,,8339,31,,,0
501,'5475',2339,,8730,3,,,0,100,,8731,3,,,0,100,,8732,3,,,0,100,,8733,3,,,0
501,'5527',638,,8757,3,,,0,97,,8758,3,,,0,88,,8736,3,,,0,27,,8737,3,,,0,80,,8734,3,,,0,75,,8735,3,,,0,29,,8738,3,,,0,74,,8739,3,,,0,32,,8740,3,,,0,74,,8741,3,,,0,40,,8742,3,,,0,75,,8743,3,,,0,75,,8744,3,,,0,41,,8745,3,,,0,75,,8746,3,,,0,30,,8747,3,,,0,76,,8748,3,,,0,76,,8749,3,,,0,36,,8750,3,,,0,88,,8751,3,,,0,75,,8752,3,,,0,37,,8754,3,,,0,91,,8755,3,,,0,102,,8756,3,,,0,101,,8753,3,,,0
501,'5565',618,,8760,3,,,0,95,,8759,3,,,0,46,,8773,3,,,0,92,,8761,3,,,0,94,,8762,3,,,0,94,,8763,3,,,0,94,,8764,3,,,0,99,,8765,3,,,0,99,,8767,3,,,0,100,,8768,3,,,0,99,,8769,3,,,0,106,,8766,3,,,0,97,,8770,3,,,0,99,,8771,3,,,0,102,,8772,3,,,0
501,'5566',605,,8774,3,,,0,28,,8775,3,,,0,73,,8776,3,,,0,30,,8777,3,,,0,76,,8778,3,,,0,35,,8779,3,,,0,76,,8780,3,,,0,35,,8781,3,,,0,74,,8782,3,,,0,72,,8783,3,,,0,34,,8784,3,,,0,75,,8785,3,,,0,35,,8786,3,,,0,78,,8787,3,,,0,33,,8788,3,,,0,69,,8789,3,,,0,85,,8790,3,,,0,35,,8791,3,,,0,74,,8792,3,,,0,82,,8793,3,,,0,38,,8794,3,,,0,76,,8795,3,,,0,37,,8796,3,,,0,72,,8797,3,,,0,103,,8798,3,,,0,100,,8799,3,,,0,107,,8800,3,,,0
700,'5527',526,,8858,3,0,22 23,0,100,,8859,3,0,22 23,0,199,,8860,3,0,22 23,0,200,,8861,3,0,22 23,0,199,,8862,3,0,22 23,0,400,,8864,3,0,22 23,0,402,,8866,3,0,22 23,0
900,'5527',1649,,8900,3,0,34 2 13 14,0
1201,'5566',702,,8948,3,,,0,41,,8949,3,,,0,84,,8950,3,,,0,77,,8951,3,,,0,114,,8952,3,,,0,117,,8953,3,,,0,165,,8954,3,,,0,127,,8955,3,,,0,174,,8956,3,,,0,41,,8957,3,,,0,85,,8958,3,,,0
2400,'5566',1431,,9054,3,0,15 16 11,0
2600,'5566',1427,,9056,3,0,13 14 11,0
2601,'5566',716,,9057,3,0,13 14 11,0
1000700,'5527',726,,10209,3,0,24,0,199,,10210,3,0,24,0,199,,10211,3,0,24,0,200,,10212,3,0,24,0,401,,10214,3,0,24,0,201,,10215,3,0,24,0,200,,10216,3,0,24,0
