5201,'5527',747,,9690,17,,,0,100,,9691,17,,,0,101,,9692,17,,,0,99,,9693,17,,,0,100,,9694,17,,,0,100,,9695,17,,,0,99,,9696,17,,,0,100,,9697,17,,,0,100,,9698,17,,,0,100,,9699,17,,,0,100,,9700,17,,,0,100,,9701,17,,,0,100,,9702,17,,,0,110,,9703,17,,,0,170,,9704,17,,,0,175,,9705,17,,,0
5201,'5565',847,,9707,17,,,0,101,,9706,17,,,0,99,,9708,17,,,0,99,,9709,17,,,0,100,,9710,17,,,0,100,,9711,17,,,0,100,,9712,17,,,0,101,,9713,17,,,0,100,,9714,17,,,0,100,,9715,17,,,0,110,,9716,17,,,0,100,,9717,17,,,0,90,,9718,17,,,0
5201,'5566',704,,9719,17,,,0,98,,9720,17,,,0,113,,9721,17,,,0,106,,9722,17,,,0,110,,9723,17,,,0,101,,9724,17,,,0,105,,9725,17,,,0,100,,9726,17,,,0,109,,9727,17,,,0,101,,9728,17,,,0,104,,9729,17,,,0,96,,9730,17,,,0,108,,9731,17,,,0,102,,9732,17,,,0,170,,9733,17,,,0,132,,9734,17,,,0
5401,'5527',748,,9785,46,,,0,100,,9786,75,,,0,102,,9784,75,,,0,101,,9787,75,,,0,103,,9788,75,,,0,100,,9789,75,,,0,100,,9790,75,,,0,101,,9791,75,,,0,99,,9792,75,,,0,100,,9793,75,,,0,98,,9794,75,,,0,100,,9795,75,,,0,98,,9796,75,,,0,99,,9797,75,,,0,109,,9798,75,,,0,172,,9799,75,,,0
5401,'5565',848,,9801,46,,,0,99,,9802,75,,,0,102,,9803,75,,,0,103,,9804,75,,,0,100,,9805,75,,,0,100,,9806,75,,,0,99,,9807,75,,,0,99,,9808,75,,,0,100,,9809,75,,,0,100,,9810,75,,,0,99,,9811,75,,,0,108,,9812,75,,,0,98,,9813,75,,,0
5401,'5566',602,,9814,46,,,0,100,,9815,75,,,0,118,,9816,75,,,0,90,,9817,75,,,0,111,,9818,75,,,0,107,,9819,75,,,0,110,,9820,75,,,0,102,,9821,75,,,0,112,,9822,75,,,0,106,,9823,75,,,0,101,,9824,75,,,0,99,,9825,75,,,0,99,,9826,75,,,0,96,,9827,75,,,0,104,,9828,75,,,0,102,,9829,75,,,0,169,,9830,75,,,0
5801,'5527',817,,9929,30,,,0,119,,9930,30,,,0,104,,9931,30,,,0,100,,9932,30,,,0,102,,9933,30,,,0,99,,9934,30,,,0,100,,9935,30,,,0,97,,9936,30,,,0,100,,9937,30,,,0,100,,9938,30,,,0,100,,9939,30,,,0,170,,9940,30,,,0,129,,9941,30,,,0,100,,9942,30,,,0
5801,'5565',817,,9943,30,,,0,120,,9944,30,,,0,102,,9945,30,,,0,100,,9946,30,,,0,101,,9947,30,,,0,101,,9948,30,,,0,98,,9949,30,,,0,99,,9950,30,,,0,99,,9951,30,,,0,100,,9952,30,,,0,100,,9953,30,,,0,96,,9954,30,,,0,100,,9955,30,,,0
5801,'5566',557,,9956,19,,,0,95,,9957,30,,,0,177,,9958,30,,,0,121,,9959,30,,,0,101,,9960,30,,,0,101,,9961,30,,,0,101,,9962,30,,,0,100,,9963,30,,,0,105,,9964,30,,,0,100,,9965,30,,,0,97,,9966,30,,,0,98,,9967,30,,,0,95,,9968,30,,,0,161,,9969,30,,,0,129,,9970,30,,,0
5900,'5566',1625,,9971,14,,,0,95,,9972,14,,,0
5901,'5566',654,,9973,21,,,0,100,,9974,21,,,0
