5200,'5527',1012,,9647,18,4,,0,101,,9644,18,4,,0,103,,9648,18,4,,0,101,,9649,18,4,,0,100,,9650,18,4,,0,100,,9651,18,4,,0,99,,9652,18,4,,0,99,,9653,18,4,,0,98,,9654,18,4,,0,99,,9655,18,4,,0,305,,9658,18,4,,0
5200,'5565',1006,,9661,18,4,,0,103,,9662,18,4,,0,104,,9663,18,4,,0,102,,9664,18,4,,0,100,,9665,18,4,,0,100,,9666,18,4,,0,195,,9668,18,4,,0,100,,9669,18,4,,0,98,,9670,18,4,,0,107,,9671,18,4,,0,98,,9672,18,4,,0
5200,'5566',720,,9674,18,4,,0,122,,9675,18,4,,0,90,,9676,18,4,,0,113,,9677,18,4,,0,106,,9678,18,4,,0,153,,9679,18,4,,0,100,,9680,18,4,,0,115,,9681,18,4,,0,104,,9682,18,4,,0,101,,9683,18,4,,0,96,,9684,18,4,,0,100,,9685,18,4,,0,297,,9688,18,4,,0,129,,9689,18,4,,0
5301,'5527',828,,9735,23,4,,0,104,,9736,23,4,,0,105,,9737,23,4,,0,96,,9738,23,4,,0,100,,9739,23,4,,0,101,,9740,23,4,,0,100,,9741,23,4,,0,100,,9742,23,4,,0,100,,9743,23,4,,0,100,,9744,23,4,,0,94,,9745,23,4,,0,99,,9746,23,4,,0,109,,9747,23,4,,0,100,,9748,23,4,,0,109,,9749,23,4,,0
5301,'5565',827,,9750,23,4,,0,105,,9751,23,4,,0,100,,9752,23,4,,0,101,,9753,23,4,,0,100,,9754,23,4,,0,100,,9755,23,4,,0,100,,9756,23,4,,0,101,,9757,23,4,,0,100,,9758,23,4,,0,100,,9759,23,4,,0,98,,9760,23,4,,0,100,,9761,23,4,,0,99,,9762,23,4,,0
5301,'5566',600,,9763,23,4,,0,42,,9764,23,4,,0,107,,9766,23,4,,0,76,,9767,23,4,,0,23,,9768,23,4,,0,100,,9769,23,4,,0,100,,9770,23,4,,0,101,,9771,23,4,,0,100,,9772,23,4,,0,100,,9773,23,4,,0,108,,9774,23,4,,0,74,,9775,23,4,,0,25,,9776,23,4,,0,66,,9777,23,4,,0,29,,9778,23,4,,0,98,,9779,23,4,,0,94,,9780,23,4,,0,94,,9781,23,4,,0,110,,9782,23,4,,0,99,,9783,23,4,,0
5901,'5566',630,,9973,1,,,0,100,,9974,1,,,0
6601,'5527',545,,10078,1,,,0,100,,10073,1,,,0,80,,10064,1,,,0,75,,10061,1,,,0,30,,10062,1,,,0,70,,10077,1,,,0,30,,10063,1,,,0,70,,10067,1,,,0,40,,10075,1,,,0,80,,10060,1,,,0,80,,10057,1,,,0,41,,10056,1,,,0,87,,10066,1,,,0,83,,10058,1,,,0,45,,10059,1,,,0,87,,10068,1,,,0,73,,10071,1,,,0,29,,10069,1,,,0,75,,10072,1,,,0,30,,10070,1,,,0,172,,10074,1,,,0,100,,10076,1,,,0
6601,'5565',645,,10099,1,,,0,80,,10096,1,,,0,75,,10092,1,,,0,30,,10085,1,,,0,70,,10087,1,,,0,30,,10081,1,,,0,75,,10100,1,,,0,35,,10097,1,,,0,80,,10091,1,,,0,80,,10089,1,,,0,45,,10080,1,,,0,85,,10101,1,,,0,85,,10082,1,,,0,85,,10093,1,,,0,45,,10090,1,,,0,72,,10083,1,,,0,33,,10086,1,,,0,70,,10084,1,,,0,30,,10088,1,,,0,175,,10095,1,,,0,100,,10098,1,,,0
6601,'5566',440,,10103,1,,,0,60,,10104,1,,,0,23,,10105,1,,,0,20,,10106,1,,,0,63,,10107,1,,,0,23,,10108,1,,,0,30,,10109,1,,,0,77,,10110,1,,,0,79,,10111,1,,,0,104,,10113,1,,,0,100,,10115,1,,,0,98,,10116,1,,,0,27,,10117,1,,,0,91,,10119,1,,,0,102,,10121,1,,,0,66,,10122,1,,,0,33,,10124,1,,,0,18,,10125,1,,,0,80,,10127,1,,,0,24,,10128,1,,,0,95,,10130,1,,,0,72,,10131,1,,,0,98,,10133,1,,,0,31,,10134,1,,,0,70,,10135,1,,,0,102,,10136,1,,,0
7100,'4619',1945,,10137,1,,,0,190,,10138,1,,,0
7100,'5210',1025,,10148,1,,,0,195,,10149,1,,,0,310,,10150,1,,,0,200,,10151,1,,,0
7100,'5527',725,,10147,1,0,35 36,0,125,,10141,1,,,0,195,,10140,1,,,0,200,,10139,1,,,0,165,,10146,1,0,35 36,0,115,,10142,1,,,0,210,,10144,1,,,0,270,,10143,1,,,0,150,,10145,1,,,0
7100,'5566',515,,10161,1,0,35 36,0,105,,10153,1,,,0,100,,10152,1,,,0,100,,10154,1,,,0,110,,10155,1,,,0,310,,10156,1,,,0,170,,10157,1,,,0,35,,10162,1,0,35 36,0,75,,10158,1,,,0,105,,10159,1,,,0,100,,10160,1,,,0
7101,'4619',2124,,10163,31,4,,0,189,,10164,31,4,,0
7101,'5210',1017,,10174,31,4,,0,196,,10175,31,4,,0,305,,10176,31,4,,0,194,,10177,31,4,,0
7101,'5527',1031,,10167,31,4,,0,117,,10173,23,4,,0,84,,10166,31,4,,0,206,,10165,31,4,,0,274,,10168,31,4,,0,118,,10172,23,4,,0,85,,10169,31,4,,0,229,,10170,31,4,,0,189,,10171,31,4,,0
7101,'5566',713,,10179,31,4,,0,96,,10180,31,4,,0,103,,10178,31,4,,0,34,,10188,23,4,,0,67,,10181,31,4,,0,111,,10182,31,4,,0,316,,10183,31,4,,0,171,,10184,31,4,,0,103,,10185,31,4,,0,103,,10186,31,4,,0,103,,10187,31,4,,0
