3101,'5527',756,,9090,2,,,0,103,,9089,2,,,0,142,,9087,2,,,0,110,,9094,2,,,0,110,,9095,2,,,0,110,,9088,2,,,0,115,,9093,2,,,0,155,,9091,2,,,0,110,,9092,2,,,0,110,,9096,2,,,0
3101,'5565',756,,9103,2,,,0,247,,9100,2,,,0,218,,9097,2,,,0,110,,9101,2,,,0,115,,9099,2,,,0,155,,9102,2,,,0,110,,9098,2,,,0
3101,'5566',621,,9104,2,,,0,85,,9105,2,,,0,29,,9106,2,,,0,72,,9107,2,,,0,34,,9108,2,,,0,87,,9109,2,,,0,103,,9110,2,,,0,110,,9111,2,,,0,110,,9112,2,,,0,155,,9113,2,,,0,114,,9114,2,,,0,81,,9115,2,,,0,35,,9116,2,,,0,77,,9117,2,,,0,34,,9118,2,,,0,71,,9119,2,,,0,18,,9120,2,,,0
3201,'5475',2321,,9121,2,0,5 49,0,100,,9122,2,0,5 49,0,100,,9123,2,0,5 49,0,100,,9124,2,0,5 49,0,100,,9125,2,0,5 49,0
3201,'5527',756,,9137,2,0,5 49,0,70,,9128,2,0,5 49,0,33,,9148,2,0,5 49,0,72,,9126,2,0,5 49,0,70,,9129,2,0,5 49,0,35,,9134,2,0,5 49,0,75,,9127,2,0,5 49,0,35,,9146,2,0,5 49,0,75,,9131,2,0,5 49,0,35,,9130,2,0,5 49,0,75,,9135,2,0,5 49,0,75,,9132,2,0,5 49,0,40,,9147,2,0,5 49,0,75,,9136,2,0,5 49,0,80,,9133,2,0,5 49,0,35,,9142,2,0,5 49,0,75,,9138,2,0,5 49,0,35,,9149,2,0,5 49,0,75,,9139,2,0,5 49,0,35,,9141,2,0,5 49,0,85,,9140,2,0,5 49,0,70,,9144,2,0,5 49,0,30,,9143,2,0,5 49,0,170,,9145,2,0,5 49,0
3201,'5565',756,,9164,2,0,5 49,0,103,,9163,2,0,5 49,0,144,,9158,2,0,5 49,0,33,,9165,2,0,5 49,0,75,,9152,2,0,5 49,0,35,,9151,2,0,5 49,0,75,,9159,2,0,5 49,0,35,,9150,2,0,5 49,0,75,,9160,2,0,5 49,0,75,,9155,2,0,5 49,0,40,,9161,2,0,5 49,0,75,,9156,2,0,5 49,0,80,,9157,2,0,5 49,0,35,,9154,2,0,5 49,0,75,,9162,2,0,5 49,0,35,,9153,2,0,5 49,0,110,,9166,2,0,5 49,0,155,,9167,2,0,5 49,0
3201,'5566',551,,9168,2,0,5 49,0,70,,9169,2,0,5 49,0,30,,9170,2,0,5 49,0,68,,9171,2,0,5 49,0,31,,9172,2,0,5 49,0,74,,9173,2,0,5 49,0,33,,9174,2,0,5 49,0,71,,9175,2,0,5 49,0,31,,9176,2,0,5 49,0,72,,9177,2,0,5 49,0,75,,9178,2,0,5 49,0,35,,9179,2,0,5 49,0,75,,9180,2,0,5 49,0,35,,9181,2,0,5 49,0,75,,9182,2,0,5 49,0,80,,9183,2,0,5 49,0,37,,9184,2,0,5 49,0,78,,9185,2,0,5 49,0,80,,9186,2,0,5 49,0,35,,9187,2,0,5 49,0,77,,9188,2,0,5 49,0,33,,9189,2,0,5 49,0,72,,9190,2,0,5 49,0,38,,9191,2,0,5 49,0,86,,9192,2,0,5 49,0,70,,9193,2,0,5 49,0,94,,9194,2,0,5 49,0,105,,9195,2,0,5 49,0
3501,'5527',841,,9335,6,,,0,396,,9338,6,,,0,280,,9334,6,,,0,224,,9336,6,,,0,160,,9337,6,,,0
3501,'5565',841,,9340,6,,,0,396,,9339,6,,,0,280,,9343,6,,,0,225,,9341,6,,,0,159,,9342,6,,,0
3501,'5566',713,,9351,6,,,0,29,,9347,6,,,0,65,,9348,6,,,0,34,,9349,6,,,0,395,,9350,6,,,0,304,,9346,6,,,0,295,,9345,6,,,0,120,,9344,6,,,0
3900,'5527',930,,9353,31,0,7 8,0,122,,9354,31,0,7 8,0,106,,9352,31,0,7 8,0,176,,9355,31,0,7 8,0,110,,9357,31,0,7 8,0,169,,9356,31,0,7 8,0,104,,9359,31,0,7 8,0,112,,9358,31,0,7 8,0
3900,'5565',927,,9363,31,0,7 8,0,121,,9366,31,0,7 8,0,107,,9361,31,0,7 8,0,177,,9360,31,0,7 8,0,110,,9364,31,0,7 8,0,169,,9362,31,0,7 8,0,104,,9367,31,0,7 8,0,114,,9365,31,0,7 8,0
3900,'5566',626,,9376,2,,,0,321,,9372,32,0,7 8,0,97,,9373,31,0,7 8,0,159,,9374,32,0,7 8,0,135,,9375,31,0,7 8,0,170,,9370,32,0,7 8,0,150,,9371,32,0,7 8,0,150,,9368,32,0,7 8,0,114,,9369,31,0,7 8,0
1003101,'5475',2251,,10287,2,,,0,100,,10288,2,,,0,100,,10289,2,,,0,100,,10290,2,,,0,100,,10291,2,,,0
1003101,'5527',826,,10297,2,,,0,105,,10303,2,,,0,105,,10292,2,,,0,110,,10293,2,,,0,110,,10294,2,,,0,150,,10296,2,,,0,115,,10301,2,,,0,115,,10299,2,,,0,110,,10298,2,,,0,110,,10295,2,,,0,155,,10300,2,,,0,100,,10302,2,,,0
1003101,'5565',859,,10311,2,,,0,252,,10310,2,,,0,35,,10304,2,,,0,110,,10306,2,,,0,150,,10307,2,,,0,115,,10308,2,,,0,115,,10309,2,,,0,110,,10305,2,,,0,110,,10312,2,,,0,155,,10313,2,,,0,100,,10314,2,,,0
1003101,'5566',651,,10315,2,,,0,68,,10316,2,,,0,31,,10317,2,,,0,74,,10318,2,,,0,33,,10319,2,,,0,102,,10320,2,,,0,147,,10321,2,,,0,110,,10322,2,,,0,110,,10323,2,,,0,115,,10324,2,,,0,100,,10325,2,,,0,77,,10326,2,,,0,37,,10327,2,,,0,75,,10328,2,,,0,72,,10329,2,,,0,51,,10330,2,,,0,90,,10331,2,,,0,163,,10332,2,,,0,110,,10333,2,,,0
