200,'5475',2306,,8228,33,,,0,30,,8229,33,,,0,70,,8230,33,,,0,30,,8231,33,,,0,70,,8232,33,,,0,30,,8233,33,,,0,70,,8234,33,,,0,30,,8235,33,,,0,70,,8236,33,,,0,30,,8237,33,0,17 10,0
200,'5527',618,,8238,33,,,0,84,,8239,33,,,0,34,,8240,33,,,0,70,,8241,33,,,0,30,,8242,33,,,0,69,,8243,33,,,0,30,,8244,33,,,0,70,,8245,33,,,0,30,,8246,33,,,0,68,,8247,33,,,0,30,,8248,33,,,0,71,,8249,33,,,0,30,,8250,33,,,0,70,,8251,33,,,0,30,,8252,33,,,0,70,,8253,33,,,0,30,,8254,33,,,0,70,,8255,33,,,0,30,,8256,33,,,0,70,,8257,33,,,0,30,,8258,33,,,0,70,,8259,33,,,0,30,,8260,33,,,0,70,,8261,33,,,0,31,,8262,33,,,0,69,,8263,33,,,0,31,,8264,33,,,0,70,,8265,33,,,0,35,,8266,33,,,0,83,,8267,33,,,0,82,,8268,33,,,0,36,,8269,33,,,0
200,'5565',654,,8291,33,,,0,85,,8290,33,,,0,85,,8289,33,,,0,85,,8288,33,,,0,45,,8287,33,,,0,85,,8286,33,,,0,83,,8285,33,,,0,81,,8270,33,,,0,40,,8271,33,,,0,80,,8272,33,,,0,80,,8273,33,,,0,40,,8274,33,,,0,80,,8275,33,,,0,80,,8276,33,,,0,41,,8277,33,,,0,81,,8278,33,,,0,80,,8279,33,,,0,40,,8280,33,,,0,82,,8281,33,,,0,81,,8282,33,,,0,38,,8283,33,,,0,82,,8284,33,,,0
200,'5566',555,,8292,33,,,0,71,,8293,33,,,0,29,,8294,33,,,0,58,,8295,33,,,0,16,,8296,33,,,0,16,,8297,33,,,0,57,,8298,33,,,0,16,,8299,33,,,0,15,,8300,33,,,0,15,,8301,33,,,0,57,,8340,33,,,0,21,,8302,33,,,0,25,,8303,33,,,0,65,,8304,33,,,0,25,,8305,33,,,0,65,,8306,33,,,0,26,,8307,33,,,0,25,,8308,33,,,0,65,,8309,33,,,0,25,,8310,33,,,0,66,,8311,33,,,0,23,,8312,33,,,0,23,,8313,33,,,0,65,,8314,33,,,0,25,,8315,33,,,0,63,,8316,33,,,0,15,,8317,33,,,0,16,,8318,33,,,0,15,,8319,33,,,0,55,,8320,33,,,0,15,,8321,33,,,0,15,,8322,33,,,0,15,,8323,33,,,0,55,,8324,33,,,0,15,,8325,33,,,0,15,,8326,33,,,0,58,,8327,33,,,0,20,,8328,33,,,0,20,,8329,33,,,0,61,,8330,33,,,0,20,,8331,33,,,0,20,,8332,33,,,0,60,,8333,33,,,0,20,,8334,33,,,0,20,,8335,33,,,0,65,,8336,33,,,0,29,,8337,33,,,0,70,,8338,33,,,0,30,,8339,33,,,0
501,'5475',2340,,8730,5,,,0,100,,8731,5,,,0,100,,8732,5,,,0,100,,8733,5,,,0
501,'5527',639,,8757,5,,,0,97,,8758,5,,,0,88,,8736,5,,,0,27,,8737,5,,,0,79,,8734,5,,,0,75,,8735,5,,,0,29,,8738,5,,,0,74,,8739,5,,,0,32,,8740,5,,,0,74,,8741,5,,,0,40,,8742,5,,,0,75,,8743,5,,,0,75,,8744,5,,,0,41,,8745,5,,,0,75,,8746,5,,,0,30,,8747,5,,,0,76,,8748,5,,,0,76,,8749,5,,,0,36,,8750,5,,,0,88,,8751,5,,,0,75,,8752,5,,,0,37,,8754,5,,,0,92,,8755,5,,,0,102,,8756,5,,,0,101,,8753,5,,,0
501,'5565',619,,8760,5,,,0,95,,8759,5,,,0,86,,8773,5,,,0,52,,8761,5,,,0,93,,8762,5,,,0,94,,8763,5,,,0,94,,8764,5,,,0,99,,8765,5,,,0,99,,8767,5,,,0,100,,8768,5,,,0,99,,8769,5,,,0,106,,8766,5,,,0,97,,8770,5,,,0,99,,8771,5,,,0,102,,8772,5,,,0
501,'5566',606,,8774,5,,,0,27,,8775,5,,,0,73,,8776,5,,,0,30,,8777,5,,,0,76,,8778,5,,,0,35,,8779,5,,,0,76,,8780,5,,,0,35,,8781,5,,,0,74,,8782,5,,,0,72,,8783,5,,,0,34,,8784,5,,,0,75,,8785,5,,,0,35,,8786,5,,,0,78,,8787,5,,,0,33,,8788,5,,,0,70,,8789,5,,,0,85,,8790,5,,,0,34,,8791,5,,,0,74,,8792,5,,,0,82,,8793,5,,,0,38,,8794,5,,,0,76,,8795,5,,,0,37,,8796,5,,,0,72,,8797,5,,,0,104,,8798,5,,,0,100,,8799,5,,,0,107,,8800,5,,,0
900,'5527',1650,,8900,5,0,34 2 13 14,0
1201,'5566',703,,8948,5,,,0,41,,8949,5,,,0,84,,8950,5,,,0,77,,8951,5,,,0,114,,8952,5,,,0,117,,8953,5,,,0,165,,8954,5,,,0,127,,8955,5,,,0,174,,8956,5,,,0,41,,8957,5,,,0,85,,8958,5,,,0
2400,'5566',1432,,9054,5,0,15 16 11,0
2600,'5566',1428,,9056,5,0,13 14 11,0
2601,'5566',716,,9057,5,0,13 14 11,0
