201,'5475',2257,,8341,4,,,0,70,,8342,4,,,0,30,,8343,4,,,0,70,,8344,4,,,0,30,,8345,4,,,0,70,,8346,4,,,0,30,,8347,4,,,0,70,,8348,4,,,0,30,,8349,4,,,0
201,'5527',634,,8350,4,,,0,85,,8351,4,,,0,38,,8352,4,,,0,70,,8353,4,,,0,30,,8354,4,,,0,70,,8355,4,,,0,30,,8356,4,,,0,70,,8357,4,,,0,30,,8358,4,,,0,72,,8359,4,,,0,29,,8360,4,,,0,71,,8361,4,,,0,30,,8362,4,,,0,70,,8363,4,,,0,71,,8364,4,,,0,30,,8365,4,,,0,29,,8366,4,,,0,70,,8367,4,,,0,71,,8368,4,,,0,30,,8369,4,,,0,29,,8370,4,,,0,70,,8371,4,,,0,30,,8372,4,,,0,70,,8373,4,,,0,29,,8374,4,,,0,69,,8375,4,,,0,29,,8376,4,,,0,71,,8377,4,,,0,75,,8378,4,,,0,40,,8379,4,,,0,80,,8380,4,,,0
201,'5565',634,,8381,4,,,0,85,,8382,4,,,0,85,,8383,4,,,0,45,,8384,4,,,0,84,,8385,4,,,0,85,,8386,4,,,0,84,,8387,4,,,0,45,,8388,4,,,0,81,,8389,4,,,0,80,,8390,4,,,0,40,,8391,4,,,0,80,,8392,4,,,0,80,,8393,4,,,0,40,,8394,4,,,0,80,,8395,4,,,0,81,,8396,4,,,0,40,,8397,4,,,0,80,,8398,4,,,0,80,,8399,4,,,0,41,,8400,4,,,0,78,,8401,4,,,0,92,,8402,4,,,0
201,'5566',502,,8404,4,,,0,46,,8405,4,,,0,65,,8406,4,,,0,34,,8407,4,,,0,58,,8408,4,,,0,16,,8409,4,,,0,14,,8410,4,,,0,15,,8411,4,,,0,57,,8412,4,,,0,21,,8413,4,,,0,25,,8414,4,,,0,70,,8415,4,,,0,28,,8416,4,,,0,67,,8417,4,,,0,25,,8418,4,,,0,64,,8419,4,,,0,25,,8420,4,,,0,25,,8421,4,,,0,66,,8422,4,,,0,25,,8423,4,,,0,65,,8424,4,,,0,25,,8425,4,,,0,65,,8426,4,,,0,20,,8427,4,,,0,13,,8403,4,0,9 10,0,5,,8428,4,,,0,15,,8429,4,,,0,56,,8430,4,,,0,15,,8431,4,,,0,16,,8432,4,,,0,15,,8433,4,,,0,55,,8434,4,,,0,15,,8435,4,,,0,14,,8436,4,,,0,16,,8437,4,,,0,55,,8438,4,,,0,16,,8439,4,,,0,15,,8440,4,,,0,60,,8441,4,,,0,20,,8442,4,,,0,20,,8443,4,,,0,60,,8444,4,,,0,20,,8445,4,,,0,20,,8446,4,,,0,61,,8447,4,,,0,25,,8448,4,,,0,70,,8449,4,,,0,28,,8450,4,,,0,30,,8451,4,,,0,69,,8452,4,,,0
900,'5475',2321,,8885,44,0,17 10,0,100,,8886,44,0,17 10,0,100,,8887,44,0,17 10,0,100,,8888,44,0,17 10,0,100,,8889,44,0,17 10,0
900,'5527',706,,8890,44,,,0,101,,8891,44,,,0,100,,8892,44,,,0,102,,8893,44,,,0,106,,8894,44,,,0,95,,8895,44,,,0,106,,8896,44,,,0,100,,8897,44,0,17 10,0,100,,8898,44,0,17 10,0,100,,8899,44,,,0,104,,8900,53,,,0,96,,8901,44,0,17 10,0,99,,8902,44,,,0,94,,8903,44,,,0,99,,8904,44,,,0,105,,8905,44,0,17 10,0
900,'5565',707,,8907,44,0,17 10,0,100,,8908,44,0,17 10,0,101,,8909,44,0,17 10,0,100,,8906,44,0,17 10,0,107,,8910,44,0,17 10,0,95,,8911,44,0,17 10,0,105,,8912,44,0,17 10,0,99,,8913,44,0,17 10,0,100,,8914,44,0,17 10,0,100,,8915,44,0,17 10,0,100,,8916,44,0,17 10,0,100,,8917,44,0,17 10,0,100,,8918,44,0,17 10,0,94,,8919,44,0,17 10,0
900,'5566',607,,8920,44,0,17 10,0,108,,8921,44,0,17 10,0,99,,8922,44,0,17 10,0,103,,8923,44,0,17 10,0,99,,8924,44,0,17 10,0,101,,8925,44,0,17 10,0,100,,8926,44,0,17 10,0,100,,8927,44,0,17 10,0,101,,8928,44,0,17 10,0,99,,8929,44,0,17 10,0,100,,8930,44,0,17 10,0,102,,8931,44,0,17 10,0,100,,8932,44,0,17 10,0,98,,8933,44,0,17 10,0,99,,8934,44,0,17 10,0,99,,8935,44,0,17 10,0,99,,8936,44,0,17 10,0
2600,'5566',1517,,9056,46,0,9 10 11,0
2601,'5566',759,,9057,57,0,9 10 11,0
