100,'5475',2318,,8001,21,,,0,30,,8002,21,,,0,70,,8003,21,,,0,30,,8004,21,,,0,70,,8005,21,,,0,30,,8006,21,,,0,70,,8007,21,,,0,30,,8008,21,,,0,70,,8009,21,,,0
100,'5527',637,,8041,21,,,0,81,,8040,21,,,0,30,,8039,21,,,0,70,,8038,21,,,0,29,,8037,21,,,0,69,,8036,21,,,0,30,,8035,21,,,0,70,,8034,21,,,0,28,,8033,21,,,0,70,,8032,21,,,0,30,,8031,21,,,0,70,,8030,21,,,0,30,,8029,21,,,0,70,,8028,21,,,0,30,,8027,21,,,0,70,,8026,21,,,0,30,,8025,21,,,0,70,,8024,21,,,0,30,,8023,21,,,0,70,,8022,21,,,0,30,,8021,21,,,0,70,,8020,21,,,0,30,,8019,21,,,0,70,,8018,21,,,0,31,,8017,21,,,0,70,,8016,21,,,0,32,,8015,21,,,0,70,,8014,21,,,0,40,,8013,21,,,0,80,,8012,21,,,0,81,,8011,21,,,0,40,,8010,21,,,0
100,'5565',629,,8064,21,,,0,85,,8063,21,,,0,45,,8062,21,,,0,85,,8061,21,,,0,85,,8060,21,,,0,84,,8059,21,,,0,44,,8058,21,,,0,81,,8042,21,,,0,80,,8043,21,,,0,40,,8044,21,,,0,80,,8045,21,,,0,80,,8046,21,,,0,40,,8047,21,,,0,80,,8048,21,,,0,80,,8049,21,,,0,41,,8050,21,,,0,81,,8051,21,,,0,80,,8052,21,,,0,82,,8053,21,,,0,41,,8054,21,,,0,80,,8055,21,,,0,80,,8056,21,,,0,38,,8057,21,,,0,80,,8065,21,,,0
100,'5566',533,,8067,21,,,0,75,,8068,21,,,0,30,,8069,21,,,0,63,,8070,21,,,0,16,,8071,21,,,0,15,,8072,21,,,0,16,,8073,21,,,0,57,,8074,21,,,0,15,,8075,21,,,0,16,,8076,21,,,0,16,,8115,21,,,0,56,,8077,21,,,0,25,,8078,21,,,0,25,,8079,21,,,0,65,,8080,21,,,0,25,,8081,21,,,0,66,,8082,21,,,0,25,,8083,21,,,0,65,,8084,21,,,0,25,,8085,21,,,0,25,,8086,21,,,0,65,,8087,21,,,0,23,,8088,21,,,0,65,,8089,21,,,0,25,,8090,21,,,0,25,,8091,21,,,0,57,,8066,21,,,0,16,,8092,21,,,0,15,,8093,21,,,0,55,,8094,21,,,0,15,,8095,21,,,0,15,,8096,21,,,0,15,,8097,21,,,0,55,,8098,21,,,0,15,,8099,21,,,0,15,,8100,21,,,0,16,,8101,21,,,0,60,,8102,21,,,0,20,,8103,21,,,0,21,,8104,21,,,0,60,,8105,21,,,0,20,,8106,21,,,0,20,,8107,21,,,0,61,,8108,21,,,0,20,,8109,21,,,0,20,,8110,21,,,0,70,,8111,21,,,0,30,,8112,21,,,0,70,,8113,21,,,0,30,,8114,21,,,0
200,'5475',2303,,8228,26,,,0,30,,8229,26,,,0,70,,8230,26,,,0,30,,8231,26,,,0,70,,8232,26,,,0,30,,8233,26,,,0,70,,8234,26,,,0,30,,8235,26,,,0,70,,8236,26,,,0,30,,8237,26,0,17 10,0
200,'5527',615,,8238,26,,,0,44,,8239,26,,,0,74,,8240,26,,,0,70,,8241,26,,,0,30,,8242,26,,,0,69,,8243,26,,,0,29,,8244,26,,,0,70,,8245,26,,,0,30,,8246,26,,,0,28,,8247,26,,,0,70,,8248,26,,,0,30,,8249,26,,,0,70,,8250,26,,,0,30,,8251,26,,,0,70,,8252,26,,,0,30,,8253,26,,,0,70,,8254,26,,,0,30,,8255,26,,,0,70,,8256,26,,,0,30,,8257,26,,,0,70,,8258,26,,,0,30,,8259,26,,,0,70,,8260,26,,,0,30,,8261,26,,,0,71,,8262,26,,,0,70,,8263,26,,,0,31,,8264,26,,,0,71,,8265,26,,,0,35,,8266,26,,,0,83,,8267,26,,,0,82,,8268,26,,,0,36,,8269,26,,,0
200,'5565',651,,8291,26,,,0,85,,8290,26,,,0,85,,8289,26,,,0,85,,8288,26,,,0,44,,8287,26,,,0,85,,8286,26,,,0,83,,8285,26,,,0,40,,8270,26,,,0,80,,8271,26,,,0,80,,8272,26,,,0,40,,8273,26,,,0,80,,8274,26,,,0,80,,8275,26,,,0,40,,8276,26,,,0,81,,8277,26,,,0,81,,8278,26,,,0,80,,8279,26,,,0,40,,8280,26,,,0,83,,8281,26,,,0,82,,8282,26,,,0,38,,8283,26,,,0,82,,8284,26,,,0
200,'5566',552,,8292,26,,,0,71,,8293,26,,,0,28,,8294,26,,,0,58,,8295,26,,,0,16,,8296,26,,,0,16,,8297,26,,,0,17,,8298,26,,,0,55,,8299,26,,,0,15,,8300,26,,,0,15,,8301,26,,,0,57,,8340,26,,,0,21,,8302,26,,,0,25,,8303,26,,,0,65,,8304,26,,,0,25,,8305,26,,,0,65,,8306,26,,,0,26,,8307,26,,,0,25,,8308,26,,,0,65,,8309,26,,,0,25,,8310,26,,,0,66,,8311,26,,,0,23,,8312,26,,,0,23,,8313,26,,,0,65,,8314,26,,,0,25,,8315,26,,,0,63,,8316,26,,,0,15,,8317,26,,,0,16,,8318,26,,,0,15,,8319,26,,,0,55,,8320,26,,,0,15,,8321,26,,,0,15,,8322,26,,,0,15,,8323,26,,,0,55,,8324,26,,,0,15,,8325,26,,,0,15,,8326,26,,,0,18,,8327,26,,,0,60,,8328,26,,,0,20,,8329,26,,,0,22,,8330,26,,,0,60,,8331,26,,,0,20,,8332,26,,,0,20,,8333,26,,,0,60,,8334,26,,,0,20,,8335,26,,,0,65,,8336,26,,,0,30,,8337,26,,,0,70,,8338,26,,,0,30,,8339,26,,,0
1701,'5566',652,,8973,38,,,0,75,,8974,38,,,0,95,,8975,38,,,0,730,,8976,38,,,0,84,,8977,38,,,0,86,,8978,38,,,0,81,,8979,38,,,0,40,,8980,38,,,0
2100,'5475',2139,,8981,30,,,0,170,,8982,30,,,0,135,,8983,30,,,0
2100,'5527',832,,8991,30,,,0,125,,8993,30,,,0,182,,8992,30,,,0,170,,8987,30,,,0,125,,8988,30,,,0,106,,8989,30,,,0,100,,8990,30,,,0,100,,8985,30,,,0,168,,8986,30,,,0,132,,8984,30,,,0
2100,'5565',903,,9001,30,,,0,105,,9002,30,,,0,133,,8994,30,,,0,172,,8996,30,,,0,135,,8995,30,,,0,176,,8997,30,,,0,129,,8998,30,,,0,165,,8999,30,,,0,125,,9000,30,,,0
2100,'5566',701,,9003,30,,,0,47,,9004,30,,,0,85,,9005,30,,,0,86,,9006,30,,,0,90,,9007,30,,,0,46,,9008,30,,,0,93,,9009,30,,,0,168,,9010,30,,,0,128,,9011,30,,,0,285,,9012,30,,,0,82,,9013,30,,,0,101,,9014,30,,,0,118,,9015,30,,,0
2201,'5566',814,,9052,30,,,0,691,,9053,30,,,0
1002100,'5566',1554,,10234,35,,,0,77,,10235,35,,,0
