5100,'5527',734,,9377,1,0,37,0,102,,9378,1,0,37,0,70,,9379,1,0,37,0,31,,9380,1,0,37,0,70,,9381,1,0,37,0,30,,9382,1,0,37,0,21,,9383,1,0,37,0,65,,9384,1,0,37,0,25,,9385,1,0,37,0,61,,9386,1,0,37,0,18,,9387,1,0,37,0,18,,9388,1,0,37,0,58,,9389,1,0,37,0,18,,9390,1,0,37,0,19,,9391,1,0,37,0,18,,9392,1,0,37,0,58,,9393,1,0,37,0,18,,9394,1,0,37,0,18,,9395,1,0,37,0,58,,9396,1,0,37,0,18,,9397,1,0,37,0,17,,9398,1,0,37,0,58,,9399,1,0,37,0,20,,9400,1,0,37,0,25,,9401,1,0,37,0,65,,9402,1,0,37,0,19,,9403,1,0,37,0,25,,9404,1,0,37,0,65,,9405,1,0,37,0,18,,9406,1,0,37,0,65,,9407,1,0,37,0,25,,9408,1,0,37,0,20,,9409,1,0,37,0,60,,9410,1,0,37,0,30,,9411,1,0,37,0,70,,9412,1,0,37,0,40,,9413,1,0,37,0,65,,9414,1,0,37,0,30,,9415,1,0,37,0,70,,9416,1,0,37,0
5100,'5565',734,,9418,1,0,37,0,101,,9419,1,0,37,0,70,,9420,1,0,37,0,31,,9421,1,0,37,0,75,,9422,1,0,37,0,31,,9417,1,0,37,0,75,,9423,1,0,37,0,36,,9424,1,0,37,0,76,,9425,1,0,37,0,75,,9426,1,0,37,0,40,,9427,1,0,37,0,75,,9428,1,0,37,0,40,,9429,1,0,37,0,75,,9430,1,0,37,0,75,,9431,1,0,37,0,35,,9432,1,0,37,0,74,,9433,1,0,37,0,35,,9434,1,0,37,0,74,,9435,1,0,37,0,74,,9436,1,0,37,0,30,,9437,1,0,37,0,74,,9438,1,0,37,0,30,,9439,1,0,37,0,75,,9440,1,0,37,0,99,,9441,1,0,37,0
5100,'5566',510,,9443,1,0,37,0,40,,9444,1,0,37,0,65,,9445,1,0,37,0,24,,9446,1,0,37,0,15,,9447,1,0,37,0,52,,9442,1,0,37,0,20,,9448,1,0,37,0,15,,9449,1,0,37,0,15,,9450,1,0,37,0,47,,9451,1,0,37,0,8,,9452,1,0,37,0,8,,9453,1,,,0,7,,9454,1,0,37,0,15,,9455,1,0,37,0,14,,9456,1,0,37,0,60,,9457,1,0,37,0,25,,9458,1,0,37,0,65,,9459,1,0,37,0,25,,9460,1,0,37,0,25,,9461,1,0,37,0,65,,9462,1,0,37,0,25,,9463,1,0,37,0,65,,9464,1,0,37,0,18,,9465,1,0,37,0,20,,9466,1,0,37,0,59,,9467,1,0,37,0,18,,9468,1,0,37,0,20,,9469,1,0,37,0,60,,9470,1,0,37,0,20,,9471,1,0,37,0,9,,9472,1,,,0,10,,9473,1,0,37,0,11,,9474,1,0,37,0,51,,9475,1,0,37,0,16,,9476,1,0,37,0,17,,9477,1,0,37,0,16,,9478,1,0,37,0,57,,9479,1,0,37,0,16,,9480,1,0,37,0,16,,9481,1,0,37,0,56,,9482,1,0,37,0,15,,9483,1,0,37,0,15,,9484,1,0,37,0,15,,9485,1,0,37,0,55,,9486,1,0,37,0,20,,9487,1,0,37,0,20,,9488,1,0,37,0,60,,9489,1,0,37,0,25,,9490,1,0,37,0,25,,9491,1,0,37,0,68,,9492,1,0,37,0,28,,9493,1,0,37,0,69,,9494,1,0,37,0,29,,9495,1,0,37,0,69,,9496,1,0,37,0,30,,9497,1,0,37,0,70,,9498,1,0,37,0
5100,'5569',1501,,9504,1,0,37,0,18,,9501,1,0,37,0,18,,9499,1,0,37,0,76,,9506,1,0,37,0,22,,9502,1,0,37,0,65,,9500,1,0,37,0,22,,9508,1,0,37,0,23,,9503,1,0,37,0,65,,9507,1,0,37,0,22,,9509,1,0,37,0,21,,9505,1,0,37,0,64,,9512,1,0,37,0,23,,9510,1,0,37,0,60,,9511,1,0,37,0,25,,9513,1,0,37,0
5101,'5527',734,,9514,21,4,,0,102,,9515,21,4,,0,70,,9516,21,4,,0,31,,9517,21,4,,0,70,,9518,21,4,,0,30,,9519,21,4,,0,21,,9520,21,4,,0,65,,9521,21,4,,0,25,,9522,21,4,,0,61,,9523,21,4,,0,18,,9524,21,4,,0,18,,9525,21,4,,0,58,,9526,21,4,,0,18,,9527,21,4,,0,19,,9528,21,4,,0,18,,9529,21,4,,0,58,,9530,21,4,,0,18,,9531,21,4,,0,18,,9532,21,4,,0,58,,9533,21,4,,0,18,,9534,21,4,,0,17,,9535,21,4,,0,58,,9536,21,4,,0,20,,9537,21,4,,0,25,,9538,21,4,,0,65,,9539,21,4,,0,19,,9540,21,4,,0,25,,9541,21,4,,0,65,,9542,21,4,,0,18,,9543,21,4,,0,65,,9544,21,4,,0,25,,9545,21,4,,0,20,,9546,21,4,,0,60,,9547,21,4,,0,30,,9548,21,4,,0,70,,9549,21,4,,0,40,,9550,21,4,,0,65,,9551,21,4,,0,30,,9552,21,4,,0,70,,9553,21,4,,0
5101,'5565',734,,9554,21,4,,0,101,,9555,21,4,,0,70,,9556,21,4,,0,31,,9557,21,4,,0,75,,9558,21,4,,0,31,,9559,21,4,,0,75,,9560,21,4,,0,36,,9561,21,4,,0,76,,9562,21,4,,0,75,,9563,21,4,,0,40,,9564,21,4,,0,75,,9565,21,4,,0,40,,9566,21,4,,0,75,,9567,21,4,,0,75,,9568,21,4,,0,35,,9569,21,4,,0,74,,9570,21,4,,0,35,,9571,21,4,,0,74,,9572,21,4,,0,74,,9573,21,4,,0,30,,9574,21,4,,0,74,,9575,21,4,,0,30,,9576,21,4,,0,75,,9577,21,4,,0,99,,9578,21,4,,0
5101,'5566',639,,9580,21,4,,0,67,,9581,21,4,,0,20,,9579,21,4,,0,15,,9582,21,4,,0,15,,9583,21,4,,0,55,,9584,21,4,,0,8,,9585,21,4,,0,7,,9586,21,4,,0,15,,9587,21,4,,0,14,,9588,21,4,,0,60,,9589,21,4,,0,25,,9590,21,4,,0,65,,9591,21,4,,0,25,,9592,21,4,,0,25,,9593,21,4,,0,65,,9594,21,4,,0,25,,9595,21,4,,0,65,,9596,21,4,,0,18,,9597,21,4,,0,20,,9598,21,4,,0,59,,9599,21,4,,0,18,,9600,21,4,,0,20,,9601,21,4,,0,60,,9602,21,4,,0,20,,9603,21,4,,0,19,,9604,21,4,,0,11,,9605,21,4,,0,51,,9606,21,4,,0,16,,9607,21,4,,0,17,,9608,21,4,,0,16,,9609,21,4,,0,57,,9610,21,4,,0,16,,9611,21,4,,0,16,,9612,21,4,,0,56,,9613,21,4,,0,15,,9614,21,4,,0,15,,9615,21,4,,0,15,,9616,21,4,,0,55,,9617,21,4,,0,20,,9618,21,4,,0,20,,9619,21,4,,0,60,,9620,21,4,,0,25,,9621,21,4,,0,25,,9622,21,4,,0,68,,9623,21,4,,0,28,,9624,21,4,,0,69,,9625,21,4,,0,29,,9626,21,4,,0,69,,9627,21,4,,0,30,,9628,21,4,,0,70,,9629,21,4,,0
5101,'5569',1613,,9634,21,4,,0,22,,9632,21,4,,0,65,,9630,21,4,,0,22,,9635,21,4,,0,23,,9633,21,4,,0,65,,9631,21,4,,0,22,,9637,21,4,,0,21,,9638,21,4,,0,64,,9636,21,4,,0,23,,9639,21,4,,0,60,,9640,21,4,,0,25,,9641,21,4,,0,32,,9642,21,4,,0,73,,9643,21,4,,0
5501,'5527',913,,9831,8,0,42,0,41,,9831,27,4,,0,347,,9832,8,0,42,0,41,,9832,27,4,,0,361,,9833,8,0,42,0,40,,9833,27,4,,0
5501,'5566',718,,9834,8,0,42,0,85,,9834,27,4,,0,154,,9835,8,0,42,0,81,,9835,27,4,,0,465,,9836,8,0,42,0,42,,9836,27,4,,0,267,,9837,8,0,42,0,40,,9837,27,4,,0
