2100,'5475',2110,,8981,1,,,0,130,,8982,1,,,0,175,,8983,1,,,0
2100,'5527',800,,8991,1,,,0,125,,8993,1,,,0,180,,8992,1,,,0,130,,8987,1,,,0,165,,8988,1,,,0,106,,8989,1,,,0,100,,8990,1,,,0,100,,8985,1,,,0,131,,8986,1,,,0,173,,8984,1,,,0
2100,'5565',834,,9001,1,,,0,103,,9002,1,,,0,173,,8994,1,,,0,132,,8996,1,,,0,174,,8995,1,,,0,135,,8997,1,,,0,170,,8998,1,,,0,126,,8999,1,,,0,166,,9000,1,,,0
2100,'5566',630,,9003,1,,,0,85,,9004,1,,,0,85,,9005,1,,,0,45,,9006,1,,,0,90,,9007,1,,,0,85,,9008,1,,,0,93,,9009,1,,,0,127,,9010,1,,,0,167,,9011,1,,,0,246,,9012,1,,,0,84,,9013,1,,,0,103,,9014,1,,,0,160,,9015,1,,,0
2101,'5475',2107,,9016,29,4,,0,130,,9017,29,4,,0,175,,9018,29,4,,0
2101,'5527',757,,9027,29,4,,0,165,,9028,29,4,,0,180,,9026,29,4,,0,129,,9022,29,4,,0,125,,9020,29,4,,0,146,,9021,29,4,,0,100,,9023,29,4,,0,101,,9024,29,4,,0,130,,9025,29,4,,0,170,,9019,29,4,,0
2101,'5565',831,,9037,29,4,,0,102,,9029,29,4,,0,174,,9030,29,4,,0,132,,9031,29,4,,0,174,,9032,29,4,,0,135,,9033,29,4,,0,170,,9034,29,4,,0,126,,9035,29,4,,0,166,,9036,29,4,,0
2101,'5566',627,,9038,29,4,,0,85,,9039,29,4,,0,130,,9040,29,4,,0,84,,9041,29,4,,0,91,,9042,29,4,,0,91,,9043,29,4,,0,127,,9044,29,4,,0,168,,9045,29,4,,0,99,,9046,29,4,,0,37,,9047,29,4,,0,110,,9048,29,4,,0,84,,9049,29,4,,0,103,,9050,29,4,,0,121,,9051,29,4,,0
1002100,'5566',1508,,10234,1,,,0,37,,10235,1,,,0
1002101,'5566',757,,10236,34,4,,0
