301,'5475',2339,,8530,2,,,0,100,,8526,19,,,0,100,,8527,19,,,0,100,,8528,19,,,0
301,'5527',557,,8556,19,,,0,93,,8555,19,,,0,91,,8554,19,,,0,100,,8557,19,,,0,92,,8531,19,,,0,70,,8532,19,,,0,41,,8533,19,,,0,76,,8534,19,,,0,30,,8535,19,,,0,75,,8536,19,,,0,75,,8537,19,,,0,36,,8538,19,,,0,80,,8539,19,,,0,35,,8540,19,,,0,75,,8541,19,,,0,79,,8542,19,,,0,35,,8543,19,,,0,70,,8544,19,,,0,35,,8545,19,,,0,75,,8546,19,,,0,34,,8547,19,,,0,84,,8548,19,,,0,75,,8549,19,,,0,35,,8550,19,,,0,88,,8551,19,,,0,100,,8552,19,,,0
301,'5565',619,,8561,19,,,0,101,,8562,19,,,0,95,,8564,19,,,0,90,,8573,19,,,0,98,,8559,19,,,0,55,,8565,19,,,0,97,,8566,19,,,0,95,,8563,19,,,0,100,,8567,19,,,0,100,,8568,19,,,0,101,,8569,19,,,0,99,,8570,19,,,0,105,,8571,19,,,0,95,,8572,19,,,0,93,,8558,19,,,0
301,'5566',553,,8574,19,,,0,83,,8575,19,,,0,76,,8576,19,,,0,32,,8577,19,,,0,75,,8578,19,,,0,35,,8579,19,,,0,75,,8580,19,,,0,75,,8581,19,,,0,35,,8582,19,,,0,75,,8583,19,,,0,37,,8584,19,,,0,75,,8585,19,,,0,75,,8586,19,,,0,36,,8587,19,,,0,75,,8588,19,,,0,40,,8589,19,,,0,75,,8590,19,,,0,75,,8591,19,,,0,40,,8592,19,,,0,74,,8593,19,,,0,34,,8594,19,,,0,74,,8595,19,,,0,34,,8596,19,,,0,74,,8597,19,,,0,75,,8598,19,,,0,30,,8599,19,,,0,100,,8600,19,,,0,99,,8601,19,,,0
401,'5475',2315,,8603,2,0,27,0,100,,8604,2,0,27,0,100,,8605,2,0,27,0,100,,8606,2,0,27,0
401,'5527',600,,8617,2,0,27,0,108,,8620,2,0,27,0,100,,8621,2,0,27,0,100,,8607,2,0,27,0,100,,8622,2,0,27,0,101,,8618,2,0,27,0,100,,8616,2,0,27,0,100,,8615,2,0,27,0,100,,8614,2,0,27,0,100,,8611,2,0,27,0,100,,8623,2,0,27,0,100,,8613,2,0,27,0,100,,8612,2,0,27,0,100,,8610,2,0,27,0,99,,8609,2,0,27,0,100,,8608,2,0,27,0,121,,8619,2,0,27,0
401,'5565',600,,8637,2,0,27,0,108,,8624,2,0,27,0,100,,8625,2,0,27,0,100,,8626,2,0,27,0,100,,8627,2,0,27,0,100,,8628,2,0,27,0,102,,8629,2,0,27,0,100,,8630,2,0,27,0,100,,8631,2,0,27,0,99,,8632,2,0,27,0,100,,8633,2,0,27,0,100,,8634,2,0,27,0,100,,8635,2,0,27,0,100,,8636,2,0,27,0
401,'5566',600,,8638,2,0,27,0,108,,8639,2,0,27,0,18,,8640,2,0,27,0,85,,8641,2,0,27,0,99,,8642,2,0,27,0,100,,8643,2,0,27,0,100,,8644,2,0,27,0,100,,8645,2,0,27,0,99,,8646,2,0,27,0,101,,8647,2,0,27,0,21,,8648,2,0,27,0,80,,8649,2,0,27,0,102,,8650,2,0,27,0,98,,8651,2,0,27,0,100,,8652,2,0,27,0,98,,8653,2,0,27,0,100,,8654,2,0,27,0,99,,8655,2,0,27,0,122,,8656,2,0,27,0
1501,'5527',920,,8959,2,0,18,0,130,,8960,2,0,18,0,470,,8961,2,0,18,0,130,,8962,2,0,18,0
1501,'5566',615,,8967,2,0,18,0,40,,8968,2,0,18,0,160,,8966,2,0,18,0,686,,8964,2,0,18,0,205,,8965,2,0,18,0,49,,8963,2,0,18,0
