200,'5475',2314,,8228,43,,,0,30,,8229,43,,,0,70,,8230,43,,,0,30,,8231,43,,,0,70,,8232,43,,,0,30,,8233,43,,,0,70,,8234,43,,,0,30,,8235,43,,,0,70,,8236,43,,,0
200,'5527',626,,8238,43,,,0,84,,8239,43,,,0,34,,8240,43,,,0,70,,8241,43,,,0,30,,8242,43,,,0,69,,8243,43,,,0,30,,8244,43,,,0,70,,8245,43,,,0,30,,8246,43,,,0,69,,8247,43,,,0,30,,8248,43,,,0,71,,8249,43,,,0,30,,8250,43,,,0,70,,8251,43,,,0,30,,8252,43,,,0,70,,8253,43,,,0,30,,8254,43,,,0,70,,8255,43,,,0,30,,8256,43,,,0,70,,8257,43,,,0,30,,8258,43,,,0,70,,8259,43,,,0,30,,8260,43,,,0,70,,8261,43,,,0,31,,8262,43,,,0,68,,8263,43,,,0,31,,8264,43,,,0,70,,8265,43,,,0,35,,8266,43,,,0,83,,8267,43,,,0,82,,8268,43,,,0,36,,8269,43,,,0
200,'5565',701,,8291,43,,,0,46,,8290,43,,,0,85,,8289,43,,,0,85,,8288,43,,,0,85,,8287,43,,,0,45,,8286,43,,,0,83,,8285,43,,,0,81,,8270,43,,,0,40,,8271,43,,,0,80,,8272,43,,,0,80,,8273,43,,,0,40,,8274,43,,,0,80,,8275,43,,,0,80,,8276,43,,,0,41,,8277,43,,,0,81,,8278,43,,,0,80,,8279,43,,,0,40,,8280,43,,,0,82,,8281,43,,,0,81,,8282,43,,,0,38,,8283,43,,,0,82,,8284,43,,,0
200,'5566',603,,8292,43,,,0,31,,8293,43,,,0,69,,8294,43,,,0,18,,8295,43,,,0,16,,8296,43,,,0,18,,8297,43,,,0,57,,8298,43,,,0,15,,8299,43,,,0,15,,8300,43,,,0,15,,8301,43,,,0,56,,8340,43,,,0,22,,8302,43,,,0,65,,8303,43,,,0,25,,8304,43,,,0,25,,8305,43,,,0,65,,8306,43,,,0,26,,8307,43,,,0,65,,8308,43,,,0,25,,8309,43,,,0,25,,8310,43,,,0,67,,8311,43,,,0,23,,8312,43,,,0,63,,8313,43,,,0,27,,8314,43,,,0,65,,8315,43,,,0,22,,8316,43,,,0,15,,8317,43,,,0,16,,8318,43,,,0,55,,8319,43,,,0,15,,8320,43,,,0,15,,8321,43,,,0,15,,8322,43,,,0,55,,8323,43,,,0,14,,8324,43,,,0,15,,8325,43,,,0,14,,8326,43,,,0,58,,8327,43,,,0,20,,8328,43,,,0,20,,8329,43,,,0,61,,8330,43,,,0,20,,8331,43,,,0,19,,8332,43,,,0,60,,8333,43,,,0,20,,8334,43,,,0,20,,8335,43,,,0,65,,8336,43,,,0,29,,8337,43,,,0,70,,8338,43,,,0,30,,8339,43,,,0
900,'5475',2303,,8885,6,0,34 2 13 14,0,100,,8886,6,0,34 2 13 14,0,100,,8887,6,0,34 2 13 14,0,100,,8888,6,0,34 2 13 14,0,100,,8889,6,0,34 2 13 14,0
900,'5527',648,,8890,6,0,34 2 13 14,0,100,,8891,6,0,34 2 13 14,0,100,,8892,6,0,34 2 13 14,0,100,,8893,6,0,34 2 13 14,0,105,,8894,6,0,34 2 13 14,0,95,,8895,6,0,34 2 13 14,0,105,,8896,6,0,34 2 13 14,0,100,,8897,6,0,34 2 13 14,0,100,,8898,6,0,34 2 13 14,0,100,,8899,6,0,34 2 13 14,0,104,,8900,15,0,34 2 13 14,0,96,,8901,6,0,34 2 13 14,0,100,,8902,6,0,34 2 13 14,0,95,,8903,6,0,34 2 13 14,0,100,,8904,6,0,34 2 13 14,0,105,,8905,6,0,34 2 13 14,0
900,'5565',648,,8907,6,0,34 2 13 14,0,100,,8908,6,0,34 2 13 14,0,100,,8909,6,0,34 2 13 14,0,100,,8906,6,0,34 2 13 14,0,105,,8910,6,0,34 2 13 14,0,95,,8911,6,0,34 2 13 14,0,105,,8912,6,0,34 2 13 14,0,100,,8913,6,0,34 2 13 14,0,100,,8914,6,0,34 2 13 14,0,100,,8915,6,0,34 2 13 14,0,100,,8916,6,0,34 2 13 14,0,100,,8917,6,0,34 2 13 14,0,100,,8918,6,0,34 2 13 14,0,95,,8919,6,0,34 2 13 14,0
900,'5566',547,,8920,6,0,34 2 13 14,0,108,,8921,6,0,34 2 13 14,0,93,,8922,6,0,34 2 13 14,0,107,,8923,6,0,34 2 13 14,0,100,,8924,6,0,34 2 13 14,0,100,,8925,6,0,34 2 13 14,0,100,,8926,6,0,34 2 13 14,0,100,,8927,6,0,34 2 13 14,0,100,,8928,6,0,34 2 13 14,0,97,,8929,6,0,34 2 13 14,0,102,,8930,6,0,34 2 13 14,0,101,,8931,6,0,34 2 13 14,0,101,,8932,6,0,34 2 13 14,0,99,,8933,6,0,34 2 13 14,0,100,,8934,6,0,34 2 13 14,0,100,,8935,6,0,34 2 13 14,0,100,,8936,6,0,34 2 13 14,0
2600,'5566',1438,,9056,14,0,13 14 11,0
2601,'5566',723,,9057,14,0,13 14 11,0
