101,'5475',2325,,8116,23,,,0,30,,8117,23,,,0,70,,8118,23,,,0,30,,8119,23,,,0,70,,8120,23,,,0,30,,8121,23,,,0,70,,8122,23,,,0,30,,8123,23,,,0
101,'5527',625,,8156,23,,,0,85,,8155,23,,,0,45,,8154,23,,,0,70,,8153,23,,,0,31,,8152,23,,,0,71,,8151,23,,,0,30,,8150,23,,,0,70,,8149,23,,,0,30,,8148,23,,,0,72,,8147,23,,,0,71,,8146,23,,,0,31,,8145,23,,,0,70,,8144,23,,,0,30,,8143,23,,,0,71,,8142,23,,,0,30,,8141,23,,,0,70,,8140,23,,,0,30,,8139,23,,,0,70,,8138,23,,,0,30,,8137,23,,,0,70,,8136,23,,,0,29,,8135,23,,,0,70,,8134,23,,,0,29,,8133,23,,,0,70,,8132,23,,,0,29,,8131,23,,,0,28,,8130,23,,,0,69,,8129,23,,,0,30,,8128,23,,,0,80,,8127,23,,,0,79,,8126,23,,,0,40,,8125,23,,,0
101,'5565',620,,8157,23,,,0,90,,8158,23,,,0,44,,8159,23,,,0,86,,8160,23,,,0,86,,8161,23,,,0,85,,8162,23,,,0,45,,8163,23,,,0,85,,8164,23,,,0,84,,8165,23,,,0,80,,8166,23,,,0,40,,8167,23,,,0,80,,8168,23,,,0,80,,8169,23,,,0,40,,8170,23,,,0,80,,8171,23,,,0,80,,8172,23,,,0,40,,8173,23,,,0,79,,8174,23,,,0,80,,8175,23,,,0,40,,8176,23,,,0,80,,8177,23,,,0,79,,8178,23,,,0
101,'5566',545,,8179,23,,,0,66,,8180,23,,,0,36,,8181,23,,,0,65,,8182,23,,,0,16,,8183,23,,,0,17,,8184,23,,,0,55,,8185,23,,,0,15,,8186,23,,,0,19,,8187,23,,,0,22,,8188,23,,,0,68,,8189,23,,,0,28,,8190,23,,,0,70,,8191,23,,,0,25,,8192,23,,,0,66,,8193,23,,,0,25,,8194,23,,,0,66,,8195,23,,,0,25,,8196,23,,,0,25,,8197,23,,,0,65,,8198,23,,,0,25,,8199,23,,,0,65,,8200,23,,,0,26,,8201,23,,,0,20,,8202,23,,,0,55,,8203,23,,,0,14,,8204,23,,,0,15,,8205,23,,,0,15,,8206,23,,,0,55,,8207,23,,,0,15,,8208,23,,,0,15,,8209,23,,,0,15,,8210,23,,,0,55,,8211,23,,,0,15,,8212,23,,,0,15,,8213,23,,,0,15,,8214,23,,,0,57,,8215,23,,,0,19,,8216,23,,,0,20,,8217,23,,,0,60,,8218,23,,,0,20,,8219,23,,,0,20,,8220,23,,,0,60,,8221,23,,,0,20,,8222,23,,,0,70,,8223,23,,,0,29,,8224,23,,,0,27,,8225,23,,,0,70,,8226,23,,,0,29,,8227,23,,,0
201,'5475',2310,,8341,24,,,0,30,,8342,24,,,0,70,,8343,24,,,0,30,,8344,24,,,0,70,,8345,24,,,0,30,,8346,24,,,0,70,,8347,24,,,0,30,,8348,24,,,0,70,,8349,24,,,0
201,'5527',647,,8350,24,,,0,85,,8351,24,,,0,78,,8352,24,,,0,30,,8353,24,,,0,70,,8354,24,,,0,31,,8355,24,,,0,71,,8356,24,,,0,30,,8357,24,,,0,70,,8358,24,,,0,32,,8359,24,,,0,70,,8360,24,,,0,31,,8361,24,,,0,71,,8362,24,,,0,30,,8363,24,,,0,71,,8364,24,,,0,30,,8365,24,,,0,70,,8366,24,,,0,29,,8367,24,,,0,70,,8368,24,,,0,30,,8369,24,,,0,69,,8370,24,,,0,30,,8371,24,,,0,70,,8372,24,,,0,30,,8373,24,,,0,69,,8374,24,,,0,28,,8375,24,,,0,69,,8376,24,,,0,29,,8377,24,,,0,75,,8378,24,,,0,40,,8379,24,,,0,80,,8380,24,,,0
201,'5565',647,,8381,24,,,0,85,,8382,24,,,0,85,,8383,24,,,0,85,,8384,24,,,0,45,,8385,24,,,0,86,,8386,24,,,0,85,,8387,24,,,0,85,,8388,24,,,0,41,,8389,24,,,0,80,,8390,24,,,0,80,,8391,24,,,0,40,,8392,24,,,0,80,,8393,24,,,0,80,,8394,24,,,0,40,,8395,24,,,0,80,,8396,24,,,0,80,,8397,24,,,0,40,,8398,24,,,0,80,,8399,24,,,0,80,,8400,24,,,0,38,,8401,24,,,0,91,,8402,24,,,0
201,'5566',515,,8404,24,,,0,86,,8405,24,,,0,25,,8406,24,,,0,75,,8407,24,,,0,18,,8408,24,,,0,17,,8409,24,,,0,15,,8410,24,,,0,55,,8411,24,,,0,17,,8412,24,,,0,20,,8413,24,,,0,65,,8414,24,,,0,30,,8415,24,,,0,68,,8416,24,,,0,28,,8417,24,,,0,25,,8418,24,,,0,65,,8419,24,,,0,25,,8420,24,,,0,65,,8421,24,,,0,26,,8422,24,,,0,65,,8423,24,,,0,25,,8424,24,,,0,25,,8425,24,,,0,66,,8426,24,,,0,25,,8427,24,,,0,55,,8428,24,,,0,14,,8429,24,,,0,15,,8430,24,,,0,15,,8431,24,,,0,55,,8432,24,,,0,15,,8433,24,,,0,15,,8434,24,,,0,16,,8435,24,,,0,55,,8436,24,,,0,15,,8437,24,,,0,14,,8438,24,,,0,15,,8439,24,,,0,55,,8440,24,,,0,20,,8441,24,,,0,20,,8442,24,,,0,60,,8443,24,,,0,20,,8444,24,,,0,19,,8445,24,,,0,20,,8446,24,,,0,60,,8447,24,,,0,25,,8448,24,,,0,70,,8449,24,,,0,28,,8450,24,,,0,69,,8451,24,,,0,29,,8452,24,,,0
1701,'5566',628,,8973,5,0,29 23,0,75,,8974,5,0,29 23,0,50,,8975,5,0,29 23,0,766,,8976,5,0,29 23,0,85,,8977,5,0,29 23,0,46,,8978,5,0,29 23,0,86,,8979,5,0,29 23,0,83,,8980,5,0,29 23,0
2101,'5475',2035,,9016,5,,,0,170,,9017,5,,,0,135,,9018,5,,,0
2101,'5527',725,,9027,5,,,0,126,,9028,5,,,0,178,,9026,5,,,0,127,,9022,5,,,0,164,,9020,5,,,0,107,,9021,5,,,0,100,,9023,5,,,0,102,,9024,5,,,0,171,,9025,5,,,0,132,,9019,5,,,0
2101,'5565',802,,9037,5,,,0,101,,9029,5,,,0,133,,9030,5,,,0,171,,9031,5,,,0,133,,9032,5,,,0,175,,9033,5,,,0,130,,9034,5,,,0,168,,9035,5,,,0,126,,9036,5,,,0
2101,'5566',554,,9038,5,,,0,85,,9039,5,,,0,167,,9040,5,,,0,46,,9041,5,,,0,91,,9042,5,,,0,91,,9043,5,,,0,125,,9044,5,,,0,166,,9045,5,,,0,97,,9046,5,,,0,36,,9047,5,,,0,152,,9048,5,,,0,45,,9049,5,,,0,148,,9050,5,,,0,122,,9051,5,,,0
2201,'5566',743,,9052,5,,,0,685,,9053,5,,,0
1002101,'5566',714,,10236,5,,,0
