201,'5475',2300,,8341,8,,,0,30,,8342,8,,,0,70,,8343,8,,,0,30,,8344,8,,,0,70,,8345,8,,,0,30,,8346,8,,,0,70,,8347,8,,,0,30,,8348,8,,,0,70,,8349,8,,,0
201,'5527',637,,8350,8,,,0,85,,8351,8,,,0,78,,8352,8,,,0,30,,8353,8,,,0,70,,8354,8,,,0,30,,8355,8,,,0,70,,8356,8,,,0,30,,8357,8,,,0,70,,8358,8,,,0,32,,8359,8,,,0,69,,8360,8,,,0,31,,8361,8,,,0,70,,8362,8,,,0,30,,8363,8,,,0,71,,8364,8,,,0,30,,8365,8,,,0,69,,8366,8,,,0,30,,8367,8,,,0,71,,8368,8,,,0,30,,8369,8,,,0,69,,8370,8,,,0,30,,8371,8,,,0,70,,8372,8,,,0,30,,8373,8,,,0,69,,8374,8,,,0,29,,8375,8,,,0,29,,8376,8,,,0,71,,8377,8,,,0,75,,8378,8,,,0,40,,8379,8,,,0,80,,8380,8,,,0
201,'5565',637,,8381,8,,,0,85,,8382,8,,,0,85,,8383,8,,,0,45,,8384,8,,,0,84,,8385,8,,,0,85,,8386,8,,,0,84,,8387,8,,,0,45,,8388,8,,,0,81,,8389,8,,,0,80,,8390,8,,,0,40,,8391,8,,,0,80,,8392,8,,,0,80,,8393,8,,,0,40,,8394,8,,,0,80,,8395,8,,,0,81,,8396,8,,,0,40,,8397,8,,,0,80,,8398,8,,,0,80,,8399,8,,,0,41,,8400,8,,,0,78,,8401,8,,,0,92,,8402,8,,,0
201,'5566',505,,8404,8,,,0,46,,8405,8,,,0,65,,8406,8,,,0,34,,8407,8,,,0,58,,8408,8,,,0,16,,8409,8,,,0,14,,8410,8,,,0,15,,8411,8,,,0,57,,8412,8,,,0,21,,8413,8,,,0,25,,8414,8,,,0,70,,8415,8,,,0,28,,8416,8,,,0,67,,8417,8,,,0,25,,8418,8,,,0,64,,8419,8,,,0,25,,8420,8,,,0,65,,8421,8,,,0,26,,8422,8,,,0,25,,8423,8,,,0,65,,8424,8,,,0,25,,8425,8,,,0,65,,8426,8,,,0,21,,8427,8,,,0,14,,8403,8,0,9 10,0,5,,8428,8,,,0,55,,8429,8,,,0,15,,8430,8,,,0,15,,8431,8,,,0,15,,8432,8,,,0,55,,8433,8,,,0,15,,8434,8,,,0,15,,8435,8,,,0,15,,8436,8,,,0,56,,8437,8,,,0,15,,8438,8,,,0,15,,8439,8,,,0,15,,8440,8,,,0,60,,8441,8,,,0,20,,8442,8,,,0,20,,8443,8,,,0,60,,8444,8,,,0,20,,8445,8,,,0,20,,8446,8,,,0,61,,8447,8,,,0,25,,8448,8,,,0,70,,8449,8,,,0,28,,8450,8,,,0,70,,8451,8,,,0,29,,8452,8,,,0
900,'5475',2324,,8885,48,0,17 10,0,100,,8886,48,0,17 10,0,100,,8887,48,0,17 10,0,100,,8888,48,0,17 10,0,100,,8889,48,0,17 10,0
900,'5527',709,,8890,48,,,0,101,,8891,48,,,0,100,,8892,48,,,0,102,,8893,48,,,0,106,,8894,48,,,0,95,,8895,48,,,0,107,,8896,48,,,0,99,,8897,48,0,17 10,0,100,,8898,48,0,17 10,0,100,,8899,48,,,0,104,,8900,57,,,0,96,,8901,48,0,17 10,0,99,,8902,48,,,0,94,,8903,48,,,0,99,,8904,48,,,0,104,,8905,48,0,17 10,0
900,'5565',710,,8907,48,0,17 10,0,100,,8908,48,0,17 10,0,101,,8909,48,0,17 10,0,100,,8906,48,0,17 10,0,107,,8910,48,0,17 10,0,95,,8911,48,0,17 10,0,105,,8912,48,0,17 10,0,99,,8913,48,0,17 10,0,100,,8914,48,0,17 10,0,100,,8915,48,0,17 10,0,100,,8916,48,0,17 10,0,100,,8917,48,0,17 10,0,100,,8918,48,0,17 10,0,94,,8919,48,0,17 10,0
900,'5566',610,,8920,48,0,17 10,0,108,,8921,48,0,17 10,0,100,,8922,48,0,17 10,0,102,,8923,48,0,17 10,0,99,,8924,48,0,17 10,0,101,,8925,48,0,17 10,0,101,,8926,48,0,17 10,0,100,,8927,48,0,17 10,0,101,,8928,48,0,17 10,0,100,,8929,48,0,17 10,0,100,,8930,48,0,17 10,0,101,,8931,48,0,17 10,0,99,,8932,48,0,17 10,0,98,,8933,48,0,17 10,0,99,,8934,48,0,17 10,0,99,,8935,48,0,17 10,0,98,,8936,48,0,17 10,0
2600,'5566',1521,,9056,50,0,9 10 11,0
2601,'5566',803,,9057,61,0,9 10 11,0
