300,'5475',2413,,8453,33,,,0,100,,8454,33,,,0,100,,8455,33,,,0,100,,8456,33,,,0
300,'5527',623,,8481,33,,,0,89,,8480,33,,,0,99,,8482,33,,,0,89,,8457,33,,,0,30,,8458,33,,,0,80,,8459,33,,,0,35,,8461,33,,,0,70,,8462,33,,,0,35,,8463,33,,,0,75,,8460,33,,,0,75,,8464,33,,,0,40,,8465,33,,,0,75,,8466,33,,,0,35,,8467,33,,,0,80,,8468,33,,,0,75,,8469,33,,,0,30,,8470,33,,,0,75,,8471,33,,,0,35,,8472,33,,,0,75,,8473,33,,,0,87,,8474,33,,,0,35,,8475,33,,,0,75,,8476,33,,,0,90,,8477,33,,,0,100,,8478,33,,,0,100,,8479,33,,,0
300,'5565',652,,8483,33,,,0,95,,8484,33,,,0,88,,8497,33,,,0,95,,8486,33,,,0,95,,8487,33,,,0,95,,8488,33,,,0,95,,8485,33,,,0,100,,8489,33,,,0,100,,8490,33,,,0,100,,8491,33,,,0,100,,8492,33,,,0,105,,8493,33,,,0,95,,8494,33,,,0,96,,8495,33,,,0,101,,8496,33,,,0
300,'5566',607,,8498,33,,,0,34,,8499,33,,,0,70,,8500,33,,,0,35,,8501,33,,,0,74,,8502,33,,,0,35,,8503,33,,,0,75,,8504,33,,,0,75,,8505,33,,,0,35,,8506,33,,,0,75,,8507,33,,,0,35,,8508,33,,,0,75,,8509,33,,,0,75,,8510,33,,,0,35,,8511,33,,,0,80,,8512,33,,,0,35,,8513,33,,,0,74,,8514,33,,,0,80,,8515,33,,,0,34,,8516,33,,,0,75,,8517,33,,,0,37,,8518,33,,,0,75,,8519,33,,,0,76,,8520,33,,,0,35,,8521,33,,,0,70,,8522,33,,,0,101,,8523,33,,,0,100,,8524,33,,,0,101,,8525,33,,,0
700,'5527',533,,8858,13,0,22 23,0,100,,8859,13,0,22 23,0,200,,8860,13,0,22 23,0,201,,8861,13,0,22 23,0,200,,8862,13,0,22 23,0,200,,8863,5,0,22 23,0,200,,8864,13,0,22 23,0,200,,8865,5,0,22 23,0,200,,8866,13,0,22 23,0,269,,8867,5,0,22 23,0
700,'5565',533,,8875,5,0,22 23,0,100,,8869,5,0,22 23,0,200,,8868,5,0,22 23,0,201,,8870,5,0,22 23,0,200,,8871,5,0,22 23,0,200,,8872,5,0,22 23,0,200,,8873,5,0,22 23,0,199,,8874,5,0,22 23,0
700,'5566',619,,8876,5,0,22 23,0,215,,8877,5,0,22 23,0,200,,8878,5,0,22 23,0,200,,8879,5,0,22 23,0,200,,8880,5,0,22 23,0,200,,8881,5,0,22 23,0,199,,8882,5,0,22 23,0,200,,8883,5,0,22 23,0,270,,8884,5,0,22 23,0
1600,'5566',738,,8971,5,0,24,0,165,,8972,5,0,24,0,645,,8969,5,0,24,0,80,,8970,5,0,24,0
1000700,'5475',2333,,10205,5,0,24,0,100,,10206,5,0,24,0,100,,10207,5,0,24,0,100,,10208,5,0,24,0
1000700,'5527',733,,10209,13,0,24,0,201,,10210,13,0,24,0,200,,10211,13,0,24,0,200,,10212,13,0,24,0,200,,10213,5,0,24,0,200,,10214,13,0,24,0,200,,10215,13,0,24,0,199,,10216,13,0,24,0
1000700,'5565',733,,10218,5,0,24,0,200,,10217,5,0,24,0,201,,10219,5,0,24,0,200,,10221,5,0,24,0,200,,10220,5,0,24,0,200,,10222,5,0,24,0,199,,10223,5,0,24,0
1000700,'5566',732,,10224,5,0,24,0,16,,10225,5,0,24,0,186,,10226,5,0,24,0,200,,10227,5,0,24,0,199,,10228,5,0,24,0,201,,10229,5,0,24,0,70,,10230,5,0,24,0,131,,10231,5,0,24,0,198,,10232,5,0,24,0,200,,10233,5,0,24,0
