401,'5475',2316,,8603,3,0,27,0,100,,8604,3,0,27,0,100,,8605,3,0,27,0,100,,8606,3,0,27,0
401,'5527',601,,8617,3,0,27,0,108,,8620,3,0,27,0,100,,8621,3,0,27,0,100,,8607,3,0,27,0,100,,8622,3,0,27,0,100,,8618,3,0,27,0,100,,8616,3,0,27,0,100,,8615,3,0,27,0,100,,8614,3,0,27,0,100,,8611,3,0,27,0,100,,8623,3,0,27,0,100,,8613,3,0,27,0,100,,8612,3,0,27,0,100,,8610,3,0,27,0,100,,8609,3,0,27,0,100,,8608,3,0,27,0,121,,8619,3,0,27,0
401,'5565',601,,8637,3,0,27,0,108,,8624,3,0,27,0,100,,8625,3,0,27,0,100,,8626,3,0,27,0,100,,8627,3,0,27,0,100,,8628,3,0,27,0,101,,8629,3,0,27,0,100,,8630,3,0,27,0,100,,8631,3,0,27,0,99,,8632,3,0,27,0,100,,8633,3,0,27,0,100,,8634,3,0,27,0,100,,8635,3,0,27,0,100,,8636,3,0,27,0
401,'5566',601,,8638,3,0,27,0,108,,8639,3,0,27,0,17,,8640,3,0,27,0,85,,8641,3,0,27,0,99,,8642,3,0,27,0,100,,8643,3,0,27,0,100,,8644,3,0,27,0,100,,8645,3,0,27,0,99,,8646,3,0,27,0,101,,8647,3,0,27,0,21,,8648,3,0,27,0,80,,8649,3,0,27,0,102,,8650,3,0,27,0,98,,8651,3,0,27,0,100,,8652,3,0,27,0,98,,8653,3,0,27,0,100,,8654,3,0,27,0,100,,8655,3,0,27,0,122,,8656,3,0,27,0
1501,'5527',921,,8959,3,0,18,0,130,,8960,3,0,18,0,470,,8961,3,0,18,0,130,,8962,3,0,18,0
1501,'5566',616,,8967,3,0,18,0,40,,8968,3,0,18,0,160,,8966,3,0,18,0,685,,8964,3,0,18,0,205,,8965,3,0,18,0,50,,8963,3,0,18,0
3100,'5527',907,,9061,10,,,0,105,,9065,10,,,0,110,,9059,10,,,0,109,,9058,10,,,0,110,,9060,10,,,0,115,,9062,10,,,0,156,,9064,10,,,0,110,,9063,10,,,0
3100,'5565',1012,,9072,10,,,0,110,,9066,10,,,0,109,,9067,10,,,0,110,,9068,10,,,0,115,,9069,10,,,0,156,,9071,10,,,0,110,,9070,10,,,0
3100,'5566',728,,9073,10,,,0,73,,9074,10,,,0,32,,9075,10,,,0,103,,9076,10,,,0,106,,9077,10,,,0,110,,9078,10,,,0,150,,9079,10,,,0,114,,9080,10,,,0,97,,9081,10,,,0,36,,9082,10,,,0,77,,9083,10,,,0,75,,9084,10,,,0,35,,9085,10,,,0,75,,9086,10,,,0
1003100,'5475',2357,,10237,10,,,0,100,,10238,10,,,0,100,,10239,10,,,0,100,,10240,10,,,0
1003100,'5527',734,,10254,10,,,0,101,,10243,10,,,0,99,,10242,10,,,0,110,,10241,10,,,0,110,,10249,10,,,0,150,,10253,10,,,0,115,,10246,10,,,0,114,,10250,10,,,0,111,,10247,10,,,0,110,,10248,10,,,0,75,,10244,10,,,0,115,,10245,10,,,0,102,,10252,10,,,0,98,,10251,10,,,0
1003100,'5565',732,,10266,10,,,0,102,,10258,10,,,0,102,,10256,10,,,0,108,,10260,10,,,0,110,,10257,10,,,0,150,,10255,10,,,0,115,,10261,10,,,0,114,,10262,10,,,0,111,,10259,10,,,0,180,,10263,10,,,0,120,,10264,10,,,0,103,,10265,10,,,0
1003100,'5566',641,,10267,10,,,0,68,,10268,10,,,0,31,,10269,10,,,0,71,,10270,10,,,0,90,,10271,10,,,0,104,,10272,10,,,0,109,,10273,10,,,0,110,,10274,10,,,0,115,,10275,10,,,0,110,,10276,10,,,0,80,,10277,10,,,0,75,,10278,10,,,0,37,,10279,10,,,0,75,,10280,10,,,0,33,,10281,10,,,0,80,,10282,10,,,0,86,,10283,10,,,0,122,,10284,10,,,0,103,,10285,10,,,0,110,,10286,10,,,0
24003100,'5566',535,,10334,10,,,0,68,,10335,10,,,0,29,,10336,10,,,0,27,,10337,10,,,0
