200,'5475',2311,,8228,39,,,0,30,,8229,39,,,0,70,,8230,39,,,0,30,,8231,39,,,0,70,,8232,39,,,0,30,,8233,39,,,0,70,,8234,39,,,0,30,,8235,39,,,0,70,,8236,39,,,0
200,'5527',623,,8238,39,,,0,84,,8239,39,,,0,34,,8240,39,,,0,70,,8241,39,,,0,30,,8242,39,,,0,69,,8243,39,,,0,30,,8244,39,,,0,70,,8245,39,,,0,30,,8246,39,,,0,68,,8247,39,,,0,30,,8248,39,,,0,71,,8249,39,,,0,30,,8250,39,,,0,70,,8251,39,,,0,30,,8252,39,,,0,70,,8253,39,,,0,30,,8254,39,,,0,70,,8255,39,,,0,30,,8256,39,,,0,70,,8257,39,,,0,30,,8258,39,,,0,70,,8259,39,,,0,30,,8260,39,,,0,70,,8261,39,,,0,31,,8262,39,,,0,69,,8263,39,,,0,31,,8264,39,,,0,70,,8265,39,,,0,35,,8266,39,,,0,83,,8267,39,,,0,82,,8268,39,,,0,36,,8269,39,,,0
200,'5565',659,,8291,39,,,0,85,,8290,39,,,0,85,,8289,39,,,0,85,,8288,39,,,0,45,,8287,39,,,0,85,,8286,39,,,0,83,,8285,39,,,0,81,,8270,39,,,0,40,,8271,39,,,0,80,,8272,39,,,0,80,,8273,39,,,0,40,,8274,39,,,0,80,,8275,39,,,0,80,,8276,39,,,0,41,,8277,39,,,0,81,,8278,39,,,0,80,,8279,39,,,0,40,,8280,39,,,0,82,,8281,39,,,0,81,,8282,39,,,0,38,,8283,39,,,0,82,,8284,39,,,0
200,'5566',600,,8292,39,,,0,31,,8293,39,,,0,69,,8294,39,,,0,18,,8295,39,,,0,16,,8296,39,,,0,17,,8297,39,,,0,57,,8298,39,,,0,16,,8299,39,,,0,15,,8300,39,,,0,15,,8301,39,,,0,56,,8340,39,,,0,21,,8302,39,,,0,25,,8303,39,,,0,65,,8304,39,,,0,25,,8305,39,,,0,65,,8306,39,,,0,26,,8307,39,,,0,65,,8308,39,,,0,25,,8309,39,,,0,25,,8310,39,,,0,66,,8311,39,,,0,23,,8312,39,,,0,63,,8313,39,,,0,27,,8314,39,,,0,25,,8315,39,,,0,62,,8316,39,,,0,15,,8317,39,,,0,16,,8318,39,,,0,55,,8319,39,,,0,15,,8320,39,,,0,15,,8321,39,,,0,15,,8322,39,,,0,55,,8323,39,,,0,15,,8324,39,,,0,15,,8325,39,,,0,14,,8326,39,,,0,58,,8327,39,,,0,20,,8328,39,,,0,20,,8329,39,,,0,61,,8330,39,,,0,20,,8331,39,,,0,20,,8332,39,,,0,60,,8333,39,,,0,20,,8334,39,,,0,20,,8335,39,,,0,65,,8336,39,,,0,29,,8337,39,,,0,70,,8338,39,,,0,30,,8339,39,,,0
900,'5475',2300,,8885,2,0,34 2 13 14,0,100,,8886,2,0,34 2 13 14,0,100,,8887,2,0,34 2 13 14,0,100,,8888,2,0,34 2 13 14,0,100,,8889,2,0,34 2 13 14,0
900,'5527',645,,8890,2,0,34 2 13 14,0,100,,8891,2,0,34 2 13 14,0,100,,8892,2,0,34 2 13 14,0,100,,8893,2,0,34 2 13 14,0,106,,8894,2,0,34 2 13 14,0,95,,8895,2,0,34 2 13 14,0,105,,8896,2,0,34 2 13 14,0,100,,8897,2,0,34 2 13 14,0,100,,8898,2,0,34 2 13 14,0,100,,8899,2,0,34 2 13 14,0,104,,8900,11,0,34 2 13 14,0,96,,8901,2,0,34 2 13 14,0,100,,8902,2,0,34 2 13 14,0,95,,8903,2,0,34 2 13 14,0,99,,8904,2,0,34 2 13 14,0,105,,8905,2,0,34 2 13 14,0
900,'5565',645,,8907,2,0,34 2 13 14,0,100,,8908,2,0,34 2 13 14,0,100,,8909,2,0,34 2 13 14,0,100,,8906,2,0,34 2 13 14,0,106,,8910,2,0,34 2 13 14,0,95,,8911,2,0,34 2 13 14,0,105,,8912,2,0,34 2 13 14,0,100,,8913,2,0,34 2 13 14,0,100,,8914,2,0,34 2 13 14,0,100,,8915,2,0,34 2 13 14,0,100,,8916,2,0,34 2 13 14,0,100,,8917,2,0,34 2 13 14,0,100,,8918,2,0,34 2 13 14,0,95,,8919,2,0,34 2 13 14,0
900,'5566',544,,8920,2,0,34 2 13 14,0,108,,8921,2,0,34 2 13 14,0,94,,8922,2,0,34 2 13 14,0,107,,8923,2,0,34 2 13 14,0,99,,8924,2,0,34 2 13 14,0,101,,8925,2,0,34 2 13 14,0,100,,8926,2,0,34 2 13 14,0,100,,8927,2,0,34 2 13 14,0,100,,8928,2,0,34 2 13 14,0,96,,8929,2,0,34 2 13 14,0,102,,8930,2,0,34 2 13 14,0,101,,8931,2,0,34 2 13 14,0,102,,8932,2,0,34 2 13 14,0,99,,8933,2,0,34 2 13 14,0,99,,8934,2,0,34 2 13 14,0,100,,8935,2,0,34 2 13 14,0,100,,8936,2,0,34 2 13 14,0
2600,'5566',1435,,9056,10,0,13 14 11,0
2601,'5566',721,,9057,10,0,13 14 11,0
