100,'5475',2315,,8001,16,,,0,30,,8002,16,,,0,70,,8003,16,,,0,30,,8004,16,,,0,70,,8005,16,,,0,30,,8006,16,,,0,70,,8007,16,,,0,30,,8008,16,,,0,70,,8009,16,,,0
100,'5527',634,,8041,16,,,0,81,,8040,16,,,0,29,,8039,16,,,0,70,,8038,16,,,0,29,,8037,16,,,0,69,,8036,16,,,0,30,,8035,16,,,0,69,,8034,16,,,0,28,,8033,16,,,0,70,,8032,16,,,0,30,,8031,16,,,0,70,,8030,16,,,0,30,,8029,16,,,0,70,,8028,16,,,0,30,,8027,16,,,0,70,,8026,16,,,0,30,,8025,16,,,0,70,,8024,16,,,0,30,,8023,16,,,0,70,,8022,16,,,0,30,,8021,16,,,0,70,,8020,16,,,0,30,,8019,16,,,0,70,,8018,16,,,0,32,,8017,16,,,0,70,,8016,16,,,0,32,,8015,16,,,0,70,,8014,16,,,0,40,,8013,16,,,0,81,,8012,16,,,0,81,,8011,16,,,0,40,,8010,16,,,0
100,'5565',626,,8064,16,,,0,85,,8063,16,,,0,44,,8062,16,,,0,85,,8061,16,,,0,85,,8060,16,,,0,84,,8059,16,,,0,44,,8058,16,,,0,81,,8042,16,,,0,79,,8043,16,,,0,40,,8044,16,,,0,80,,8045,16,,,0,80,,8046,16,,,0,40,,8047,16,,,0,80,,8048,16,,,0,80,,8049,16,,,0,41,,8050,16,,,0,81,,8051,16,,,0,81,,8052,16,,,0,42,,8053,16,,,0,81,,8054,16,,,0,80,,8055,16,,,0,40,,8056,16,,,0,78,,8057,16,,,0,81,,8065,16,,,0
100,'5566',530,,8067,16,,,0,75,,8068,16,,,0,30,,8069,16,,,0,22,,8070,16,,,0,56,,8071,16,,,0,15,,8072,16,,,0,16,,8073,16,,,0,57,,8074,16,,,0,15,,8075,16,,,0,16,,8076,16,,,0,16,,8115,16,,,0,56,,8077,16,,,0,25,,8078,16,,,0,25,,8079,16,,,0,65,,8080,16,,,0,24,,8081,16,,,0,66,,8082,16,,,0,25,,8083,16,,,0,25,,8084,16,,,0,65,,8085,16,,,0,25,,8086,16,,,0,65,,8087,16,,,0,23,,8088,16,,,0,65,,8089,16,,,0,25,,8090,16,,,0,24,,8091,16,,,0,58,,8066,16,,,0,16,,8092,16,,,0,15,,8093,16,,,0,15,,8094,16,,,0,55,,8095,16,,,0,15,,8096,16,,,0,15,,8097,16,,,0,15,,8098,16,,,0,55,,8099,16,,,0,15,,8100,16,,,0,16,,8101,16,,,0,61,,8102,16,,,0,20,,8103,16,,,0,21,,8104,16,,,0,60,,8105,16,,,0,20,,8106,16,,,0,20,,8107,16,,,0,61,,8108,16,,,0,20,,8109,16,,,0,20,,8110,16,,,0,70,,8111,16,,,0,30,,8112,16,,,0,71,,8113,16,,,0,30,,8114,16,,,0
200,'5475',2300,,8228,21,,,0,30,,8229,21,,,0,70,,8230,21,,,0,30,,8231,21,,,0,70,,8232,21,,,0,30,,8233,21,,,0,70,,8234,21,,,0,30,,8235,21,,,0,70,,8236,21,,,0,30,,8237,21,0,17 10,0
200,'5527',612,,8238,21,,,0,44,,8239,21,,,0,74,,8240,21,,,0,29,,8241,21,,,0,70,,8242,21,,,0,29,,8243,21,,,0,69,,8244,21,,,0,30,,8245,21,,,0,69,,8246,21,,,0,28,,8247,21,,,0,70,,8248,21,,,0,30,,8249,21,,,0,70,,8250,21,,,0,30,,8251,21,,,0,70,,8252,21,,,0,30,,8253,21,,,0,70,,8254,21,,,0,30,,8255,21,,,0,70,,8256,21,,,0,30,,8257,21,,,0,70,,8258,21,,,0,30,,8259,21,,,0,70,,8260,21,,,0,30,,8261,21,,,0,72,,8262,21,,,0,30,,8263,21,,,0,71,,8264,21,,,0,31,,8265,21,,,0,75,,8266,21,,,0,83,,8267,21,,,0,42,,8268,21,,,0,76,,8269,21,,,0
200,'5565',648,,8291,21,,,0,85,,8290,21,,,0,85,,8289,21,,,0,85,,8288,21,,,0,43,,8287,21,,,0,85,,8286,21,,,0,82,,8285,21,,,0,40,,8270,21,,,0,80,,8271,21,,,0,80,,8272,21,,,0,40,,8273,21,,,0,80,,8274,21,,,0,80,,8275,21,,,0,40,,8276,21,,,0,81,,8277,21,,,0,81,,8278,21,,,0,41,,8279,21,,,0,80,,8280,21,,,0,83,,8281,21,,,0,82,,8282,21,,,0,38,,8283,21,,,0,83,,8284,21,,,0
200,'5566',549,,8292,21,,,0,71,,8293,21,,,0,28,,8294,21,,,0,58,,8295,21,,,0,16,,8296,21,,,0,15,,8297,21,,,0,17,,8298,21,,,0,55,,8299,21,,,0,15,,8300,21,,,0,15,,8301,21,,,0,17,,8340,21,,,0,61,,8302,21,,,0,24,,8303,21,,,0,65,,8304,21,,,0,25,,8305,21,,,0,25,,8306,21,,,0,66,,8307,21,,,0,25,,8308,21,,,0,65,,8309,21,,,0,25,,8310,21,,,0,65,,8311,21,,,0,23,,8312,21,,,0,23,,8313,21,,,0,65,,8314,21,,,0,25,,8315,21,,,0,63,,8316,21,,,0,16,,8317,21,,,0,16,,8318,21,,,0,15,,8319,21,,,0,55,,8320,21,,,0,15,,8321,21,,,0,15,,8322,21,,,0,15,,8323,21,,,0,55,,8324,21,,,0,16,,8325,21,,,0,15,,8326,21,,,0,18,,8327,21,,,0,60,,8328,21,,,0,20,,8329,21,,,0,22,,8330,21,,,0,60,,8331,21,,,0,20,,8332,21,,,0,20,,8333,21,,,0,60,,8334,21,,,0,20,,8335,21,,,0,25,,8336,21,,,0,71,,8337,21,,,0,70,,8338,21,,,0,30,,8339,21,,,0
1701,'5566',648,,8973,33,,,0,75,,8974,33,,,0,95,,8975,33,,,0,728,,8976,33,,,0,84,,8977,33,,,0,86,,8978,33,,,0,42,,8979,33,,,0,81,,8980,33,,,0
2100,'5475',2135,,8981,25,,,0,170,,8982,25,,,0,135,,8983,25,,,0
2100,'5527',828,,8991,25,,,0,125,,8993,25,,,0,181,,8992,25,,,0,170,,8987,25,,,0,125,,8988,25,,,0,106,,8989,25,,,0,100,,8990,25,,,0,100,,8985,25,,,0,168,,8986,25,,,0,133,,8984,25,,,0
2100,'5565',859,,9001,25,,,0,145,,9002,25,,,0,133,,8994,25,,,0,172,,8996,25,,,0,134,,8995,25,,,0,176,,8997,25,,,0,130,,8998,25,,,0,165,,8999,25,,,0,126,,9000,25,,,0
2100,'5566',657,,9003,25,,,0,87,,9004,25,,,0,85,,9005,25,,,0,86,,9006,25,,,0,89,,9007,25,,,0,46,,9008,25,,,0,93,,9009,25,,,0,167,,9010,25,,,0,128,,9011,25,,,0,286,,9012,25,,,0,82,,9013,25,,,0,101,,9014,25,,,0,119,,9015,25,,,0
2400,'5566',1444,,9054,12,0,15 16 11,0
1002100,'5566',1548,,10234,30,,,0,77,,10235,30,,,0
