5100,'5527',755,,9377,25,0,37,0,103,,9378,25,0,37,0,70,,9379,25,0,37,0,73,,9380,25,0,37,0,31,,9381,25,0,37,0,70,,9382,25,0,37,0,21,,9383,25,0,37,0,25,,9384,25,0,37,0,66,,9385,25,0,37,0,21,,9386,25,0,37,0,19,,9387,25,0,37,0,58,,9388,25,0,37,0,18,,9389,25,0,37,0,18,,9390,25,0,37,0,59,,9391,25,0,37,0,17,,9392,25,0,37,0,18,,9393,25,0,37,0,58,,9394,25,0,37,0,18,,9395,25,0,37,0,18,,9396,25,0,37,0,18,,9397,25,0,37,0,56,,9398,25,0,37,0,19,,9399,25,0,37,0,20,,9400,25,0,37,0,65,,9401,25,0,37,0,24,,9402,25,0,37,0,18,,9403,25,0,37,0,65,,9404,25,0,37,0,24,,9405,25,0,37,0,57,,9406,25,0,37,0,25,,9407,25,0,37,0,25,,9408,25,0,37,0,60,,9409,25,0,37,0,19,,9410,25,0,37,0,70,,9411,25,0,37,0,30,,9412,25,0,37,0,80,,9413,25,0,37,0,25,,9414,25,0,37,0,70,,9415,25,0,37,0,27,,9416,25,0,37,0
5100,'5565',756,,9418,25,0,37,0,101,,9419,25,0,37,0,70,,9420,25,0,37,0,32,,9421,25,0,37,0,75,,9422,25,0,37,0,72,,9417,25,0,37,0,36,,9423,25,0,37,0,76,,9424,25,0,37,0,36,,9425,25,0,37,0,75,,9426,25,0,37,0,80,,9427,25,0,37,0,35,,9428,25,0,37,0,80,,9429,25,0,37,0,35,,9430,25,0,37,0,75,,9431,25,0,37,0,75,,9432,25,0,37,0,34,,9433,25,0,37,0,74,,9434,25,0,37,0,33,,9435,25,0,37,0,72,,9436,25,0,37,0,30,,9437,25,0,37,0,74,,9438,25,0,37,0,30,,9439,25,0,37,0,75,,9440,25,0,37,0,97,,9441,25,0,37,0
5100,'5566',527,,9443,25,0,37,0,81,,9444,25,0,37,0,26,,9445,25,0,37,0,66,,9446,25,0,37,0,15,,9447,25,0,37,0,13,,9442,25,0,37,0,23,,9448,25,0,37,0,55,,9449,25,0,37,0,18,,9450,25,0,37,0,7,,9451,25,0,37,0,8,,9452,25,0,37,0,12,,9454,25,0,37,0,55,,9455,25,0,37,0,14,,9456,25,0,37,0,20,,9457,25,0,37,0,66,,9458,25,0,37,0,26,,9459,25,0,37,0,25,,9460,25,0,37,0,65,,9461,25,0,37,0,27,,9462,25,0,37,0,64,,9463,25,0,37,0,25,,9464,25,0,37,0,18,,9465,25,0,37,0,60,,9466,25,0,37,0,19,,9467,25,0,37,0,18,,9468,25,0,37,0,60,,9469,25,0,37,0,21,,9470,25,0,37,0,24,,9471,25,0,37,0,61,,9473,25,0,37,0,11,,9474,25,0,37,0,7,,9475,25,0,37,0,16,,9476,25,0,37,0,56,,9477,25,0,37,0,16,,9478,25,0,37,0,16,,9479,25,0,37,0,16,,9480,25,0,37,0,54,,9481,25,0,37,0,16,,9482,25,0,37,0,14,,9483,25,0,37,0,14,,9484,25,0,37,0,54,,9485,25,0,37,0,15,,9486,25,0,37,0,19,,9487,25,0,37,0,59,,9488,25,0,37,0,20,,9489,25,0,37,0,25,,9490,25,0,37,0,64,,9491,25,0,37,0,28,,9492,25,0,37,0,68,,9493,25,0,37,0,29,,9494,25,0,37,0,67,,9495,25,0,37,0,28,,9496,25,0,37,0,69,,9497,25,0,37,0,30,,9498,25,0,37,0
5100,'5569',1527,,9504,25,0,37,0,18,,9501,25,0,37,0,57,,9499,25,0,37,0,37,,9506,25,0,37,0,62,,9502,25,0,37,0,24,,9500,25,0,37,0,22,,9508,25,0,37,0,62,,9503,25,0,37,0,25,,9507,25,0,37,0,21,,9509,25,0,37,0,60,,9505,25,0,37,0,24,,9512,25,0,37,0,63,,9510,25,0,37,0,19,,9511,25,0,37,0,25,,9513,25,0,37,0
5301,'5527',812,,9735,3,0,39 40,0,104,,9736,3,0,39 40,0,105,,9737,3,0,39 40,0,96,,9738,3,0,39 40,0,100,,9739,3,0,39 40,0,100,,9740,3,0,39 40,0,100,,9741,3,0,39 40,0,100,,9742,3,0,39 40,0,100,,9743,3,0,39 40,0,100,,9744,3,0,39 40,0,95,,9745,3,0,39 40,0,100,,9746,3,0,39 40,0,109,,9747,3,0,39 40,0,100,,9748,3,0,39 40,0,110,,9749,3,0,39 40,0
5301,'5565',811,,9750,3,0,39 40,0,105,,9751,3,0,39 40,0,100,,9752,3,0,39 40,0,101,,9753,3,0,39 40,0,100,,9754,3,0,39 40,0,100,,9755,3,0,39 40,0,100,,9756,3,0,39 40,0,100,,9757,3,0,39 40,0,100,,9758,3,0,39 40,0,100,,9759,3,0,39 40,0,100,,9760,3,0,39 40,0,100,,9761,3,0,39 40,0,99,,9762,3,0,39 40,0
5301,'5566',546,,9763,3,0,39 40,0,80,,9764,3,0,39 40,0,75,,9765,3,0,39 40,0,30,,9766,3,0,39 40,0,76,,9767,3,0,39 40,0,24,,9768,3,0,39 40,0,100,,9769,3,0,39 40,0,100,,9770,3,0,39 40,0,101,,9771,3,0,39 40,0,100,,9772,3,0,39 40,0,100,,9773,3,0,39 40,0,105,,9774,3,0,39 40,0,75,,9775,3,0,39 40,0,25,,9776,3,0,39 40,0,66,,9777,3,0,39 40,0,31,,9778,3,0,39 40,0,98,,9779,3,0,39 40,0,94,,9780,3,0,39 40,0,95,,9781,3,0,39 40,0,110,,9782,3,0,39 40,0,100,,9783,3,0,39 40,0
7100,'4619',1947,,10137,3,,,0,190,,10138,3,,,0
7100,'5527',727,,10147,3,0,35 36,0,125,,10141,3,,,0,195,,10140,3,,,0,200,,10139,3,,,0,165,,10146,3,0,35 36,0,115,,10142,3,,,0,210,,10144,3,,,0,270,,10143,3,,,0,150,,10145,3,,,0
7100,'5564',1027,,10148,3,,,0,195,,10149,3,,,0,310,,10150,3,,,0,200,,10151,3,,,0
7100,'5566',517,,10161,3,0,35 36,0,105,,10153,3,,,0,100,,10152,3,,,0,100,,10154,3,,,0,110,,10155,3,,,0,310,,10156,3,,,0,170,,10157,3,,,0,35,,10162,3,0,35 36,0,75,,10158,3,,,0,105,,10159,3,,,0,100,,10160,3,,,0
