201,'5475',2300,,8341,9,,,0,30,,8342,9,,,0,70,,8343,9,,,0,30,,8344,9,,,0,70,,8345,9,,,0,30,,8346,9,,,0,70,,8347,9,,,0,30,,8348,9,,,0,70,,8349,9,,,0
201,'5527',637,,8350,9,,,0,85,,8351,9,,,0,78,,8352,9,,,0,30,,8353,9,,,0,70,,8354,9,,,0,31,,8355,9,,,0,70,,8356,9,,,0,30,,8357,9,,,0,70,,8358,9,,,0,32,,8359,9,,,0,69,,8360,9,,,0,31,,8361,9,,,0,70,,8362,9,,,0,30,,8363,9,,,0,71,,8364,9,,,0,30,,8365,9,,,0,69,,8366,9,,,0,30,,8367,9,,,0,71,,8368,9,,,0,30,,8369,9,,,0,69,,8370,9,,,0,30,,8371,9,,,0,70,,8372,9,,,0,30,,8373,9,,,0,69,,8374,9,,,0,28,,8375,9,,,0,29,,8376,9,,,0,71,,8377,9,,,0,75,,8378,9,,,0,40,,8379,9,,,0,80,,8380,9,,,0
201,'5565',637,,8381,9,,,0,85,,8382,9,,,0,85,,8383,9,,,0,45,,8384,9,,,0,85,,8385,9,,,0,85,,8386,9,,,0,84,,8387,9,,,0,45,,8388,9,,,0,81,,8389,9,,,0,80,,8390,9,,,0,40,,8391,9,,,0,80,,8392,9,,,0,80,,8393,9,,,0,40,,8394,9,,,0,80,,8395,9,,,0,80,,8396,9,,,0,40,,8397,9,,,0,80,,8398,9,,,0,80,,8399,9,,,0,41,,8400,9,,,0,78,,8401,9,,,0,92,,8402,9,,,0
201,'5566',505,,8404,9,,,0,46,,8405,9,,,0,65,,8406,9,,,0,34,,8407,9,,,0,58,,8408,9,,,0,17,,8409,9,,,0,14,,8410,9,,,0,15,,8411,9,,,0,57,,8412,9,,,0,21,,8413,9,,,0,25,,8414,9,,,0,70,,8415,9,,,0,28,,8416,9,,,0,67,,8417,9,,,0,25,,8418,9,,,0,64,,8419,9,,,0,25,,8420,9,,,0,65,,8421,9,,,0,26,,8422,9,,,0,25,,8423,9,,,0,65,,8424,9,,,0,25,,8425,9,,,0,65,,8426,9,,,0,20,,8427,9,,,0,14,,8403,9,0,9 10,0,5,,8428,9,,,0,55,,8429,9,,,0,15,,8430,9,,,0,15,,8431,9,,,0,16,,8432,9,,,0,55,,8433,9,,,0,15,,8434,9,,,0,15,,8435,9,,,0,14,,8436,9,,,0,56,,8437,9,,,0,15,,8438,9,,,0,16,,8439,9,,,0,15,,8440,9,,,0,60,,8441,9,,,0,20,,8442,9,,,0,20,,8443,9,,,0,60,,8444,9,,,0,20,,8445,9,,,0,20,,8446,9,,,0,60,,8447,9,,,0,25,,8448,9,,,0,70,,8449,9,,,0,28,,8450,9,,,0,70,,8451,9,,,0,29,,8452,9,,,0
900,'5475',2324,,8885,49,0,17 10,0,100,,8886,49,0,17 10,0,100,,8887,49,0,17 10,0,100,,8888,49,0,17 10,0,100,,8889,49,0,17 10,0
900,'5527',709,,8890,49,,,0,101,,8891,49,,,0,100,,8892,49,,,0,102,,8893,49,,,0,107,,8894,49,,,0,95,,8895,49,,,0,106,,8896,49,,,0,100,,8897,49,0,17 10,0,100,,8898,49,0,17 10,0,100,,8899,49,,,0,104,,8900,58,,,0,95,,8901,49,0,17 10,0,99,,8902,49,,,0,94,,8903,49,,,0,99,,8904,49,,,0,105,,8905,49,0,17 10,0
900,'5565',710,,8907,49,0,17 10,0,100,,8908,49,0,17 10,0,102,,8909,49,0,17 10,0,100,,8906,49,0,17 10,0,107,,8910,49,0,17 10,0,95,,8911,49,0,17 10,0,105,,8912,49,0,17 10,0,99,,8913,49,0,17 10,0,100,,8914,49,0,17 10,0,100,,8915,49,0,17 10,0,100,,8916,49,0,17 10,0,99,,8917,49,0,17 10,0,100,,8918,49,0,17 10,0,94,,8919,49,0,17 10,0
900,'5566',610,,8920,49,0,17 10,0,109,,8921,49,0,17 10,0,99,,8922,49,0,17 10,0,103,,8923,49,0,17 10,0,99,,8924,49,0,17 10,0,101,,8925,49,0,17 10,0,100,,8926,49,0,17 10,0,100,,8927,49,0,17 10,0,101,,8928,49,0,17 10,0,100,,8929,49,0,17 10,0,100,,8930,49,0,17 10,0,101,,8931,49,0,17 10,0,100,,8932,49,0,17 10,0,98,,8933,49,0,17 10,0,98,,8934,49,0,17 10,0,99,,8935,49,0,17 10,0,99,,8936,49,0,17 10,0
2600,'5566',1521,,9056,51,0,9 10 11,0
2601,'5566',803,,9057,62,0,9 10 11,0
