100,'5475',2320,,8001,24,,,0,30,,8002,24,,,0,70,,8003,24,,,0,30,,8004,24,,,0,70,,8005,24,,,0,30,,8006,24,,,0,70,,8007,24,,,0,30,,8008,24,,,0,70,,8009,24,,,0
100,'5527',639,,8041,24,,,0,81,,8040,24,,,0,30,,8039,24,,,0,70,,8038,24,,,0,29,,8037,24,,,0,70,,8036,24,,,0,30,,8035,24,,,0,70,,8034,24,,,0,28,,8033,24,,,0,70,,8032,24,,,0,30,,8031,24,,,0,70,,8030,24,,,0,30,,8029,24,,,0,70,,8028,24,,,0,30,,8027,24,,,0,70,,8026,24,,,0,30,,8025,24,,,0,70,,8024,24,,,0,30,,8023,24,,,0,70,,8022,24,,,0,30,,8021,24,,,0,70,,8020,24,,,0,30,,8019,24,,,0,70,,8018,24,,,0,31,,8017,24,,,0,70,,8016,24,,,0,31,,8015,24,,,0,70,,8014,24,,,0,40,,8013,24,,,0,80,,8012,24,,,0,81,,8011,24,,,0,80,,8010,24,,,0
100,'5565',631,,8064,24,,,0,85,,8063,24,,,0,85,,8062,24,,,0,45,,8061,24,,,0,85,,8060,24,,,0,85,,8059,24,,,0,84,,8058,24,,,0,41,,8042,24,,,0,80,,8043,24,,,0,80,,8044,24,,,0,40,,8045,24,,,0,80,,8046,24,,,0,80,,8047,24,,,0,40,,8048,24,,,0,80,,8049,24,,,0,81,,8050,24,,,0,41,,8051,24,,,0,80,,8052,24,,,0,82,,8053,24,,,0,40,,8054,24,,,0,80,,8055,24,,,0,80,,8056,24,,,0,38,,8057,24,,,0,80,,8065,24,,,0
100,'5566',535,,8067,24,,,0,75,,8068,24,,,0,30,,8069,24,,,0,63,,8070,24,,,0,16,,8071,24,,,0,16,,8072,24,,,0,16,,8073,24,,,0,57,,8074,24,,,0,15,,8075,24,,,0,15,,8076,24,,,0,16,,8115,24,,,0,57,,8077,24,,,0,25,,8078,24,,,0,65,,8079,24,,,0,25,,8080,24,,,0,25,,8081,24,,,0,66,,8082,24,,,0,25,,8083,24,,,0,65,,8084,24,,,0,25,,8085,24,,,0,25,,8086,24,,,0,65,,8087,24,,,0,23,,8088,24,,,0,65,,8089,24,,,0,25,,8090,24,,,0,65,,8091,24,,,0,17,,8066,24,,,0,16,,8092,24,,,0,15,,8093,24,,,0,55,,8094,24,,,0,15,,8095,24,,,0,15,,8096,24,,,0,15,,8097,24,,,0,55,,8098,24,,,0,15,,8099,24,,,0,15,,8100,24,,,0,16,,8101,24,,,0,60,,8102,24,,,0,20,,8103,24,,,0,21,,8104,24,,,0,60,,8105,24,,,0,20,,8106,24,,,0,20,,8107,24,,,0,60,,8108,24,,,0,20,,8109,24,,,0,20,,8110,24,,,0,70,,8111,24,,,0,30,,8112,24,,,0,70,,8113,24,,,0,30,,8114,24,,,0
200,'5475',2305,,8228,29,,,0,30,,8229,29,,,0,70,,8230,29,,,0,30,,8231,29,,,0,70,,8232,29,,,0,30,,8233,29,,,0,70,,8234,29,,,0,30,,8235,29,,,0,70,,8236,29,,,0,30,,8237,29,0,17 10,0
200,'5527',617,,8238,29,,,0,84,,8239,29,,,0,34,,8240,29,,,0,70,,8241,29,,,0,30,,8242,29,,,0,69,,8243,29,,,0,30,,8244,29,,,0,70,,8245,29,,,0,30,,8246,29,,,0,68,,8247,29,,,0,30,,8248,29,,,0,70,,8249,29,,,0,30,,8250,29,,,0,70,,8251,29,,,0,30,,8252,29,,,0,70,,8253,29,,,0,30,,8254,29,,,0,70,,8255,29,,,0,30,,8256,29,,,0,70,,8257,29,,,0,30,,8258,29,,,0,70,,8259,29,,,0,30,,8260,29,,,0,70,,8261,29,,,0,31,,8262,29,,,0,70,,8263,29,,,0,31,,8264,29,,,0,70,,8265,29,,,0,35,,8266,29,,,0,83,,8267,29,,,0,82,,8268,29,,,0,36,,8269,29,,,0
200,'5565',653,,8291,29,,,0,85,,8290,29,,,0,85,,8289,29,,,0,85,,8288,29,,,0,45,,8287,29,,,0,85,,8286,29,,,0,83,,8285,29,,,0,80,,8270,29,,,0,40,,8271,29,,,0,80,,8272,29,,,0,80,,8273,29,,,0,40,,8274,29,,,0,80,,8275,29,,,0,80,,8276,29,,,0,41,,8277,29,,,0,81,,8278,29,,,0,80,,8279,29,,,0,40,,8280,29,,,0,82,,8281,29,,,0,82,,8282,29,,,0,38,,8283,29,,,0,82,,8284,29,,,0
200,'5566',554,,8292,29,,,0,71,,8293,29,,,0,28,,8294,29,,,0,58,,8295,29,,,0,16,,8296,29,,,0,16,,8297,29,,,0,57,,8298,29,,,0,16,,8299,29,,,0,15,,8300,29,,,0,15,,8301,29,,,0,57,,8340,29,,,0,21,,8302,29,,,0,25,,8303,29,,,0,65,,8304,29,,,0,25,,8305,29,,,0,65,,8306,29,,,0,26,,8307,29,,,0,25,,8308,29,,,0,65,,8309,29,,,0,25,,8310,29,,,0,66,,8311,29,,,0,23,,8312,29,,,0,23,,8313,29,,,0,65,,8314,29,,,0,25,,8315,29,,,0,63,,8316,29,,,0,15,,8317,29,,,0,16,,8318,29,,,0,15,,8319,29,,,0,55,,8320,29,,,0,15,,8321,29,,,0,15,,8322,29,,,0,15,,8323,29,,,0,55,,8324,29,,,0,15,,8325,29,,,0,15,,8326,29,,,0,18,,8327,29,,,0,60,,8328,29,,,0,20,,8329,29,,,0,61,,8330,29,,,0,20,,8331,29,,,0,20,,8332,29,,,0,60,,8333,29,,,0,20,,8334,29,,,0,20,,8335,29,,,0,65,,8336,29,,,0,30,,8337,29,,,0,70,,8338,29,,,0,30,,8339,29,,,0
300,'5475',2357,,8453,16,,,0,100,,8454,16,,,0,100,,8455,16,,,0,100,,8456,16,,,0
300,'5527',607,,8481,16,,,0,49,,8480,16,,,0,99,,8482,16,,,0,88,,8457,16,,,0,68,,8458,16,,,0,40,,8459,16,,,0,75,,8461,16,,,0,30,,8462,16,,,0,74,,8463,16,,,0,74,,8460,16,,,0,34,,8464,16,,,0,80,,8465,16,,,0,35,,8466,16,,,0,75,,8467,16,,,0,81,,8468,16,,,0,35,,8469,16,,,0,70,,8470,16,,,0,35,,8471,16,,,0,76,,8472,16,,,0,76,,8473,16,,,0,47,,8474,16,,,0,75,,8475,16,,,0,36,,8476,16,,,0,90,,8477,16,,,0,101,,8478,16,,,0,101,,8479,16,,,0
300,'5565',636,,8483,16,,,0,95,,8484,16,,,0,88,,8497,16,,,0,93,,8486,16,,,0,94,,8487,16,,,0,95,,8488,16,,,0,55,,8485,16,,,0,99,,8489,16,,,0,100,,8490,16,,,0,100,,8491,16,,,0,100,,8492,16,,,0,145,,8493,16,,,0,56,,8494,16,,,0,97,,8495,16,,,0,102,,8496,16,,,0
300,'5566',554,,8498,16,,,0,70,,8499,16,,,0,30,,8500,16,,,0,73,,8501,16,,,0,73,,8502,16,,,0,35,,8503,16,,,0,75,,8504,16,,,0,35,,8505,16,,,0,75,,8506,16,,,0,35,,8507,16,,,0,74,,8508,16,,,0,74,,8509,16,,,0,35,,8510,16,,,0,75,,8511,16,,,0,39,,8512,16,,,0,75,,8513,16,,,0,73,,8514,16,,,0,40,,8515,16,,,0,74,,8516,16,,,0,35,,8517,16,,,0,80,,8518,16,,,0,76,,8519,16,,,0,36,,8520,16,,,0,76,,8521,16,,,0,31,,8522,16,,,0,102,,8523,16,,,0,100,,8524,16,,,0,105,,8525,16,,,0
501,'5475',2339,,8730,1,,,0,100,,8731,1,,,0,100,,8732,1,,,0,100,,8733,1,,,0
501,'5527',638,,8757,1,,,0,97,,8758,1,,,0,88,,8736,1,,,0,27,,8737,1,,,0,79,,8734,1,,,0,75,,8735,1,,,0,29,,8738,1,,,0,74,,8739,1,,,0,32,,8740,1,,,0,74,,8741,1,,,0,40,,8742,1,,,0,75,,8743,1,,,0,75,,8744,1,,,0,41,,8745,1,,,0,75,,8746,1,,,0,30,,8747,1,,,0,76,,8748,1,,,0,76,,8749,1,,,0,36,,8750,1,,,0,88,,8751,1,,,0,75,,8752,1,,,0,37,,8754,1,,,0,92,,8755,1,,,0,102,,8756,1,,,0,101,,8753,1,,,0
501,'5565',618,,8760,1,,,0,95,,8759,1,,,0,46,,8773,1,,,0,92,,8761,1,,,0,93,,8762,1,,,0,94,,8763,1,,,0,94,,8764,1,,,0,99,,8765,1,,,0,99,,8767,1,,,0,100,,8768,1,,,0,99,,8769,1,,,0,106,,8766,1,,,0,97,,8770,1,,,0,99,,8771,1,,,0,102,,8772,1,,,0
501,'5566',605,,8774,1,,,0,27,,8775,1,,,0,73,,8776,1,,,0,30,,8777,1,,,0,76,,8778,1,,,0,35,,8779,1,,,0,76,,8780,1,,,0,35,,8781,1,,,0,74,,8782,1,,,0,72,,8783,1,,,0,34,,8784,1,,,0,75,,8785,1,,,0,35,,8786,1,,,0,78,,8787,1,,,0,33,,8788,1,,,0,69,,8789,1,,,0,85,,8790,1,,,0,35,,8791,1,,,0,74,,8792,1,,,0,82,,8793,1,,,0,38,,8794,1,,,0,76,,8795,1,,,0,37,,8796,1,,,0,72,,8797,1,,,0,104,,8798,1,,,0,100,,8799,1,,,0,107,,8800,1,,,0
700,'5527',525,,8858,1,0,22 23,0,100,,8859,1,0,22 23,0,199,,8860,1,0,22 23,0,200,,8861,1,0,22 23,0,199,,8862,1,0,22 23,0,400,,8864,1,0,22 23,0,402,,8866,1,0,22 23,0
900,'5527',1648,,8900,1,0,34 2 13 14,0
1201,'5566',701,,8948,1,,,0,41,,8949,1,,,0,84,,8950,1,,,0,77,,8951,1,,,0,114,,8952,1,,,0,117,,8953,1,,,0,125,,8954,1,,,0,167,,8955,1,,,0,174,,8956,1,,,0,41,,8957,1,,,0,85,,8958,1,,,0
2600,'5566',1426,,9056,1,0,13 14 11,0
2601,'5566',715,,9057,1,0,13 14 11,0
1000700,'5527',725,,10209,1,0,24,0,199,,10210,1,0,24,0,199,,10211,1,0,24,0,200,,10212,1,0,24,0,401,,10214,1,0,24,0,201,,10215,1,0,24,0,200,,10216,1,0,24,0
