300,'5475',2400,,8453,20,,,0,100,,8454,20,,,0,100,,8455,20,,,0,100,,8456,20,,,0
300,'5527',610,,8481,20,,,0,49,,8480,20,,,0,99,,8482,20,,,0,88,,8457,20,,,0,69,,8458,20,,,0,40,,8459,20,,,0,75,,8461,20,,,0,70,,8462,20,,,0,34,,8463,20,,,0,74,,8460,20,,,0,35,,8464,20,,,0,80,,8465,20,,,0,35,,8466,20,,,0,75,,8467,20,,,0,80,,8468,20,,,0,35,,8469,20,,,0,70,,8470,20,,,0,35,,8471,20,,,0,76,,8472,20,,,0,76,,8473,20,,,0,47,,8474,20,,,0,75,,8475,20,,,0,75,,8476,20,,,0,50,,8477,20,,,0,101,,8478,20,,,0,101,,8479,20,,,0
300,'5565',639,,8483,20,,,0,95,,8484,20,,,0,88,,8497,20,,,0,93,,8486,20,,,0,95,,8487,20,,,0,95,,8488,20,,,0,95,,8485,20,,,0,59,,8489,20,,,0,100,,8490,20,,,0,100,,8491,20,,,0,100,,8492,20,,,0,145,,8493,20,,,0,96,,8494,20,,,0,56,,8495,20,,,0,102,,8496,20,,,0
300,'5566',557,,8498,20,,,0,70,,8499,20,,,0,30,,8500,20,,,0,74,,8501,20,,,0,73,,8502,20,,,0,35,,8503,20,,,0,75,,8504,20,,,0,35,,8505,20,,,0,75,,8506,20,,,0,35,,8507,20,,,0,75,,8508,20,,,0,74,,8509,20,,,0,35,,8510,20,,,0,75,,8511,20,,,0,39,,8512,20,,,0,75,,8513,20,,,0,73,,8514,20,,,0,40,,8515,20,,,0,74,,8516,20,,,0,35,,8517,20,,,0,79,,8518,20,,,0,76,,8519,20,,,0,36,,8520,20,,,0,76,,8521,20,,,0,31,,8522,20,,,0,101,,8523,20,,,0,100,,8524,20,,,0,105,,8525,20,,,0
601,'5475',2427,,8801,5,0,58,0,100,,8802,5,0,58,0,100,,8803,5,0,58,0
601,'5527',552,,8806,5,0,58,0,95,,8807,5,0,58,0,100,,8805,5,0,58,0,100,,8808,5,0,58,0,102,,8809,5,0,58,0,94,,8810,5,0,58,0,100,,8811,5,0,58,0,100,,8812,5,0,58,0,100,,8813,5,0,58,0,100,,8814,5,0,58,0,100,,8815,5,0,58,0,100,,8816,5,0,58,0,105,,8817,5,0,58,0,104,,8818,5,0,58,0,95,,8819,5,0,58,0,110,,8820,5,0,58,0,155,,8821,5,0,58,0,110,,8804,5,0,58,0
601,'5565',547,,8822,5,0,58,0,110,,8823,5,0,58,0,145,,8824,5,0,58,0,110,,8825,5,0,58,0,40,,8827,5,0,58,0,100,,8828,5,0,58,0,90,,8829,5,0,58,0,100,,8826,5,0,58,0,100,,8830,5,0,58,0,100,,8831,5,0,58,0,100,,8832,5,0,58,0,100,,8833,5,0,58,0,105,,8834,5,0,58,0,160,,8835,5,0,58,0,110,,8836,5,0,58,0
601,'5566',547,,8837,5,0,58,0,77,,8838,5,0,58,0,77,,8839,5,0,58,0,37,,8840,5,0,58,0,85,,8841,5,0,58,0,80,,8842,5,0,58,0,35,,8843,5,0,58,0,115,,8844,5,0,58,0,160,,8845,5,0,58,0,125,,8846,5,0,58,0,83,,8847,5,0,58,0,88,,8848,5,0,58,0,47,,8849,5,0,58,0,82,,8850,5,0,58,0,82,,8851,5,0,58,0,83,,8852,5,0,58,0,42,,8853,5,0,58,0,102,,8854,5,0,58,0,110,,8855,5,0,58,0,155,,8856,5,0,58,0,110,,8857,5,0,58,0
2401,'5566',738,,9055,5,0,15 16 11,0
3100,'5527',904,,9061,5,,,0,105,,9065,5,,,0,110,,9059,5,,,0,109,,9058,5,,,0,110,,9060,5,,,0,115,,9062,5,,,0,156,,9064,5,,,0,110,,9063,5,,,0
3100,'5565',1009,,9072,5,,,0,110,,9066,5,,,0,109,,9067,5,,,0,110,,9068,5,,,0,115,,9069,5,,,0,156,,9071,5,,,0,110,,9070,5,,,0
3100,'5566',726,,9073,5,,,0,32,,9074,5,,,0,72,,9075,5,,,0,103,,9076,5,,,0,106,,9077,5,,,0,110,,9078,5,,,0,110,,9079,5,,,0,154,,9080,5,,,0,96,,9081,5,,,0,37,,9082,5,,,0,77,,9083,5,,,0,35,,9084,5,,,0,75,,9085,5,,,0,75,,9086,5,,,0
1003100,'5475',2355,,10237,5,,,0,100,,10238,5,,,0,100,,10239,5,,,0,100,,10240,5,,,0
1003100,'5527',732,,10254,5,,,0,100,,10243,5,,,0,99,,10242,5,,,0,110,,10241,5,,,0,110,,10249,5,,,0,150,,10253,5,,,0,115,,10246,5,,,0,114,,10250,5,,,0,111,,10247,5,,,0,110,,10248,5,,,0,75,,10244,5,,,0,115,,10245,5,,,0,103,,10252,5,,,0,98,,10251,5,,,0
1003100,'5565',730,,10266,5,,,0,101,,10258,5,,,0,102,,10256,5,,,0,108,,10260,5,,,0,110,,10257,5,,,0,150,,10255,5,,,0,115,,10261,5,,,0,114,,10262,5,,,0,111,,10259,5,,,0,180,,10263,5,,,0,120,,10264,5,,,0,104,,10265,5,,,0
1003100,'5566',639,,10267,5,,,0,68,,10268,5,,,0,30,,10269,5,,,0,71,,10270,5,,,0,50,,10271,5,,,0,144,,10272,5,,,0,109,,10273,5,,,0,110,,10274,5,,,0,115,,10275,5,,,0,109,,10276,5,,,0,81,,10277,5,,,0,75,,10278,5,,,0,37,,10279,5,,,0,75,,10280,5,,,0,33,,10281,5,,,0,80,,10282,5,,,0,86,,10283,5,,,0,122,,10284,5,,,0,104,,10285,5,,,0,110,,10286,5,,,0
24003100,'5566',533,,10334,5,,,0,68,,10335,5,,,0,29,,10336,5,,,0,27,,10337,5,,,0
