301,'5475',2342,,8530,8,,,0,100,,8526,25,,,0,100,,8527,25,,,0,100,,8528,25,,,0
301,'5527',601,,8556,25,,,0,53,,8555,25,,,0,91,,8554,25,,,0,100,,8557,25,,,0,92,,8531,25,,,0,70,,8532,25,,,0,41,,8533,25,,,0,77,,8534,25,,,0,30,,8535,25,,,0,75,,8536,25,,,0,75,,8537,25,,,0,36,,8538,25,,,0,80,,8539,25,,,0,35,,8540,25,,,0,75,,8541,25,,,0,79,,8542,25,,,0,34,,8543,25,,,0,70,,8544,25,,,0,35,,8545,25,,,0,75,,8546,25,,,0,34,,8547,25,,,0,84,,8548,25,,,0,75,,8549,25,,,0,35,,8550,25,,,0,88,,8551,25,,,0,100,,8552,25,,,0
301,'5565',623,,8561,25,,,0,101,,8562,25,,,0,95,,8564,25,,,0,90,,8573,25,,,0,98,,8559,25,,,0,95,,8565,25,,,0,57,,8566,25,,,0,96,,8563,25,,,0,100,,8567,25,,,0,100,,8568,25,,,0,101,,8569,25,,,0,98,,8570,25,,,0,105,,8571,25,,,0,95,,8572,25,,,0,93,,8558,25,,,0
301,'5566',557,,8574,25,,,0,83,,8575,25,,,0,76,,8576,25,,,0,32,,8577,25,,,0,75,,8578,25,,,0,35,,8579,25,,,0,75,,8580,25,,,0,75,,8581,25,,,0,35,,8582,25,,,0,76,,8583,25,,,0,37,,8584,25,,,0,75,,8585,25,,,0,75,,8586,25,,,0,36,,8587,25,,,0,75,,8588,25,,,0,41,,8589,25,,,0,75,,8590,25,,,0,75,,8591,25,,,0,40,,8592,25,,,0,73,,8593,25,,,0,33,,8594,25,,,0,74,,8595,25,,,0,74,,8596,25,,,0,34,,8597,25,,,0,75,,8598,25,,,0,30,,8599,25,,,0,100,,8600,25,,,0,98,,8601,25,,,0
2400,'5566',1513,,9054,22,0,15 16 11,0
3101,'5527',817,,9090,16,,,0,104,,9089,16,,,0,103,,9087,16,,,0,112,,9094,16,,,0,111,,9095,16,,,0,110,,9088,16,,,0,155,,9093,16,,,0,114,,9091,16,,,0,109,,9092,16,,,0,109,,9096,16,,,0
3101,'5565',817,,9103,16,,,0,209,,9100,16,,,0,219,,9097,16,,,0,110,,9101,16,,,0,155,,9099,16,,,0,115,,9102,16,,,0,110,,9098,16,,,0
3101,'5566',644,,9104,16,,,0,84,,9105,16,,,0,31,,9106,16,,,0,72,,9107,16,,,0,74,,9108,16,,,0,47,,9109,16,,,0,105,,9110,16,,,0,150,,9111,16,,,0,110,,9112,16,,,0,115,,9113,16,,,0,116,,9114,16,,,0,80,,9115,16,,,0,74,,9116,16,,,0,37,,9117,16,,,0,73,,9118,16,,,0,30,,9119,16,,,0,58,,9120,16,,,0
1003101,'5475',2314,,10287,19,,,0,100,,10288,19,,,0,100,,10289,19,,,0,100,,10290,19,,,0,100,,10291,19,,,0
1003101,'5527',851,,10297,19,,,0,105,,10303,19,,,0,146,,10292,19,,,0,112,,10293,19,,,0,110,,10294,19,,,0,111,,10296,19,,,0,114,,10301,19,,,0,155,,10299,19,,,0,108,,10298,19,,,0,109,,10295,19,,,0,114,,10300,19,,,0,99,,10302,19,,,0
1003101,'5565',923,,10311,19,,,0,214,,10310,19,,,0,75,,10304,19,,,0,110,,10306,19,,,0,110,,10307,19,,,0,115,,10308,19,,,0,154,,10309,19,,,0,110,,10305,19,,,0,110,,10312,19,,,0,114,,10313,19,,,0,99,,10314,19,,,0
1003101,'5566',715,,10315,19,,,0,28,,10316,19,,,0,75,,10317,19,,,0,34,,10318,19,,,0,71,,10319,19,,,0,103,,10320,19,,,0,108,,10321,19,,,0,110,,10322,19,,,0,110,,10323,19,,,0,157,,10324,19,,,0,100,,10325,19,,,0,37,,10326,19,,,0,76,,10327,19,,,0,35,,10328,19,,,0,70,,10329,19,,,0,89,,10330,19,,,0,90,,10331,19,,,0,122,,10332,19,,,0,109,,10333,19,,,0
