5201,'5527',747,,9690,16,,,0,100,,9691,16,,,0,101,,9692,16,,,0,98,,9693,16,,,0,100,,9694,16,,,0,100,,9695,16,,,0,99,,9696,16,,,0,100,,9697,16,,,0,100,,9698,16,,,0,101,,9699,16,,,0,100,,9700,16,,,0,100,,9701,16,,,0,100,,9702,16,,,0,110,,9703,16,,,0,169,,9704,16,,,0,175,,9705,16,,,0
5201,'5565',847,,9707,16,,,0,101,,9706,16,,,0,99,,9708,16,,,0,99,,9709,16,,,0,100,,9710,16,,,0,99,,9711,16,,,0,100,,9712,16,,,0,101,,9713,16,,,0,100,,9714,16,,,0,101,,9715,16,,,0,110,,9716,16,,,0,100,,9717,16,,,0,89,,9718,16,,,0
5201,'5566',704,,9719,16,,,0,97,,9720,16,,,0,113,,9721,16,,,0,106,,9722,16,,,0,110,,9723,16,,,0,101,,9724,16,,,0,105,,9725,16,,,0,100,,9726,16,,,0,109,,9727,16,,,0,101,,9728,16,,,0,104,,9729,16,,,0,96,,9730,16,,,0,109,,9731,16,,,0,102,,9732,16,,,0,169,,9733,16,,,0,132,,9734,16,,,0
5401,'5527',747,,9785,45,,,0,101,,9786,74,,,0,102,,9784,74,,,0,101,,9787,74,,,0,103,,9788,74,,,0,100,,9789,74,,,0,100,,9790,74,,,0,101,,9791,74,,,0,99,,9792,74,,,0,100,,9793,74,,,0,98,,9794,74,,,0,100,,9795,74,,,0,97,,9796,74,,,0,99,,9797,74,,,0,109,,9798,74,,,0,172,,9799,74,,,0
5401,'5565',847,,9801,45,,,0,100,,9802,74,,,0,102,,9803,74,,,0,103,,9804,74,,,0,100,,9805,74,,,0,100,,9806,74,,,0,99,,9807,74,,,0,99,,9808,74,,,0,100,,9809,74,,,0,100,,9810,74,,,0,99,,9811,74,,,0,107,,9812,74,,,0,98,,9813,74,,,0
5401,'5566',601,,9814,45,,,0,100,,9815,74,,,0,119,,9816,74,,,0,90,,9817,74,,,0,111,,9818,74,,,0,107,,9819,74,,,0,110,,9820,74,,,0,102,,9821,74,,,0,111,,9822,74,,,0,106,,9823,74,,,0,102,,9824,74,,,0,99,,9825,74,,,0,99,,9826,74,,,0,96,,9827,74,,,0,103,,9828,74,,,0,102,,9829,74,,,0,169,,9830,74,,,0
5801,'5527',816,,9929,29,,,0,119,,9930,29,,,0,104,,9931,29,,,0,100,,9932,29,,,0,102,,9933,29,,,0,99,,9934,29,,,0,100,,9935,29,,,0,97,,9936,29,,,0,100,,9937,29,,,0,100,,9938,29,,,0,100,,9939,29,,,0,170,,9940,29,,,0,129,,9941,29,,,0,100,,9942,29,,,0
5801,'5565',816,,9943,29,,,0,120,,9944,29,,,0,102,,9945,29,,,0,100,,9946,29,,,0,101,,9947,29,,,0,101,,9948,29,,,0,98,,9949,29,,,0,99,,9950,29,,,0,99,,9951,29,,,0,100,,9952,29,,,0,100,,9953,29,,,0,96,,9954,29,,,0,100,,9955,29,,,0
5801,'5566',556,,9956,18,,,0,95,,9957,29,,,0,178,,9958,29,,,0,120,,9959,29,,,0,101,,9960,29,,,0,101,,9961,29,,,0,101,,9962,29,,,0,100,,9963,29,,,0,106,,9964,29,,,0,100,,9965,29,,,0,97,,9966,29,,,0,97,,9967,29,,,0,95,,9968,29,,,0,161,,9969,29,,,0,129,,9970,29,,,0
5900,'5566',1625,,9971,13,,,0,95,,9972,13,,,0
5901,'5566',653,,9973,20,,,0,100,,9974,20,,,0
