101,'5475',2324,,8116,21,,,0,30,,8117,21,,,0,70,,8118,21,,,0,30,,8119,21,,,0,70,,8120,21,,,0,30,,8121,21,,,0,70,,8122,21,,,0,30,,8123,21,,,0
101,'5527',624,,8156,21,,,0,85,,8155,21,,,0,45,,8154,21,,,0,70,,8153,21,,,0,30,,8152,21,,,0,71,,8151,21,,,0,31,,8150,21,,,0,70,,8149,21,,,0,30,,8148,21,,,0,72,,8147,21,,,0,30,,8146,21,,,0,71,,8145,21,,,0,30,,8144,21,,,0,70,,8143,21,,,0,71,,8142,21,,,0,30,,8141,21,,,0,70,,8140,21,,,0,30,,8139,21,,,0,70,,8138,21,,,0,30,,8137,21,,,0,70,,8136,21,,,0,29,,8135,21,,,0,30,,8134,21,,,0,70,,8133,21,,,0,30,,8132,21,,,0,69,,8131,21,,,0,27,,8130,21,,,0,69,,8129,21,,,0,30,,8128,21,,,0,80,,8127,21,,,0,80,,8126,21,,,0,40,,8125,21,,,0
101,'5565',619,,8157,21,,,0,90,,8158,21,,,0,44,,8159,21,,,0,86,,8160,21,,,0,85,,8161,21,,,0,86,,8162,21,,,0,45,,8163,21,,,0,85,,8164,21,,,0,83,,8165,21,,,0,80,,8166,21,,,0,40,,8167,21,,,0,80,,8168,21,,,0,80,,8169,21,,,0,40,,8170,21,,,0,80,,8171,21,,,0,80,,8172,21,,,0,40,,8173,21,,,0,80,,8174,21,,,0,80,,8175,21,,,0,40,,8176,21,,,0,79,,8177,21,,,0,80,,8178,21,,,0
101,'5566',544,,8179,21,,,0,66,,8180,21,,,0,35,,8181,21,,,0,65,,8182,21,,,0,16,,8183,21,,,0,17,,8184,21,,,0,15,,8185,21,,,0,55,,8186,21,,,0,19,,8187,21,,,0,22,,8188,21,,,0,69,,8189,21,,,0,28,,8190,21,,,0,70,,8191,21,,,0,25,,8192,21,,,0,65,,8193,21,,,0,25,,8194,21,,,0,66,,8195,21,,,0,25,,8196,21,,,0,25,,8197,21,,,0,65,,8198,21,,,0,25,,8199,21,,,0,65,,8200,21,,,0,26,,8201,21,,,0,20,,8202,21,,,0,55,,8203,21,,,0,14,,8204,21,,,0,15,,8205,21,,,0,15,,8206,21,,,0,55,,8207,21,,,0,15,,8208,21,,,0,15,,8209,21,,,0,15,,8210,21,,,0,55,,8211,21,,,0,15,,8212,21,,,0,15,,8213,21,,,0,15,,8214,21,,,0,57,,8215,21,,,0,20,,8216,21,,,0,20,,8217,21,,,0,60,,8218,21,,,0,20,,8219,21,,,0,19,,8220,21,,,0,60,,8221,21,,,0,20,,8222,21,,,0,30,,8223,21,,,0,69,,8224,21,,,0,28,,8225,21,,,0,70,,8226,21,,,0,29,,8227,21,,,0
201,'5475',2309,,8341,22,,,0,30,,8342,22,,,0,70,,8343,22,,,0,30,,8344,22,,,0,70,,8345,22,,,0,30,,8346,22,,,0,70,,8347,22,,,0,30,,8348,22,,,0,70,,8349,22,,,0
201,'5527',646,,8350,22,,,0,85,,8351,22,,,0,78,,8352,22,,,0,30,,8353,22,,,0,70,,8354,22,,,0,31,,8355,22,,,0,71,,8356,22,,,0,30,,8357,22,,,0,70,,8358,22,,,0,32,,8359,22,,,0,70,,8360,22,,,0,31,,8361,22,,,0,70,,8362,22,,,0,30,,8363,22,,,0,71,,8364,22,,,0,30,,8365,22,,,0,70,,8366,22,,,0,30,,8367,22,,,0,70,,8368,22,,,0,30,,8369,22,,,0,69,,8370,22,,,0,30,,8371,22,,,0,70,,8372,22,,,0,30,,8373,22,,,0,69,,8374,22,,,0,28,,8375,22,,,0,69,,8376,22,,,0,29,,8377,22,,,0,75,,8378,22,,,0,40,,8379,22,,,0,80,,8380,22,,,0
201,'5565',646,,8381,22,,,0,85,,8382,22,,,0,85,,8383,22,,,0,85,,8384,22,,,0,45,,8385,22,,,0,86,,8386,22,,,0,85,,8387,22,,,0,85,,8388,22,,,0,41,,8389,22,,,0,80,,8390,22,,,0,80,,8391,22,,,0,40,,8392,22,,,0,80,,8393,22,,,0,80,,8394,22,,,0,40,,8395,22,,,0,80,,8396,22,,,0,80,,8397,22,,,0,40,,8398,22,,,0,80,,8399,22,,,0,80,,8400,22,,,0,38,,8401,22,,,0,91,,8402,22,,,0
201,'5566',514,,8404,22,,,0,86,,8405,22,,,0,25,,8406,22,,,0,75,,8407,22,,,0,18,,8408,22,,,0,17,,8409,22,,,0,15,,8410,22,,,0,55,,8411,22,,,0,17,,8412,22,,,0,20,,8413,22,,,0,65,,8414,22,,,0,30,,8415,22,,,0,68,,8416,22,,,0,28,,8417,22,,,0,25,,8418,22,,,0,65,,8419,22,,,0,25,,8420,22,,,0,65,,8421,22,,,0,26,,8422,22,,,0,65,,8423,22,,,0,25,,8424,22,,,0,25,,8425,22,,,0,65,,8426,22,,,0,25,,8427,22,,,0,15,,8428,22,,,0,55,,8429,22,,,0,15,,8430,22,,,0,15,,8431,22,,,0,15,,8432,22,,,0,55,,8433,22,,,0,15,,8434,22,,,0,15,,8435,22,,,0,15,,8436,22,,,0,55,,8437,22,,,0,15,,8438,22,,,0,15,,8439,22,,,0,15,,8440,22,,,0,60,,8441,22,,,0,20,,8442,22,,,0,20,,8443,22,,,0,60,,8444,22,,,0,19,,8445,22,,,0,20,,8446,22,,,0,60,,8447,22,,,0,25,,8448,22,,,0,70,,8449,22,,,0,28,,8450,22,,,0,69,,8451,22,,,0,29,,8452,22,,,0
1701,'5566',627,,8973,3,0,29 23,0,75,,8974,3,0,29 23,0,50,,8975,3,0,29 23,0,766,,8976,3,0,29 23,0,85,,8977,3,0,29 23,0,46,,8978,3,0,29 23,0,86,,8979,3,0,29 23,0,83,,8980,3,0,29 23,0
2101,'5475',2034,,9016,3,,,0,170,,9017,3,,,0,135,,9018,3,,,0
2101,'5527',724,,9027,3,,,0,126,,9028,3,,,0,178,,9026,3,,,0,127,,9022,3,,,0,164,,9020,3,,,0,107,,9021,3,,,0,100,,9023,3,,,0,102,,9024,3,,,0,131,,9025,3,,,0,172,,9019,3,,,0
2101,'5565',802,,9037,3,,,0,100,,9029,3,,,0,133,,9030,3,,,0,171,,9031,3,,,0,133,,9032,3,,,0,175,,9033,3,,,0,130,,9034,3,,,0,168,,9035,3,,,0,126,,9036,3,,,0
2101,'5566',553,,9038,3,,,0,85,,9039,3,,,0,167,,9040,3,,,0,46,,9041,3,,,0,91,,9042,3,,,0,91,,9043,3,,,0,125,,9044,3,,,0,166,,9045,3,,,0,97,,9046,3,,,0,35,,9047,3,,,0,153,,9048,3,,,0,45,,9049,3,,,0,148,,9050,3,,,0,122,,9051,3,,,0
2201,'5566',742,,9052,3,,,0,685,,9053,3,,,0
1002101,'5566',713,,10236,3,,,0
