301,'5475',2430,,8526,9,,,0,100,,8527,9,,,0,100,,8528,9,,,0,100,,8529,9,0,17 10,0
301,'5527',548,,8556,9,,,0,93,,8555,9,,,0,91,,8554,9,,,0,100,,8557,9,,,0,91,,8531,9,,,0,30,,8532,9,,,0,80,,8533,9,,,0,76,,8534,9,,,0,30,,8535,9,,,0,75,,8536,9,,,0,35,,8537,9,,,0,76,,8538,9,,,0,80,,8539,9,,,0,35,,8540,9,,,0,75,,8541,9,,,0,39,,8542,9,,,0,75,,8543,9,,,0,30,,8544,9,,,0,75,,8545,9,,,0,75,,8546,9,,,0,34,,8547,9,,,0,85,,8548,9,,,0,75,,8549,9,,,0,35,,8550,9,,,0,89,,8551,9,,,0,100,,8552,9,,,0,98,,8553,9,0,17 10,0
301,'5565',610,,8561,9,,,0,101,,8562,9,,,0,95,,8564,9,,,0,50,,8573,9,,,0,97,,8559,9,,,0,95,,8565,9,,,0,96,,8566,9,,,0,95,,8563,9,,,0,100,,8567,9,,,0,100,,8568,9,,,0,100,,8569,9,,,0,100,,8570,9,,,0,105,,8571,9,,,0,95,,8572,9,,,0,94,,8558,9,,,0,100,,8560,9,0,17 10,0
301,'5566',547,,8574,9,,,0,80,,8575,9,,,0,75,,8576,9,,,0,31,,8577,9,,,0,75,,8578,9,,,0,35,,8579,9,,,0,75,,8580,9,,,0,35,,8581,9,,,0,75,,8582,9,,,0,75,,8583,9,,,0,36,,8584,9,,,0,75,,8585,9,,,0,35,,8586,9,,,0,76,,8587,9,,,0,75,,8588,9,,,0,40,,8589,9,,,0,75,,8590,9,,,0,35,,8591,9,,,0,80,,8592,9,,,0,74,,8593,9,,,0,34,,8594,9,,,0,75,,8595,9,,,0,34,,8596,9,,,0,75,,8597,9,,,0,35,,8598,9,,,0,70,,8599,9,,,0,100,,8600,9,,,0,100,,8601,9,,,0,98,,8602,9,0,17 10,0
700,'5527',554,,8858,49,,,0,100,,8859,49,,,0,202,,8860,49,,,0,202,,8861,49,,,0,200,,8862,49,,,0,201,,8863,41,,,0,200,,8864,49,,,0,199,,8865,41,,,0,199,,8866,49,,,0,266,,8867,41,,,0
700,'5565',553,,8875,41,,,0,100,,8869,41,,,0,202,,8868,41,,,0,201,,8870,41,,,0,201,,8871,41,,,0,201,,8872,41,,,0,200,,8873,41,,,0,198,,8874,41,,,0
700,'5566',642,,8876,41,,,0,216,,8877,41,,,0,200,,8878,41,,,0,200,,8879,41,,,0,242,,8880,41,,,0,159,,8881,41,,,0,197,,8882,41,,,0,199,,8883,41,,,0,268,,8884,41,,,0
1000700,'5475',2355,,10205,45,0,17 10,0,100,,10206,45,0,17 10,0,100,,10207,45,0,17 10,0,100,,10208,45,0,17 10,0
1000700,'5527',756,,10209,53,0,17 10,0,244,,10210,53,,,0,200,,10211,53,0,17 10,0,200,,10212,53,0,17 10,0,201,,10213,45,,,0,199,,10214,53,0,17 10,0,158,,10215,53,0,17 10,0,198,,10216,53,,,0
1000700,'5565',758,,10218,45,0,17 10,0,200,,10217,45,0,17 10,0,201,,10219,45,0,17 10,0,200,,10221,45,0,17 10,0,241,,10220,45,0,17 10,0,159,,10222,45,0,17 10,0,198,,10223,45,0,17 10,0
1000700,'5566',800,,10224,45,0,17 10,0,15,,10225,45,0,17 10,0,185,,10226,45,0,17 10,0,200,,10227,45,0,17 10,0,159,,10228,45,0,17 10,0,243,,10229,45,0,17 10,0,29,,10230,45,0,17 10,0,170,,10231,45,0,17 10,0,157,,10232,45,0,17 10,0,198,,10233,45,0,17 10,0
