100,'5475',2324,,8001,31,,,0,30,,8002,31,,,0,70,,8003,31,,,0,30,,8004,31,,,0,70,,8005,31,,,0,30,,8006,31,,,0,70,,8007,31,,,0,30,,8008,31,,,0,70,,8009,31,,,0
100,'5527',644,,8041,31,,,0,81,,8040,31,,,0,31,,8039,31,,,0,70,,8038,31,,,0,29,,8037,31,,,0,70,,8036,31,,,0,30,,8035,31,,,0,70,,8034,31,,,0,29,,8033,31,,,0,70,,8032,31,,,0,30,,8031,31,,,0,70,,8030,31,,,0,30,,8029,31,,,0,70,,8028,31,,,0,30,,8027,31,,,0,70,,8026,31,,,0,30,,8025,31,,,0,70,,8024,31,,,0,30,,8023,31,,,0,70,,8022,31,,,0,30,,8021,31,,,0,70,,8020,31,,,0,30,,8019,31,,,0,70,,8018,31,,,0,31,,8017,31,,,0,69,,8016,31,,,0,30,,8015,31,,,0,70,,8014,31,,,0,80,,8013,31,,,0,40,,8012,31,,,0,81,,8011,31,,,0,80,,8010,31,,,0
100,'5565',635,,8064,31,,,0,85,,8063,31,,,0,86,,8062,31,,,0,45,,8061,31,,,0,85,,8060,31,,,0,85,,8059,31,,,0,85,,8058,31,,,0,41,,8042,31,,,0,80,,8043,31,,,0,80,,8044,31,,,0,40,,8045,31,,,0,80,,8046,31,,,0,80,,8047,31,,,0,40,,8048,31,,,0,80,,8049,31,,,0,81,,8050,31,,,0,41,,8051,31,,,0,80,,8052,31,,,0,82,,8053,31,,,0,40,,8054,31,,,0,79,,8055,31,,,0,80,,8056,31,,,0,38,,8057,31,,,0,79,,8065,31,,,0
100,'5566',539,,8067,31,,,0,76,,8068,31,,,0,30,,8069,31,,,0,63,,8070,31,,,0,16,,8071,31,,,0,17,,8072,31,,,0,16,,8073,31,,,0,57,,8074,31,,,0,15,,8075,31,,,0,15,,8076,31,,,0,56,,8115,31,,,0,17,,8077,31,,,0,25,,8078,31,,,0,65,,8079,31,,,0,25,,8080,31,,,0,26,,8081,31,,,0,66,,8082,31,,,0,25,,8083,31,,,0,65,,8084,31,,,0,25,,8085,31,,,0,65,,8086,31,,,0,25,,8087,31,,,0,23,,8088,31,,,0,66,,8089,31,,,0,25,,8090,31,,,0,65,,8091,31,,,0,17,,8066,31,,,0,16,,8092,31,,,0,15,,8093,31,,,0,55,,8094,31,,,0,15,,8095,31,,,0,15,,8096,31,,,0,15,,8097,31,,,0,55,,8098,31,,,0,15,,8099,31,,,0,14,,8100,31,,,0,15,,8101,31,,,0,60,,8102,31,,,0,20,,8103,31,,,0,21,,8104,31,,,0,60,,8105,31,,,0,20,,8106,31,,,0,20,,8107,31,,,0,60,,8108,31,,,0,20,,8109,31,,,0,20,,8110,31,,,0,70,,8111,31,,,0,29,,8112,31,,,0,70,,8113,31,,,0,30,,8114,31,,,0
201,'5475',2301,,8341,12,,,0,30,,8342,12,,,0,70,,8343,12,,,0,30,,8344,12,,,0,70,,8345,12,,,0,30,,8346,12,,,0,70,,8347,12,,,0,30,,8348,12,,,0,70,,8349,12,,,0
201,'5527',638,,8350,12,,,0,85,,8351,12,,,0,78,,8352,12,,,0,30,,8353,12,,,0,70,,8354,12,,,0,31,,8355,12,,,0,70,,8356,12,,,0,30,,8357,12,,,0,70,,8358,12,,,0,32,,8359,12,,,0,69,,8360,12,,,0,31,,8361,12,,,0,70,,8362,12,,,0,30,,8363,12,,,0,71,,8364,12,,,0,30,,8365,12,,,0,69,,8366,12,,,0,30,,8367,12,,,0,71,,8368,12,,,0,30,,8369,12,,,0,69,,8370,12,,,0,30,,8371,12,,,0,70,,8372,12,,,0,30,,8373,12,,,0,69,,8374,12,,,0,28,,8375,12,,,0,69,,8376,12,,,0,31,,8377,12,,,0,75,,8378,12,,,0,40,,8379,12,,,0,80,,8380,12,,,0
201,'5565',638,,8381,12,,,0,85,,8382,12,,,0,85,,8383,12,,,0,45,,8384,12,,,0,85,,8385,12,,,0,85,,8386,12,,,0,84,,8387,12,,,0,45,,8388,12,,,0,81,,8389,12,,,0,80,,8390,12,,,0,40,,8391,12,,,0,80,,8392,12,,,0,80,,8393,12,,,0,40,,8394,12,,,0,80,,8395,12,,,0,80,,8396,12,,,0,40,,8397,12,,,0,80,,8398,12,,,0,80,,8399,12,,,0,41,,8400,12,,,0,78,,8401,12,,,0,92,,8402,12,,,0
201,'5566',506,,8404,12,,,0,46,,8405,12,,,0,65,,8406,12,,,0,34,,8407,12,,,0,58,,8408,12,,,0,17,,8409,12,,,0,14,,8410,12,,,0,15,,8411,12,,,0,57,,8412,12,,,0,21,,8413,12,,,0,25,,8414,12,,,0,70,,8415,12,,,0,28,,8416,12,,,0,67,,8417,12,,,0,25,,8418,12,,,0,64,,8419,12,,,0,25,,8420,12,,,0,65,,8421,12,,,0,26,,8422,12,,,0,25,,8423,12,,,0,65,,8424,12,,,0,25,,8425,12,,,0,65,,8426,12,,,0,21,,8427,12,,,0,14,,8403,12,0,9 10,0,5,,8428,12,,,0,55,,8429,12,,,0,15,,8430,12,,,0,15,,8431,12,,,0,15,,8432,12,,,0,55,,8433,12,,,0,15,,8434,12,,,0,15,,8435,12,,,0,15,,8436,12,,,0,56,,8437,12,,,0,15,,8438,12,,,0,15,,8439,12,,,0,15,,8440,12,,,0,60,,8441,12,,,0,20,,8442,12,,,0,20,,8443,12,,,0,60,,8444,12,,,0,20,,8445,12,,,0,20,,8446,12,,,0,60,,8447,12,,,0,25,,8448,12,,,0,70,,8449,12,,,0,28,,8450,12,,,0,70,,8451,12,,,0,29,,8452,12,,,0
300,'5475',2403,,8453,25,,,0,100,,8454,25,,,0,100,,8455,25,,,0,100,,8456,25,,,0
300,'5527',613,,8481,25,,,0,89,,8480,25,,,0,99,,8482,25,,,0,49,,8457,25,,,0,69,,8458,25,,,0,40,,8459,25,,,0,75,,8461,25,,,0,70,,8462,25,,,0,35,,8463,25,,,0,74,,8460,25,,,0,35,,8464,25,,,0,80,,8465,25,,,0,75,,8466,25,,,0,35,,8467,25,,,0,80,,8468,25,,,0,35,,8469,25,,,0,70,,8470,25,,,0,35,,8471,25,,,0,76,,8472,25,,,0,75,,8473,25,,,0,47,,8474,25,,,0,75,,8475,25,,,0,75,,8476,25,,,0,50,,8477,25,,,0,101,,8478,25,,,0,100,,8479,25,,,0
300,'5565',642,,8483,25,,,0,95,,8484,25,,,0,88,,8497,25,,,0,94,,8486,25,,,0,95,,8487,25,,,0,95,,8488,25,,,0,95,,8485,25,,,0,99,,8489,25,,,0,100,,8490,25,,,0,100,,8491,25,,,0,100,,8492,25,,,0,105,,8493,25,,,0,96,,8494,25,,,0,96,,8495,25,,,0,102,,8496,25,,,0
300,'5566',600,,8498,25,,,0,31,,8499,25,,,0,70,,8500,25,,,0,34,,8501,25,,,0,74,,8502,25,,,0,35,,8503,25,,,0,75,,8504,25,,,0,35,,8505,25,,,0,75,,8506,25,,,0,75,,8507,25,,,0,35,,8508,25,,,0,74,,8509,25,,,0,35,,8510,25,,,0,75,,8511,25,,,0,79,,8512,25,,,0,35,,8513,25,,,0,74,,8514,25,,,0,40,,8515,25,,,0,74,,8516,25,,,0,75,,8517,25,,,0,38,,8518,25,,,0,76,,8519,25,,,0,36,,8520,25,,,0,75,,8521,25,,,0,31,,8522,25,,,0,101,,8523,25,,,0,100,,8524,25,,,0,144,,8525,25,,,0
401,'5475',2341,,8603,46,,,0,100,,8604,46,,,0,100,,8605,46,,,0,100,,8606,46,,,0
401,'5527',625,,8617,46,,,0,108,,8620,46,,,0,102,,8621,46,,,0,100,,8607,46,,,0,101,,8622,46,,,0,101,,8618,46,,,0,101,,8616,46,,,0,100,,8615,46,,,0,100,,8614,46,,,0,100,,8611,46,,,0,100,,8623,46,,,0,98,,8613,46,,,0,100,,8612,46,,,0,100,,8610,46,,,0,99,,8609,46,,,0,100,,8608,46,,,0,122,,8619,46,,,0
401,'5565',625,,8637,46,,,0,107,,8624,46,,,0,103,,8625,46,,,0,100,,8626,46,,,0,100,,8627,46,,,0,100,,8628,46,,,0,103,,8629,46,,,0,100,,8630,46,,,0,100,,8631,46,,,0,99,,8632,46,,,0,99,,8633,46,,,0,100,,8634,46,,,0,100,,8635,46,,,0,100,,8636,46,,,0
401,'5566',627,,8638,46,,,0,110,,8639,46,,,0,20,,8640,46,,,0,84,,8641,46,,,0,97,,8642,46,,,0,100,,8643,46,,,0,101,,8644,46,,,0,101,,8645,46,,,0,99,,8646,46,,,0,103,,8647,46,,,0,64,,8648,46,,,0,37,,8649,46,,,0,102,,8650,46,,,0,98,,8651,46,,,0,96,,8652,46,,,0,97,,8653,46,,,0,100,,8654,46,,,0,99,,8655,46,,,0,122,,8656,46,,,0
700,'5527',530,,8858,8,0,22 23,0,100,,8859,8,0,22 23,0,199,,8860,8,0,22 23,0,200,,8861,8,0,22 23,0,200,,8862,8,0,22 23,0,400,,8864,8,0,22 23,0,401,,8866,8,0,22 23,0
900,'5475',2326,,8885,52,0,17 10,0,100,,8886,52,0,17 10,0,100,,8887,52,0,17 10,0,100,,8888,52,0,17 10,0,100,,8889,52,0,17 10,0
900,'5527',710,,8890,52,,,0,101,,8891,52,,,0,100,,8892,52,,,0,102,,8893,52,,,0,107,,8894,52,,,0,95,,8895,52,,,0,107,,8896,52,,,0,99,,8897,52,0,17 10,0,100,,8898,52,0,17 10,0,100,,8899,52,,,0,104,,8900,61,,,0,96,,8901,52,0,17 10,0,98,,8902,52,,,0,94,,8903,52,,,0,99,,8904,52,,,0,105,,8905,52,0,17 10,0
900,'5565',712,,8907,52,0,17 10,0,100,,8908,52,0,17 10,0,101,,8909,52,0,17 10,0,100,,8906,52,0,17 10,0,107,,8910,52,0,17 10,0,95,,8911,52,0,17 10,0,105,,8912,52,0,17 10,0,99,,8913,52,0,17 10,0,100,,8914,52,0,17 10,0,100,,8915,52,0,17 10,0,100,,8916,52,0,17 10,0,100,,8917,52,0,17 10,0,100,,8918,52,0,17 10,0,94,,8919,52,0,17 10,0
900,'5566',612,,8920,52,0,17 10,0,108,,8921,52,0,17 10,0,100,,8922,52,0,17 10,0,102,,8923,52,0,17 10,0,99,,8924,52,0,17 10,0,101,,8925,52,0,17 10,0,101,,8926,52,0,17 10,0,100,,8927,52,0,17 10,0,101,,8928,52,0,17 10,0,100,,8929,52,0,17 10,0,100,,8930,52,0,17 10,0,101,,8931,52,0,17 10,0,99,,8932,52,0,17 10,0,98,,8933,52,0,17 10,0,99,,8934,52,0,17 10,0,99,,8935,52,0,17 10,0,98,,8936,52,0,17 10,0
1501,'5527',953,,8959,46,,,0,172,,8960,46,,,0,430,,8961,46,,,0,171,,8962,46,,,0
1501,'5566',648,,8967,46,,,0,82,,8968,46,,,0,125,,8966,46,,,0,684,,8964,46,,,0,205,,8965,46,,,0,87,,8963,46,,,0
1600,'5566',805,,8971,38,,,0,123,,8972,38,,,0,689,,8969,38,,,0,41,,8970,38,,,0
2600,'5566',1523,,9056,54,0,9 10 11,0
2601,'5566',805,,9057,65,0,9 10 11,0
1000700,'5527',730,,10209,8,0,24,0,199,,10210,8,0,24,0,200,,10211,8,0,24,0,200,,10212,8,0,24,0,400,,10214,8,0,24,0,201,,10215,8,0,24,0,200,,10216,8,0,24,0
