100,'5475',2317,,8001,19,,,0,30,,8002,19,,,0,70,,8003,19,,,0,30,,8004,19,,,0,70,,8005,19,,,0,30,,8006,19,,,0,70,,8007,19,,,0,30,,8008,19,,,0,70,,8009,19,,,0
100,'5527',636,,8041,19,,,0,81,,8040,19,,,0,29,,8039,19,,,0,70,,8038,19,,,0,29,,8037,19,,,0,70,,8036,19,,,0,30,,8035,19,,,0,69,,8034,19,,,0,28,,8033,19,,,0,70,,8032,19,,,0,30,,8031,19,,,0,70,,8030,19,,,0,30,,8029,19,,,0,70,,8028,19,,,0,30,,8027,19,,,0,70,,8026,19,,,0,30,,8025,19,,,0,70,,8024,19,,,0,30,,8023,19,,,0,70,,8022,19,,,0,30,,8021,19,,,0,70,,8020,19,,,0,30,,8019,19,,,0,70,,8018,19,,,0,32,,8017,19,,,0,70,,8016,19,,,0,31,,8015,19,,,0,70,,8014,19,,,0,40,,8013,19,,,0,81,,8012,19,,,0,81,,8011,19,,,0,40,,8010,19,,,0
100,'5565',628,,8064,19,,,0,85,,8063,19,,,0,44,,8062,19,,,0,85,,8061,19,,,0,85,,8060,19,,,0,85,,8059,19,,,0,44,,8058,19,,,0,81,,8042,19,,,0,79,,8043,19,,,0,40,,8044,19,,,0,80,,8045,19,,,0,80,,8046,19,,,0,40,,8047,19,,,0,80,,8048,19,,,0,80,,8049,19,,,0,41,,8050,19,,,0,81,,8051,19,,,0,81,,8052,19,,,0,82,,8053,19,,,0,40,,8054,19,,,0,80,,8055,19,,,0,80,,8056,19,,,0,38,,8057,19,,,0,81,,8065,19,,,0
100,'5566',532,,8067,19,,,0,75,,8068,19,,,0,30,,8069,19,,,0,22,,8070,19,,,0,56,,8071,19,,,0,16,,8072,19,,,0,16,,8073,19,,,0,57,,8074,19,,,0,15,,8075,19,,,0,15,,8076,19,,,0,16,,8115,19,,,0,57,,8077,19,,,0,25,,8078,19,,,0,25,,8079,19,,,0,65,,8080,19,,,0,24,,8081,19,,,0,66,,8082,19,,,0,25,,8083,19,,,0,65,,8084,19,,,0,25,,8085,19,,,0,25,,8086,19,,,0,65,,8087,19,,,0,23,,8088,19,,,0,65,,8089,19,,,0,25,,8090,19,,,0,25,,8091,19,,,0,57,,8066,19,,,0,16,,8092,19,,,0,15,,8093,19,,,0,15,,8094,19,,,0,55,,8095,19,,,0,15,,8096,19,,,0,15,,8097,19,,,0,15,,8098,19,,,0,55,,8099,19,,,0,15,,8100,19,,,0,16,,8101,19,,,0,61,,8102,19,,,0,20,,8103,19,,,0,21,,8104,19,,,0,60,,8105,19,,,0,20,,8106,19,,,0,20,,8107,19,,,0,60,,8108,19,,,0,20,,8109,19,,,0,20,,8110,19,,,0,70,,8111,19,,,0,30,,8112,19,,,0,71,,8113,19,,,0,30,,8114,19,,,0
200,'5475',2302,,8228,24,,,0,30,,8229,24,,,0,70,,8230,24,,,0,30,,8231,24,,,0,70,,8232,24,,,0,30,,8233,24,,,0,70,,8234,24,,,0,30,,8235,24,,,0,70,,8236,24,,,0,30,,8237,24,0,17 10,0
200,'5527',614,,8238,24,,,0,44,,8239,24,,,0,74,,8240,24,,,0,69,,8241,24,,,0,30,,8242,24,,,0,69,,8243,24,,,0,30,,8244,24,,,0,70,,8245,24,,,0,29,,8246,24,,,0,28,,8247,24,,,0,70,,8248,24,,,0,30,,8249,24,,,0,70,,8250,24,,,0,30,,8251,24,,,0,70,,8252,24,,,0,30,,8253,24,,,0,70,,8254,24,,,0,30,,8255,24,,,0,70,,8256,24,,,0,30,,8257,24,,,0,70,,8258,24,,,0,30,,8259,24,,,0,70,,8260,24,,,0,30,,8261,24,,,0,72,,8262,24,,,0,30,,8263,24,,,0,71,,8264,24,,,0,70,,8265,24,,,0,35,,8266,24,,,0,83,,8267,24,,,0,82,,8268,24,,,0,36,,8269,24,,,0
200,'5565',650,,8291,24,,,0,85,,8290,24,,,0,85,,8289,24,,,0,85,,8288,24,,,0,44,,8287,24,,,0,85,,8286,24,,,0,82,,8285,24,,,0,40,,8270,24,,,0,80,,8271,24,,,0,80,,8272,24,,,0,40,,8273,24,,,0,80,,8274,24,,,0,80,,8275,24,,,0,40,,8276,24,,,0,81,,8277,24,,,0,81,,8278,24,,,0,41,,8279,24,,,0,80,,8280,24,,,0,82,,8281,24,,,0,82,,8282,24,,,0,38,,8283,24,,,0,83,,8284,24,,,0
200,'5566',551,,8292,24,,,0,71,,8293,24,,,0,28,,8294,24,,,0,58,,8295,24,,,0,16,,8296,24,,,0,15,,8297,24,,,0,17,,8298,24,,,0,56,,8299,24,,,0,15,,8300,24,,,0,15,,8301,24,,,0,17,,8340,24,,,0,61,,8302,24,,,0,24,,8303,24,,,0,65,,8304,24,,,0,25,,8305,24,,,0,25,,8306,24,,,0,66,,8307,24,,,0,25,,8308,24,,,0,65,,8309,24,,,0,25,,8310,24,,,0,66,,8311,24,,,0,23,,8312,24,,,0,23,,8313,24,,,0,65,,8314,24,,,0,25,,8315,24,,,0,63,,8316,24,,,0,15,,8317,24,,,0,16,,8318,24,,,0,15,,8319,24,,,0,55,,8320,24,,,0,15,,8321,24,,,0,15,,8322,24,,,0,15,,8323,24,,,0,55,,8324,24,,,0,16,,8325,24,,,0,15,,8326,24,,,0,18,,8327,24,,,0,60,,8328,24,,,0,20,,8329,24,,,0,21,,8330,24,,,0,60,,8331,24,,,0,20,,8332,24,,,0,20,,8333,24,,,0,60,,8334,24,,,0,20,,8335,24,,,0,65,,8336,24,,,0,31,,8337,24,,,0,70,,8338,24,,,0,30,,8339,24,,,0
1701,'5566',650,,8973,36,,,0,76,,8974,36,,,0,95,,8975,36,,,0,729,,8976,36,,,0,84,,8977,36,,,0,86,,8978,36,,,0,81,,8979,36,,,0,41,,8980,36,,,0
2100,'5475',2137,,8981,28,,,0,170,,8982,28,,,0,135,,8983,28,,,0
2100,'5527',830,,8991,28,,,0,126,,8993,28,,,0,181,,8992,28,,,0,170,,8987,28,,,0,125,,8988,28,,,0,106,,8989,28,,,0,100,,8990,28,,,0,100,,8985,28,,,0,168,,8986,28,,,0,132,,8984,28,,,0
2100,'5565',901,,9001,28,,,0,106,,9002,28,,,0,133,,8994,28,,,0,172,,8996,28,,,0,134,,8995,28,,,0,176,,8997,28,,,0,130,,8998,28,,,0,165,,8999,28,,,0,125,,9000,28,,,0
2100,'5566',659,,9003,28,,,0,88,,9004,28,,,0,85,,9005,28,,,0,86,,9006,28,,,0,89,,9007,28,,,0,46,,9008,28,,,0,93,,9009,28,,,0,168,,9010,28,,,0,128,,9011,28,,,0,285,,9012,28,,,0,82,,9013,28,,,0,101,,9014,28,,,0,119,,9015,28,,,0
2201,'5566',812,,9052,28,,,0,691,,9053,28,,,0
1002100,'5566',1552,,10234,33,,,0,77,,10235,33,,,0
