401,'5475',2315,,8603,1,0,27,0,100,,8604,1,0,27,0,100,,8605,1,0,27,0,100,,8606,1,0,27,0
401,'5527',600,,8617,1,0,27,0,108,,8620,1,0,27,0,100,,8621,1,0,27,0,100,,8607,1,0,27,0,100,,8622,1,0,27,0,100,,8618,1,0,27,0,100,,8616,1,0,27,0,100,,8615,1,0,27,0,100,,8614,1,0,27,0,100,,8611,1,0,27,0,100,,8623,1,0,27,0,100,,8613,1,0,27,0,100,,8612,1,0,27,0,100,,8610,1,0,27,0,100,,8609,1,0,27,0,100,,8608,1,0,27,0,121,,8619,1,0,27,0
401,'5565',600,,8637,1,0,27,0,108,,8624,1,0,27,0,100,,8625,1,0,27,0,100,,8626,1,0,27,0,100,,8627,1,0,27,0,100,,8628,1,0,27,0,101,,8629,1,0,27,0,100,,8630,1,0,27,0,100,,8631,1,0,27,0,99,,8632,1,0,27,0,100,,8633,1,0,27,0,100,,8634,1,0,27,0,100,,8635,1,0,27,0,100,,8636,1,0,27,0
401,'5566',600,,8638,1,0,27,0,108,,8639,1,0,27,0,17,,8640,1,0,27,0,85,,8641,1,0,27,0,99,,8642,1,0,27,0,100,,8643,1,0,27,0,100,,8644,1,0,27,0,100,,8645,1,0,27,0,99,,8646,1,0,27,0,101,,8647,1,0,27,0,21,,8648,1,0,27,0,80,,8649,1,0,27,0,102,,8650,1,0,27,0,98,,8651,1,0,27,0,100,,8652,1,0,27,0,98,,8653,1,0,27,0,100,,8654,1,0,27,0,100,,8655,1,0,27,0,122,,8656,1,0,27,0
900,'5475',2300,,8885,1,0,34 2 13 14,0,100,,8886,1,0,34 2 13 14,0,100,,8887,1,0,34 2 13 14,0,100,,8888,1,0,34 2 13 14,0,100,,8889,1,0,34 2 13 14,0
900,'5527',645,,8890,1,0,34 2 13 14,0,100,,8891,1,0,34 2 13 14,0,100,,8892,1,0,34 2 13 14,0,100,,8893,1,0,34 2 13 14,0,105,,8894,1,0,34 2 13 14,0,95,,8895,1,0,34 2 13 14,0,105,,8896,1,0,34 2 13 14,0,100,,8897,1,0,34 2 13 14,0,100,,8898,1,0,34 2 13 14,0,100,,8899,1,0,34 2 13 14,0,104,,8900,10,0,34 2 13 14,0,96,,8901,1,0,34 2 13 14,0,100,,8902,1,0,34 2 13 14,0,95,,8903,1,0,34 2 13 14,0,100,,8904,1,0,34 2 13 14,0,105,,8905,1,0,34 2 13 14,0
900,'5565',645,,8907,1,0,34 2 13 14,0,100,,8908,1,0,34 2 13 14,0,100,,8909,1,0,34 2 13 14,0,100,,8906,1,0,34 2 13 14,0,105,,8910,1,0,34 2 13 14,0,95,,8911,1,0,34 2 13 14,0,105,,8912,1,0,34 2 13 14,0,100,,8913,1,0,34 2 13 14,0,100,,8914,1,0,34 2 13 14,0,100,,8915,1,0,34 2 13 14,0,100,,8916,1,0,34 2 13 14,0,100,,8917,1,0,34 2 13 14,0,100,,8918,1,0,34 2 13 14,0,95,,8919,1,0,34 2 13 14,0
900,'5566',544,,8920,1,0,34 2 13 14,0,108,,8921,1,0,34 2 13 14,0,93,,8922,1,0,34 2 13 14,0,107,,8923,1,0,34 2 13 14,0,100,,8924,1,0,34 2 13 14,0,100,,8925,1,0,34 2 13 14,0,100,,8926,1,0,34 2 13 14,0,100,,8927,1,0,34 2 13 14,0,100,,8928,1,0,34 2 13 14,0,96,,8929,1,0,34 2 13 14,0,102,,8930,1,0,34 2 13 14,0,101,,8931,1,0,34 2 13 14,0,102,,8932,1,0,34 2 13 14,0,99,,8933,1,0,34 2 13 14,0,100,,8934,1,0,34 2 13 14,0,100,,8935,1,0,34 2 13 14,0,100,,8936,1,0,34 2 13 14,0
1501,'5527',920,,8959,1,0,18,0,130,,8960,1,0,18,0,470,,8961,1,0,18,0,130,,8962,1,0,18,0
1501,'5566',615,,8967,1,0,18,0,40,,8968,1,0,18,0,160,,8966,1,0,18,0,685,,8964,1,0,18,0,205,,8965,1,0,18,0,50,,8963,1,0,18,0
