601,'5475',2442,,8801,35,,,0,100,,8802,35,,,0,100,,8803,35,,,0
601,'5527',608,,8806,35,,,0,96,,8807,35,,,0,101,,8805,35,,,0,103,,8808,35,,,0,102,,8809,35,,,0,95,,8810,35,,,0,100,,8811,35,,,0,101,,8812,35,,,0,101,,8813,35,,,0,99,,8814,35,,,0,99,,8815,35,,,0,100,,8816,35,,,0,104,,8817,35,,,0,103,,8818,35,,,0,95,,8819,35,,,0,109,,8820,35,,,0,113,,8821,35,,,0,109,,8804,35,,,0
601,'5565',603,,8822,35,,,0,111,,8823,35,,,0,105,,8824,35,,,0,112,,8825,35,,,0,81,,8827,35,,,0,101,,8828,35,,,0,90,,8829,35,,,0,100,,8826,35,,,0,100,,8830,35,,,0,100,,8831,35,,,0,100,,8832,35,,,0,100,,8833,35,,,0,104,,8834,35,,,0,119,,8835,35,,,0,110,,8836,35,,,0
601,'5566',606,,8837,35,,,0,39,,8838,35,,,0,78,,8839,35,,,0,79,,8840,35,,,0,45,,8841,35,,,0,78,,8842,35,,,0,75,,8843,35,,,0,117,,8844,35,,,0,120,,8845,35,,,0,165,,8846,35,,,0,49,,8847,35,,,0,81,,8848,35,,,0,87,,8849,35,,,0,83,,8850,35,,,0,40,,8851,35,,,0,83,,8852,35,,,0,81,,8853,35,,,0,101,,8854,35,,,0,109,,8855,35,,,0,113,,8856,35,,,0,108,,8857,35,,,0
1701,'5566',632,,8973,9,0,29 23,0,75,,8974,9,0,29 23,0,51,,8975,9,0,29 23,0,767,,8976,9,0,29 23,0,85,,8977,9,0,29 23,0,46,,8978,9,0,29 23,0,85,,8979,9,0,29 23,0,82,,8980,9,0,29 23,0
2101,'5475',2039,,9016,9,,,0,170,,9017,9,,,0,135,,9018,9,,,0
2101,'5527',729,,9027,9,,,0,126,,9028,9,,,0,179,,9026,9,,,0,168,,9022,9,,,0,124,,9020,9,,,0,107,,9021,9,,,0,100,,9023,9,,,0,102,,9024,9,,,0,170,,9025,9,,,0,131,,9019,9,,,0
2101,'5565',805,,9037,9,,,0,101,,9029,9,,,0,134,,9030,9,,,0,172,,9031,9,,,0,133,,9032,9,,,0,175,,9033,9,,,0,130,,9034,9,,,0,167,,9035,9,,,0,126,,9036,9,,,0
2101,'5566',558,,9038,9,,,0,85,,9039,9,,,0,168,,9040,9,,,0,46,,9041,9,,,0,91,,9042,9,,,0,91,,9043,9,,,0,166,,9044,9,,,0,126,,9045,9,,,0,97,,9046,9,,,0,76,,9047,9,,,0,112,,9048,9,,,0,85,,9049,9,,,0,107,,9050,9,,,0,121,,9051,9,,,0
2401,'5566',802,,9055,34,0,15 16 11,0
1002101,'5566',719,,10236,9,,,0
