100,'5475',2319,,8001,23,,,0,30,,8002,23,,,0,70,,8003,23,,,0,30,,8004,23,,,0,70,,8005,23,,,0,30,,8006,23,,,0,70,,8007,23,,,0,30,,8008,23,,,0,70,,8009,23,,,0
100,'5527',638,,8041,23,,,0,81,,8040,23,,,0,30,,8039,23,,,0,70,,8038,23,,,0,29,,8037,23,,,0,70,,8036,23,,,0,30,,8035,23,,,0,70,,8034,23,,,0,28,,8033,23,,,0,70,,8032,23,,,0,30,,8031,23,,,0,70,,8030,23,,,0,30,,8029,23,,,0,70,,8028,23,,,0,30,,8027,23,,,0,70,,8026,23,,,0,30,,8025,23,,,0,70,,8024,23,,,0,30,,8023,23,,,0,70,,8022,23,,,0,30,,8021,23,,,0,70,,8020,23,,,0,30,,8019,23,,,0,70,,8018,23,,,0,31,,8017,23,,,0,70,,8016,23,,,0,31,,8015,23,,,0,70,,8014,23,,,0,40,,8013,23,,,0,80,,8012,23,,,0,81,,8011,23,,,0,40,,8010,23,,,0
100,'5565',630,,8064,23,,,0,85,,8063,23,,,0,85,,8062,23,,,0,45,,8061,23,,,0,85,,8060,23,,,0,85,,8059,23,,,0,44,,8058,23,,,0,81,,8042,23,,,0,80,,8043,23,,,0,80,,8044,23,,,0,40,,8045,23,,,0,80,,8046,23,,,0,80,,8047,23,,,0,40,,8048,23,,,0,80,,8049,23,,,0,81,,8050,23,,,0,41,,8051,23,,,0,80,,8052,23,,,0,82,,8053,23,,,0,40,,8054,23,,,0,80,,8055,23,,,0,80,,8056,23,,,0,38,,8057,23,,,0,80,,8065,23,,,0
100,'5566',534,,8067,23,,,0,75,,8068,23,,,0,30,,8069,23,,,0,63,,8070,23,,,0,16,,8071,23,,,0,16,,8072,23,,,0,16,,8073,23,,,0,57,,8074,23,,,0,15,,8075,23,,,0,15,,8076,23,,,0,16,,8115,23,,,0,57,,8077,23,,,0,25,,8078,23,,,0,65,,8079,23,,,0,25,,8080,23,,,0,25,,8081,23,,,0,66,,8082,23,,,0,25,,8083,23,,,0,65,,8084,23,,,0,25,,8085,23,,,0,25,,8086,23,,,0,65,,8087,23,,,0,23,,8088,23,,,0,65,,8089,23,,,0,25,,8090,23,,,0,24,,8091,23,,,0,58,,8066,23,,,0,16,,8092,23,,,0,15,,8093,23,,,0,55,,8094,23,,,0,15,,8095,23,,,0,15,,8096,23,,,0,15,,8097,23,,,0,55,,8098,23,,,0,15,,8099,23,,,0,15,,8100,23,,,0,16,,8101,23,,,0,60,,8102,23,,,0,20,,8103,23,,,0,21,,8104,23,,,0,60,,8105,23,,,0,20,,8106,23,,,0,20,,8107,23,,,0,60,,8108,23,,,0,20,,8109,23,,,0,20,,8110,23,,,0,70,,8111,23,,,0,30,,8112,23,,,0,70,,8113,23,,,0,30,,8114,23,,,0
200,'5475',2304,,8228,28,,,0,30,,8229,28,,,0,70,,8230,28,,,0,30,,8231,28,,,0,70,,8232,28,,,0,30,,8233,28,,,0,70,,8234,28,,,0,30,,8235,28,,,0,70,,8236,28,,,0,30,,8237,28,0,17 10,0
200,'5527',616,,8238,28,,,0,84,,8239,28,,,0,34,,8240,28,,,0,70,,8241,28,,,0,30,,8242,28,,,0,69,,8243,28,,,0,30,,8244,28,,,0,70,,8245,28,,,0,30,,8246,28,,,0,68,,8247,28,,,0,30,,8248,28,,,0,70,,8249,28,,,0,30,,8250,28,,,0,70,,8251,28,,,0,30,,8252,28,,,0,70,,8253,28,,,0,30,,8254,28,,,0,70,,8255,28,,,0,30,,8256,28,,,0,70,,8257,28,,,0,30,,8258,28,,,0,70,,8259,28,,,0,30,,8260,28,,,0,70,,8261,28,,,0,31,,8262,28,,,0,70,,8263,28,,,0,31,,8264,28,,,0,70,,8265,28,,,0,35,,8266,28,,,0,83,,8267,28,,,0,82,,8268,28,,,0,36,,8269,28,,,0
200,'5565',652,,8291,28,,,0,85,,8290,28,,,0,85,,8289,28,,,0,85,,8288,28,,,0,45,,8287,28,,,0,85,,8286,28,,,0,83,,8285,28,,,0,80,,8270,28,,,0,40,,8271,28,,,0,80,,8272,28,,,0,80,,8273,28,,,0,40,,8274,28,,,0,80,,8275,28,,,0,80,,8276,28,,,0,41,,8277,28,,,0,81,,8278,28,,,0,80,,8279,28,,,0,40,,8280,28,,,0,82,,8281,28,,,0,82,,8282,28,,,0,38,,8283,28,,,0,82,,8284,28,,,0
200,'5566',553,,8292,28,,,0,71,,8293,28,,,0,28,,8294,28,,,0,58,,8295,28,,,0,16,,8296,28,,,0,16,,8297,28,,,0,17,,8298,28,,,0,56,,8299,28,,,0,15,,8300,28,,,0,15,,8301,28,,,0,57,,8340,28,,,0,21,,8302,28,,,0,25,,8303,28,,,0,65,,8304,28,,,0,25,,8305,28,,,0,65,,8306,28,,,0,26,,8307,28,,,0,25,,8308,28,,,0,65,,8309,28,,,0,25,,8310,28,,,0,65,,8311,28,,,0,23,,8312,28,,,0,23,,8313,28,,,0,65,,8314,28,,,0,25,,8315,28,,,0,63,,8316,28,,,0,16,,8317,28,,,0,16,,8318,28,,,0,15,,8319,28,,,0,55,,8320,28,,,0,15,,8321,28,,,0,15,,8322,28,,,0,15,,8323,28,,,0,55,,8324,28,,,0,15,,8325,28,,,0,15,,8326,28,,,0,18,,8327,28,,,0,60,,8328,28,,,0,20,,8329,28,,,0,21,,8330,28,,,0,60,,8331,28,,,0,20,,8332,28,,,0,20,,8333,28,,,0,60,,8334,28,,,0,20,,8335,28,,,0,65,,8336,28,,,0,30,,8337,28,,,0,70,,8338,28,,,0,30,,8339,28,,,0
601,'5475',2448,,8801,47,,,0,100,,8802,47,,,0,100,,8803,47,,,0
601,'5527',615,,8806,47,,,0,97,,8807,47,,,0,101,,8805,47,,,0,104,,8808,47,,,0,102,,8809,47,,,0,96,,8810,47,,,0,100,,8811,47,,,0,101,,8812,47,,,0,101,,8813,47,,,0,99,,8814,47,,,0,98,,8815,47,,,0,100,,8816,47,,,0,103,,8817,47,,,0,103,,8818,47,,,0,95,,8819,47,,,0,108,,8820,47,,,0,113,,8821,47,,,0,109,,8804,47,,,0
601,'5565',610,,8822,47,,,0,111,,8823,47,,,0,105,,8824,47,,,0,112,,8825,47,,,0,82,,8827,47,,,0,102,,8828,47,,,0,90,,8829,47,,,0,100,,8826,47,,,0,100,,8830,47,,,0,100,,8831,47,,,0,100,,8832,47,,,0,100,,8833,47,,,0,103,,8834,47,,,0,118,,8835,47,,,0,109,,8836,47,,,0
601,'5566',614,,8837,47,,,0,39,,8838,47,,,0,80,,8839,47,,,0,79,,8840,47,,,0,45,,8841,47,,,0,78,,8842,47,,,0,75,,8843,47,,,0,117,,8844,47,,,0,120,,8845,47,,,0,166,,8846,47,,,0,91,,8847,47,,,0,39,,8848,47,,,0,86,,8849,47,,,0,84,,8850,47,,,0,38,,8851,47,,,0,82,,8852,47,,,0,81,,8853,47,,,0,101,,8854,47,,,0,108,,8855,47,,,0,112,,8856,47,,,0,108,,8857,47,,,0
1701,'5566',653,,8973,40,,,0,76,,8974,40,,,0,95,,8975,40,,,0,729,,8976,40,,,0,84,,8977,40,,,0,86,,8978,40,,,0,82,,8979,40,,,0,40,,8980,40,,,0
2100,'5475',2140,,8981,32,,,0,170,,8982,32,,,0,135,,8983,32,,,0
2100,'5527',833,,8991,32,,,0,126,,8993,32,,,0,182,,8992,32,,,0,170,,8987,32,,,0,125,,8988,32,,,0,106,,8989,32,,,0,100,,8990,32,,,0,100,,8985,32,,,0,168,,8986,32,,,0,131,,8984,32,,,0
2100,'5565',904,,9001,32,,,0,106,,9002,32,,,0,133,,8994,32,,,0,172,,8996,32,,,0,135,,8995,32,,,0,176,,8997,32,,,0,129,,8998,32,,,0,165,,8999,32,,,0,124,,9000,32,,,0
2100,'5566',702,,9003,32,,,0,48,,9004,32,,,0,85,,9005,32,,,0,86,,9006,32,,,0,90,,9007,32,,,0,46,,9008,32,,,0,93,,9009,32,,,0,167,,9010,32,,,0,128,,9011,32,,,0,286,,9012,32,,,0,82,,9013,32,,,0,101,,9014,32,,,0,118,,9015,32,,,0
2201,'5566',816,,9052,32,,,0,691,,9053,32,,,0
1002100,'5566',1556,,10234,37,,,0,77,,10235,37,,,0
