300,'5475',2349,,8453,2,,,0,100,,8454,2,,,0,100,,8455,2,,,0,100,,8456,2,,,0
300,'5527',600,,8481,2,,,0,49,,8480,2,,,0,97,,8482,2,,,0,88,,8457,2,,,0,67,,8458,2,,,0,40,,8459,2,,,0,75,,8461,2,,,0,29,,8462,2,,,0,74,,8463,2,,,0,33,,8460,2,,,0,74,,8464,2,,,0,80,,8465,2,,,0,35,,8466,2,,,0,75,,8467,2,,,0,41,,8468,2,,,0,75,,8469,2,,,0,70,,8470,2,,,0,36,,8471,2,,,0,76,,8472,2,,,0,36,,8473,2,,,0,88,,8474,2,,,0,75,,8475,2,,,0,36,,8476,2,,,0,91,,8477,2,,,0,102,,8478,2,,,0,101,,8479,2,,,0
300,'5565',628,,8483,2,,,0,95,,8484,2,,,0,87,,8497,2,,,0,92,,8486,2,,,0,54,,8487,2,,,0,94,,8488,2,,,0,94,,8485,2,,,0,99,,8489,2,,,0,100,,8490,2,,,0,100,,8491,2,,,0,100,,8492,2,,,0,105,,8493,2,,,0,97,,8494,2,,,0,98,,8495,2,,,0,102,,8496,2,,,0
300,'5566',545,,8498,2,,,0,70,,8499,2,,,0,29,,8500,2,,,0,73,,8501,2,,,0,31,,8502,2,,,0,76,,8503,2,,,0,35,,8504,2,,,0,75,,8505,2,,,0,75,,8506,2,,,0,34,,8507,2,,,0,73,,8508,2,,,0,34,,8509,2,,,0,75,,8510,2,,,0,75,,8511,2,,,0,39,,8512,2,,,0,74,,8513,2,,,0,33,,8514,2,,,0,81,,8515,2,,,0,74,,8516,2,,,0,34,,8517,2,,,0,82,,8518,2,,,0,37,,8519,2,,,0,76,,8520,2,,,0,77,,8521,2,,,0,31,,8522,2,,,0,103,,8523,2,,,0,100,,8524,2,,,0,106,,8525,2,,,0
500,'5475',2354,,8657,2,,,0,100,,8658,2,,,0,100,,8659,2,,,0,100,,8660,2,,,0
500,'5527',612,,8685,2,,,0,95,,8684,2,,,0,51,,8683,2,,,0,142,,8686,2,,,0,52,,8661,2,,,0,71,,8662,2,,,0,82,,8663,2,,,0,37,,8664,2,,,0,70,,8666,2,,,0,35,,8667,2,,,0,75,,8668,2,,,0,36,,8665,2,,,0,80,,8669,2,,,0,76,,8670,2,,,0,35,,8671,2,,,0,79,,8672,2,,,0,74,,8673,2,,,0,30,,8674,2,,,0,74,,8675,2,,,0,35,,8676,2,,,0,73,,8677,2,,,0,43,,8678,2,,,0,74,,8679,2,,,0,75,,8680,2,,,0,48,,8681,2,,,0,99,,8682,2,,,0
500,'5565',635,,8687,2,,,0,102,,8688,2,,,0,95,,8689,2,,,0,90,,8701,2,,,0,100,,8690,2,,,0,95,,8691,2,,,0,98,,8693,2,,,0,96,,8694,2,,,0,100,,8695,2,,,0,101,,8692,2,,,0,101,,8696,2,,,0,98,,8697,2,,,0,104,,8698,2,,,0,95,,8699,2,,,0,91,,8700,2,,,0
500,'5566',609,,8702,2,,,0,43,,8703,2,,,0,77,,8704,2,,,0,75,,8705,2,,,0,35,,8706,2,,,0,75,,8707,2,,,0,34,,8708,2,,,0,76,,8709,2,,,0,35,,8710,2,,,0,76,,8711,2,,,0,77,,8712,2,,,0,36,,8713,2,,,0,75,,8714,2,,,0,36,,8715,2,,,0,77,,8716,2,,,0,81,,8717,2,,,0,34,,8718,2,,,0,75,,8719,2,,,0,81,,8720,2,,,0,31,,8721,2,,,0,73,,8722,2,,,0,33,,8723,2,,,0,74,,8724,2,,,0,32,,8725,2,,,0,75,,8726,2,,,0,30,,8727,2,,,0,99,,8728,2,,,0,98,,8729,2,,,0
1701,'5566',647,,8973,30,,,0,75,,8974,30,,,0,94,,8975,30,,,0,727,,8976,30,,,0,85,,8977,30,,,0,86,,8978,30,,,0,42,,8979,30,,,0,82,,8980,30,,,0
2100,'5475',2134,,8981,22,,,0,170,,8982,22,,,0,135,,8983,22,,,0
2100,'5527',827,,8991,22,,,0,125,,8993,22,,,0,180,,8992,22,,,0,170,,8987,22,,,0,125,,8988,22,,,0,106,,8989,22,,,0,100,,8990,22,,,0,100,,8985,22,,,0,169,,8986,22,,,0,133,,8984,22,,,0
2100,'5565',858,,9001,22,,,0,145,,9002,22,,,0,133,,8994,22,,,0,172,,8996,22,,,0,134,,8995,22,,,0,175,,8997,22,,,0,130,,8998,22,,,0,166,,8999,22,,,0,126,,9000,22,,,0
2100,'5566',656,,9003,22,,,0,87,,9004,22,,,0,84,,9005,22,,,0,86,,9006,22,,,0,89,,9007,22,,,0,46,,9008,22,,,0,93,,9009,22,,,0,167,,9010,22,,,0,128,,9011,22,,,0,286,,9012,22,,,0,82,,9013,22,,,0,101,,9014,22,,,0,120,,9015,22,,,0
2400,'5566',1441,,9054,9,0,15 16 11,0
1002100,'5566',1546,,10234,27,,,0,76,,10235,27,,,0
