301,'5475',2340,,8530,4,,,0,100,,8526,21,,,0,100,,8527,21,,,0,100,,8528,21,,,0
301,'5527',558,,8556,21,,,0,93,,8555,21,,,0,91,,8554,21,,,0,100,,8557,21,,,0,92,,8531,21,,,0,70,,8532,21,,,0,41,,8533,21,,,0,77,,8534,21,,,0,30,,8535,21,,,0,75,,8536,21,,,0,75,,8537,21,,,0,36,,8538,21,,,0,80,,8539,21,,,0,35,,8540,21,,,0,75,,8541,21,,,0,79,,8542,21,,,0,34,,8543,21,,,0,70,,8544,21,,,0,35,,8545,21,,,0,75,,8546,21,,,0,34,,8547,21,,,0,84,,8548,21,,,0,75,,8549,21,,,0,35,,8550,21,,,0,88,,8551,21,,,0,100,,8552,21,,,0
301,'5565',620,,8561,21,,,0,101,,8562,21,,,0,95,,8564,21,,,0,90,,8573,21,,,0,98,,8559,21,,,0,55,,8565,21,,,0,97,,8566,21,,,0,96,,8563,21,,,0,100,,8567,21,,,0,100,,8568,21,,,0,101,,8569,21,,,0,98,,8570,21,,,0,105,,8571,21,,,0,95,,8572,21,,,0,93,,8558,21,,,0
301,'5566',554,,8574,21,,,0,83,,8575,21,,,0,76,,8576,21,,,0,32,,8577,21,,,0,75,,8578,21,,,0,35,,8579,21,,,0,75,,8580,21,,,0,75,,8581,21,,,0,35,,8582,21,,,0,76,,8583,21,,,0,37,,8584,21,,,0,75,,8585,21,,,0,75,,8586,21,,,0,36,,8587,21,,,0,75,,8588,21,,,0,40,,8589,21,,,0,75,,8590,21,,,0,75,,8591,21,,,0,40,,8592,21,,,0,74,,8593,21,,,0,33,,8594,21,,,0,74,,8595,21,,,0,34,,8596,21,,,0,74,,8597,21,,,0,75,,8598,21,,,0,30,,8599,21,,,0,100,,8600,21,,,0,99,,8601,21,,,0
3101,'5527',814,,9090,12,,,0,104,,9089,12,,,0,103,,9087,12,,,0,112,,9094,12,,,0,110,,9095,12,,,0,110,,9088,12,,,0,155,,9093,12,,,0,114,,9091,12,,,0,110,,9092,12,,,0,109,,9096,12,,,0
3101,'5565',815,,9103,12,,,0,208,,9100,12,,,0,219,,9097,12,,,0,110,,9101,12,,,0,155,,9099,12,,,0,115,,9102,12,,,0,110,,9098,12,,,0
3101,'5566',641,,9104,12,,,0,84,,9105,12,,,0,30,,9106,12,,,0,72,,9107,12,,,0,75,,9108,12,,,0,47,,9109,12,,,0,104,,9110,12,,,0,150,,9111,12,,,0,110,,9112,12,,,0,115,,9113,12,,,0,116,,9114,12,,,0,80,,9115,12,,,0,34,,9116,12,,,0,77,,9117,12,,,0,73,,9118,12,,,0,30,,9119,12,,,0,18,,9120,12,,,0
1003101,'5475',2311,,10287,15,,,0,100,,10288,15,,,0,100,,10289,15,,,0,100,,10290,15,,,0,100,,10291,15,,,0
1003101,'5527',848,,10297,15,,,0,105,,10303,15,,,0,106,,10292,15,,,0,151,,10293,15,,,0,110,,10294,15,,,0,111,,10296,15,,,0,114,,10301,15,,,0,155,,10299,15,,,0,109,,10298,15,,,0,109,,10295,15,,,0,114,,10300,15,,,0,100,,10302,15,,,0
1003101,'5565',921,,10311,15,,,0,213,,10310,15,,,0,75,,10304,15,,,0,110,,10306,15,,,0,110,,10307,15,,,0,115,,10308,15,,,0,114,,10309,15,,,0,150,,10305,15,,,0,110,,10312,15,,,0,114,,10313,15,,,0,100,,10314,15,,,0
1003101,'5566',712,,10315,15,,,0,28,,10316,15,,,0,74,,10317,15,,,0,34,,10318,15,,,0,72,,10319,15,,,0,102,,10320,15,,,0,108,,10321,15,,,0,110,,10322,15,,,0,110,,10323,15,,,0,157,,10324,15,,,0,100,,10325,15,,,0,37,,10326,15,,,0,76,,10327,15,,,0,35,,10328,15,,,0,70,,10329,15,,,0,90,,10330,15,,,0,90,,10331,15,,,0,122,,10332,15,,,0,109,,10333,15,,,0
