200,'5475',2259,,8228,19,,,0,70,,8229,19,,,0,30,,8230,19,,,0,70,,8231,19,,,0,30,,8232,19,,,0,70,,8233,19,,,0,30,,8234,19,,,0,70,,8235,19,,,0,30,,8236,19,,,0,70,,8237,19,0,17 10,0
200,'5527',611,,8238,19,,,0,44,,8239,19,,,0,74,,8240,19,,,0,29,,8241,19,,,0,70,,8242,19,,,0,29,,8243,19,,,0,69,,8244,19,,,0,30,,8245,19,,,0,68,,8246,19,,,0,28,,8247,19,,,0,70,,8248,19,,,0,30,,8249,19,,,0,70,,8250,19,,,0,30,,8251,19,,,0,70,,8252,19,,,0,30,,8253,19,,,0,70,,8254,19,,,0,30,,8255,19,,,0,70,,8256,19,,,0,30,,8257,19,,,0,70,,8258,19,,,0,30,,8259,19,,,0,70,,8260,19,,,0,30,,8261,19,,,0,72,,8262,19,,,0,30,,8263,19,,,0,71,,8264,19,,,0,32,,8265,19,,,0,75,,8266,19,,,0,83,,8267,19,,,0,42,,8268,19,,,0,76,,8269,19,,,0
200,'5565',647,,8291,19,,,0,85,,8290,19,,,0,85,,8289,19,,,0,85,,8288,19,,,0,43,,8287,19,,,0,85,,8286,19,,,0,81,,8285,19,,,0,40,,8270,19,,,0,80,,8271,19,,,0,80,,8272,19,,,0,40,,8273,19,,,0,80,,8274,19,,,0,80,,8275,19,,,0,40,,8276,19,,,0,81,,8277,19,,,0,81,,8278,19,,,0,41,,8279,19,,,0,80,,8280,19,,,0,84,,8281,19,,,0,82,,8282,19,,,0,38,,8283,19,,,0,83,,8284,19,,,0
200,'5566',548,,8292,19,,,0,71,,8293,19,,,0,28,,8294,19,,,0,58,,8295,19,,,0,16,,8296,19,,,0,15,,8297,19,,,0,16,,8298,19,,,0,55,,8299,19,,,0,15,,8300,19,,,0,15,,8301,19,,,0,17,,8340,19,,,0,61,,8302,19,,,0,24,,8303,19,,,0,65,,8304,19,,,0,25,,8305,19,,,0,25,,8306,19,,,0,66,,8307,19,,,0,25,,8308,19,,,0,65,,8309,19,,,0,25,,8310,19,,,0,65,,8311,19,,,0,23,,8312,19,,,0,23,,8313,19,,,0,65,,8314,19,,,0,25,,8315,19,,,0,23,,8316,19,,,0,56,,8317,19,,,0,16,,8318,19,,,0,15,,8319,19,,,0,55,,8320,19,,,0,15,,8321,19,,,0,15,,8322,19,,,0,15,,8323,19,,,0,55,,8324,19,,,0,16,,8325,19,,,0,15,,8326,19,,,0,18,,8327,19,,,0,60,,8328,19,,,0,20,,8329,19,,,0,22,,8330,19,,,0,61,,8331,19,,,0,20,,8332,19,,,0,20,,8333,19,,,0,60,,8334,19,,,0,20,,8335,19,,,0,25,,8336,19,,,0,71,,8337,19,,,0,30,,8338,19,,,0,70,,8339,19,,,0
301,'5475',2350,,8530,21,,,0,100,,8526,38,,,0,100,,8527,38,,,0,100,,8528,38,,,0
301,'5527',609,,8556,38,,,0,93,,8555,38,,,0,51,,8554,38,,,0,102,,8557,38,,,0,92,,8531,38,,,0,71,,8532,38,,,0,41,,8533,38,,,0,77,,8534,38,,,0,70,,8535,38,,,0,35,,8536,38,,,0,75,,8537,38,,,0,36,,8538,38,,,0,80,,8539,38,,,0,76,,8540,38,,,0,35,,8541,38,,,0,79,,8542,38,,,0,34,,8543,38,,,0,70,,8544,38,,,0,74,,8545,38,,,0,35,,8546,38,,,0,73,,8547,38,,,0,44,,8548,38,,,0,74,,8549,38,,,0,75,,8550,38,,,0,48,,8551,38,,,0,99,,8552,38,,,0
301,'5565',631,,8561,38,,,0,101,,8562,38,,,0,95,,8564,38,,,0,90,,8573,38,,,0,100,,8559,38,,,0,95,,8565,38,,,0,98,,8566,38,,,0,96,,8563,38,,,0,100,,8567,38,,,0,100,,8568,38,,,0,101,,8569,38,,,0,98,,8570,38,,,0,105,,8571,38,,,0,95,,8572,38,,,0,51,,8558,38,,,0
301,'5566',605,,8574,38,,,0,43,,8575,38,,,0,77,,8576,38,,,0,34,,8577,38,,,0,75,,8578,38,,,0,75,,8579,38,,,0,34,,8580,38,,,0,76,,8581,38,,,0,35,,8582,38,,,0,76,,8583,38,,,0,77,,8584,38,,,0,36,,8585,38,,,0,75,,8586,38,,,0,36,,8587,38,,,0,76,,8588,38,,,0,81,,8589,38,,,0,34,,8590,38,,,0,75,,8591,38,,,0,81,,8592,38,,,0,32,,8593,38,,,0,73,,8594,38,,,0,33,,8595,38,,,0,74,,8596,38,,,0,32,,8597,38,,,0,75,,8598,38,,,0,30,,8599,38,,,0,99,,8600,38,,,0,98,,8601,38,,,0
601,'5475',2441,,8801,32,,,0,100,,8802,32,,,0,100,,8803,32,,,0
601,'5527',607,,8806,32,,,0,96,,8807,32,,,0,100,,8805,32,,,0,103,,8808,32,,,0,102,,8809,32,,,0,94,,8810,32,,,0,100,,8811,32,,,0,101,,8812,32,,,0,101,,8813,32,,,0,99,,8814,32,,,0,99,,8815,32,,,0,100,,8816,32,,,0,105,,8817,32,,,0,103,,8818,32,,,0,95,,8819,32,,,0,109,,8820,32,,,0,114,,8821,32,,,0,109,,8804,32,,,0
601,'5565',602,,8822,32,,,0,111,,8823,32,,,0,105,,8824,32,,,0,111,,8825,32,,,0,81,,8827,32,,,0,101,,8828,32,,,0,90,,8829,32,,,0,100,,8826,32,,,0,100,,8830,32,,,0,100,,8831,32,,,0,100,,8832,32,,,0,100,,8833,32,,,0,104,,8834,32,,,0,119,,8835,32,,,0,110,,8836,32,,,0
601,'5566',605,,8837,32,,,0,38,,8838,32,,,0,78,,8839,32,,,0,79,,8840,32,,,0,45,,8841,32,,,0,78,,8842,32,,,0,35,,8843,32,,,0,156,,8844,32,,,0,120,,8845,32,,,0,125,,8846,32,,,0,89,,8847,32,,,0,81,,8848,32,,,0,87,,8849,32,,,0,43,,8850,32,,,0,81,,8851,32,,,0,83,,8852,32,,,0,81,,8853,32,,,0,101,,8854,32,,,0,109,,8855,32,,,0,114,,8856,32,,,0,108,,8857,32,,,0
