401,'5475',2340,,8603,45,,,0,100,,8604,45,,,0,100,,8605,45,,,0,100,,8606,45,,,0
401,'5527',624,,8617,45,,,0,108,,8620,45,,,0,102,,8621,45,,,0,101,,8607,45,,,0,100,,8622,45,,,0,101,,8618,45,,,0,101,,8616,45,,,0,100,,8615,45,,,0,100,,8614,45,,,0,100,,8611,45,,,0,100,,8623,45,,,0,99,,8613,45,,,0,100,,8612,45,,,0,100,,8610,45,,,0,98,,8609,45,,,0,100,,8608,45,,,0,122,,8619,45,,,0
401,'5565',624,,8637,45,,,0,107,,8624,45,,,0,103,,8625,45,,,0,101,,8626,45,,,0,100,,8627,45,,,0,100,,8628,45,,,0,102,,8629,45,,,0,100,,8630,45,,,0,100,,8631,45,,,0,99,,8632,45,,,0,100,,8633,45,,,0,100,,8634,45,,,0,100,,8635,45,,,0,100,,8636,45,,,0
401,'5566',626,,8638,45,,,0,111,,8639,45,,,0,19,,8640,45,,,0,84,,8641,45,,,0,97,,8642,45,,,0,100,,8643,45,,,0,101,,8644,45,,,0,101,,8645,45,,,0,99,,8646,45,,,0,103,,8647,45,,,0,64,,8648,45,,,0,37,,8649,45,,,0,102,,8650,45,,,0,98,,8651,45,,,0,96,,8652,45,,,0,98,,8653,45,,,0,99,,8654,45,,,0,99,,8655,45,,,0,122,,8656,45,,,0
1501,'5527',953,,8959,45,,,0,172,,8960,45,,,0,430,,8961,45,,,0,171,,8962,45,,,0
1501,'5566',648,,8967,45,,,0,81,,8968,45,,,0,126,,8966,45,,,0,684,,8964,45,,,0,205,,8965,45,,,0,86,,8963,45,,,0
3101,'5527',813,,9090,10,,,0,104,,9089,10,,,0,103,,9087,10,,,0,112,,9094,10,,,0,110,,9095,10,,,0,110,,9088,10,,,0,155,,9093,10,,,0,114,,9091,10,,,0,110,,9092,10,,,0,109,,9096,10,,,0
3101,'5565',814,,9103,10,,,0,208,,9100,10,,,0,219,,9097,10,,,0,110,,9101,10,,,0,155,,9099,10,,,0,115,,9102,10,,,0,110,,9098,10,,,0
3101,'5566',640,,9104,10,,,0,84,,9105,10,,,0,30,,9106,10,,,0,72,,9107,10,,,0,75,,9108,10,,,0,47,,9109,10,,,0,104,,9110,10,,,0,150,,9111,10,,,0,110,,9112,10,,,0,115,,9113,10,,,0,116,,9114,10,,,0,80,,9115,10,,,0,34,,9116,10,,,0,77,,9117,10,,,0,73,,9118,10,,,0,30,,9119,10,,,0,18,,9120,10,,,0
1003101,'5475',2310,,10287,13,,,0,100,,10288,13,,,0,100,,10289,13,,,0,100,,10290,13,,,0,100,,10291,13,,,0
1003101,'5527',847,,10297,13,,,0,105,,10303,13,,,0,106,,10292,13,,,0,151,,10293,13,,,0,110,,10294,13,,,0,111,,10296,13,,,0,114,,10301,13,,,0,115,,10299,13,,,0,149,,10298,13,,,0,109,,10295,13,,,0,114,,10300,13,,,0,100,,10302,13,,,0
1003101,'5565',920,,10311,13,,,0,213,,10310,13,,,0,75,,10304,13,,,0,110,,10306,13,,,0,110,,10307,13,,,0,115,,10308,13,,,0,114,,10309,13,,,0,150,,10305,13,,,0,110,,10312,13,,,0,114,,10313,13,,,0,100,,10314,13,,,0
1003101,'5566',711,,10315,13,,,0,28,,10316,13,,,0,74,,10317,13,,,0,34,,10318,13,,,0,72,,10319,13,,,0,102,,10320,13,,,0,108,,10321,13,,,0,110,,10322,13,,,0,110,,10323,13,,,0,157,,10324,13,,,0,100,,10325,13,,,0,37,,10326,13,,,0,76,,10327,13,,,0,35,,10328,13,,,0,70,,10329,13,,,0,90,,10330,13,,,0,90,,10331,13,,,0,122,,10332,13,,,0,109,,10333,13,,,0
