401,'5527',2257,,8619,47,4,,0
401,'5565',625,,8637,47,4,,0
401,'5566',627,,8638,47,4,,0,111,,8639,47,4,,0,20,,8640,47,4,,0,749,,8648,47,4,,0,750,,8656,47,4,,0
700,'5527',530,,8858,9,0,22 23,0,100,,8859,9,0,22 23,0,200,,8860,9,0,22 23,0,200,,8861,9,0,22 23,0,200,,8862,9,0,22 23,0,200,,8863,1,0,22 23,0,200,,8864,9,0,22 23,0,200,,8865,1,0,22 23,0,200,,8866,9,0,22 23,0,270,,8867,1,0,22 23,0
700,'5565',530,,8875,1,0,22 23,0,100,,8869,1,0,22 23,0,200,,8868,1,0,22 23,0,200,,8870,1,0,22 23,0,200,,8871,1,0,22 23,0,200,,8872,1,0,22 23,0,200,,8873,1,0,22 23,0,200,,8874,1,0,22 23,0
700,'5566',615,,8876,1,0,22 23,0,215,,8877,1,0,22 23,0,200,,8878,1,0,22 23,0,200,,8879,1,0,22 23,0,200,,8880,1,0,22 23,0,200,,8881,1,0,22 23,0,200,,8882,1,0,22 23,0,200,,8883,1,0,22 23,0,270,,8884,1,0,22 23,0
900,'5475',2326,,8885,53,4,,0,100,,8886,53,4,,0,100,,8887,53,4,,0,100,,8888,53,4,,0,100,,8889,53,4,,0
900,'5527',1422,,8897,53,4,,0,100,,8898,53,4,,0,299,,8901,53,4,,0
900,'5565',712,,8907,53,4,,0,100,,8908,53,4,,0,102,,8909,53,4,,0,100,,8906,53,4,,0,107,,8910,53,4,,0,95,,8911,53,4,,0,105,,8912,53,4,,0,99,,8913,53,4,,0,100,,8914,53,4,,0,100,,8915,53,4,,0,100,,8916,53,4,,0,99,,8917,53,4,,0,100,,8918,53,4,,0,94,,8919,53,4,,0
900,'5566',612,,8920,53,4,,0,109,,8921,53,4,,0,100,,8922,53,4,,0,102,,8923,53,4,,0,99,,8924,53,4,,0,101,,8925,53,4,,0,101,,8926,53,4,,0,100,,8927,53,4,,0,101,,8928,53,4,,0,100,,8929,53,4,,0,100,,8930,53,4,,0,101,,8931,53,4,,0,99,,8932,53,4,,0,98,,8933,53,4,,0,98,,8934,53,4,,0,99,,8935,53,4,,0
1501,'5527',1126,,8960,47,4,,0,601,,8962,47,4,,0
1501,'5566',730,,8968,47,4,,0,126,,8966,47,4,,0,684,,8964,47,4,,0,291,,8963,47,4,,0
1600,'5566',735,,8971,1,0,24,0,165,,8972,1,0,24,0,29,,8972,39,4,,0,615,,8969,1,0,24,0,74,,8969,39,4,,0,6,,8970,1,0,24,0
1000700,'5475',2330,,10205,1,0,24,0,100,,10206,1,0,24,0,100,,10207,1,0,24,0,100,,10208,1,0,24,0
1000700,'5527',730,,10209,9,0,24,0,200,,10210,9,0,24,0,200,,10211,9,0,24,0,200,,10212,9,0,24,0,200,,10213,1,0,24,0,200,,10214,9,0,24,0,200,,10215,9,0,24,0,200,,10216,9,0,24,0
1000700,'5565',730,,10218,1,0,24,0,200,,10217,1,0,24,0,200,,10219,1,0,24,0,200,,10221,1,0,24,0,200,,10220,1,0,24,0,200,,10222,1,0,24,0,200,,10223,1,0,24,0
1000700,'5566',728,,10224,1,0,24,0,16,,10225,1,0,24,0,186,,10226,1,0,24,0,200,,10227,1,0,24,0,199,,10228,1,0,24,0,201,,10229,1,0,24,0,70,,10230,1,0,24,0,131,,10231,1,0,24,0,199,,10232,1,0,24,0,200,,10233,1,0,24,0
