100,'5475',2316,,8001,18,,,0,30,,8002,18,,,0,70,,8003,18,,,0,30,,8004,18,,,0,70,,8005,18,,,0,30,,8006,18,,,0,70,,8007,18,,,0,30,,8008,18,,,0,70,,8009,18,,,0
100,'5527',635,,8041,18,,,0,81,,8040,18,,,0,30,,8039,18,,,0,70,,8038,18,,,0,29,,8037,18,,,0,69,,8036,18,,,0,30,,8035,18,,,0,69,,8034,18,,,0,28,,8033,18,,,0,70,,8032,18,,,0,30,,8031,18,,,0,70,,8030,18,,,0,30,,8029,18,,,0,70,,8028,18,,,0,30,,8027,18,,,0,70,,8026,18,,,0,30,,8025,18,,,0,70,,8024,18,,,0,30,,8023,18,,,0,70,,8022,18,,,0,30,,8021,18,,,0,70,,8020,18,,,0,30,,8019,18,,,0,70,,8018,18,,,0,32,,8017,18,,,0,70,,8016,18,,,0,32,,8015,18,,,0,70,,8014,18,,,0,40,,8013,18,,,0,80,,8012,18,,,0,81,,8011,18,,,0,40,,8010,18,,,0
100,'5565',627,,8064,18,,,0,85,,8063,18,,,0,45,,8062,18,,,0,85,,8061,18,,,0,85,,8060,18,,,0,84,,8059,18,,,0,44,,8058,18,,,0,81,,8042,18,,,0,79,,8043,18,,,0,40,,8044,18,,,0,80,,8045,18,,,0,80,,8046,18,,,0,40,,8047,18,,,0,80,,8048,18,,,0,80,,8049,18,,,0,41,,8050,18,,,0,81,,8051,18,,,0,81,,8052,18,,,0,82,,8053,18,,,0,41,,8054,18,,,0,80,,8055,18,,,0,80,,8056,18,,,0,38,,8057,18,,,0,80,,8065,18,,,0
100,'5566',531,,8067,18,,,0,75,,8068,18,,,0,30,,8069,18,,,0,23,,8070,18,,,0,56,,8071,18,,,0,15,,8072,18,,,0,16,,8073,18,,,0,57,,8074,18,,,0,15,,8075,18,,,0,16,,8076,18,,,0,16,,8115,18,,,0,56,,8077,18,,,0,25,,8078,18,,,0,25,,8079,18,,,0,65,,8080,18,,,0,24,,8081,18,,,0,66,,8082,18,,,0,25,,8083,18,,,0,65,,8084,18,,,0,25,,8085,18,,,0,25,,8086,18,,,0,65,,8087,18,,,0,23,,8088,18,,,0,65,,8089,18,,,0,25,,8090,18,,,0,24,,8091,18,,,0,58,,8066,18,,,0,16,,8092,18,,,0,15,,8093,18,,,0,15,,8094,18,,,0,55,,8095,18,,,0,15,,8096,18,,,0,15,,8097,18,,,0,15,,8098,18,,,0,55,,8099,18,,,0,15,,8100,18,,,0,16,,8101,18,,,0,61,,8102,18,,,0,20,,8103,18,,,0,21,,8104,18,,,0,60,,8105,18,,,0,20,,8106,18,,,0,20,,8107,18,,,0,61,,8108,18,,,0,20,,8109,18,,,0,20,,8110,18,,,0,70,,8111,18,,,0,30,,8112,18,,,0,70,,8113,18,,,0,30,,8114,18,,,0
200,'5475',2301,,8228,23,,,0,30,,8229,23,,,0,70,,8230,23,,,0,30,,8231,23,,,0,70,,8232,23,,,0,30,,8233,23,,,0,70,,8234,23,,,0,30,,8235,23,,,0,70,,8236,23,,,0,30,,8237,23,0,17 10,0
200,'5527',613,,8238,23,,,0,44,,8239,23,,,0,74,,8240,23,,,0,70,,8241,23,,,0,30,,8242,23,,,0,69,,8243,23,,,0,29,,8244,23,,,0,30,,8245,23,,,0,69,,8246,23,,,0,28,,8247,23,,,0,70,,8248,23,,,0,30,,8249,23,,,0,70,,8250,23,,,0,30,,8251,23,,,0,70,,8252,23,,,0,30,,8253,23,,,0,70,,8254,23,,,0,30,,8255,23,,,0,70,,8256,23,,,0,30,,8257,23,,,0,70,,8258,23,,,0,30,,8259,23,,,0,70,,8260,23,,,0,30,,8261,23,,,0,72,,8262,23,,,0,30,,8263,23,,,0,71,,8264,23,,,0,71,,8265,23,,,0,35,,8266,23,,,0,83,,8267,23,,,0,82,,8268,23,,,0,36,,8269,23,,,0
200,'5565',649,,8291,23,,,0,85,,8290,23,,,0,85,,8289,23,,,0,85,,8288,23,,,0,44,,8287,23,,,0,85,,8286,23,,,0,82,,8285,23,,,0,40,,8270,23,,,0,80,,8271,23,,,0,80,,8272,23,,,0,40,,8273,23,,,0,80,,8274,23,,,0,80,,8275,23,,,0,40,,8276,23,,,0,81,,8277,23,,,0,81,,8278,23,,,0,41,,8279,23,,,0,80,,8280,23,,,0,83,,8281,23,,,0,82,,8282,23,,,0,38,,8283,23,,,0,82,,8284,23,,,0
200,'5566',550,,8292,23,,,0,71,,8293,23,,,0,28,,8294,23,,,0,58,,8295,23,,,0,16,,8296,23,,,0,16,,8297,23,,,0,17,,8298,23,,,0,55,,8299,23,,,0,15,,8300,23,,,0,15,,8301,23,,,0,17,,8340,23,,,0,61,,8302,23,,,0,24,,8303,23,,,0,65,,8304,23,,,0,25,,8305,23,,,0,25,,8306,23,,,0,66,,8307,23,,,0,25,,8308,23,,,0,65,,8309,23,,,0,25,,8310,23,,,0,65,,8311,23,,,0,23,,8312,23,,,0,23,,8313,23,,,0,65,,8314,23,,,0,25,,8315,23,,,0,63,,8316,23,,,0,16,,8317,23,,,0,16,,8318,23,,,0,15,,8319,23,,,0,55,,8320,23,,,0,15,,8321,23,,,0,15,,8322,23,,,0,15,,8323,23,,,0,55,,8324,23,,,0,16,,8325,23,,,0,15,,8326,23,,,0,18,,8327,23,,,0,60,,8328,23,,,0,20,,8329,23,,,0,22,,8330,23,,,0,60,,8331,23,,,0,20,,8332,23,,,0,20,,8333,23,,,0,60,,8334,23,,,0,20,,8335,23,,,0,65,,8336,23,,,0,30,,8337,23,,,0,70,,8338,23,,,0,30,,8339,23,,,0
1701,'5566',650,,8973,35,,,0,75,,8974,35,,,0,95,,8975,35,,,0,728,,8976,35,,,0,84,,8977,35,,,0,86,,8978,35,,,0,82,,8979,35,,,0,41,,8980,35,,,0
2100,'5475',2137,,8981,27,,,0,170,,8982,27,,,0,135,,8983,27,,,0
2100,'5527',830,,8991,27,,,0,125,,8993,27,,,0,181,,8992,27,,,0,170,,8987,27,,,0,125,,8988,27,,,0,106,,8989,27,,,0,100,,8990,27,,,0,100,,8985,27,,,0,168,,8986,27,,,0,133,,8984,27,,,0
2100,'5565',901,,9001,27,,,0,105,,9002,27,,,0,133,,8994,27,,,0,172,,8996,27,,,0,134,,8995,27,,,0,176,,8997,27,,,0,130,,8998,27,,,0,165,,8999,27,,,0,125,,9000,27,,,0
2100,'5566',659,,9003,27,,,0,87,,9004,27,,,0,85,,9005,27,,,0,86,,9006,27,,,0,89,,9007,27,,,0,46,,9008,27,,,0,93,,9009,27,,,0,167,,9010,27,,,0,128,,9011,27,,,0,286,,9012,27,,,0,82,,9013,27,,,0,101,,9014,27,,,0,119,,9015,27,,,0
2400,'5566',1447,,9054,14,0,15 16 11,0
1002100,'5566',1551,,10234,32,,,0,77,,10235,32,,,0
