5100,'5527',754,,9377,24,0,37,0,103,,9378,24,0,37,0,70,,9379,24,0,37,0,73,,9380,24,0,37,0,31,,9381,24,0,37,0,70,,9382,24,0,37,0,21,,9383,24,0,37,0,26,,9384,24,0,37,0,66,,9385,24,0,37,0,21,,9386,24,0,37,0,19,,9387,24,0,37,0,58,,9388,24,0,37,0,18,,9389,24,0,37,0,18,,9390,24,0,37,0,59,,9391,24,0,37,0,17,,9392,24,0,37,0,18,,9393,24,0,37,0,58,,9394,24,0,37,0,18,,9395,24,0,37,0,18,,9396,24,0,37,0,18,,9397,24,0,37,0,56,,9398,24,0,37,0,19,,9399,24,0,37,0,20,,9400,24,0,37,0,65,,9401,24,0,37,0,24,,9402,24,0,37,0,18,,9403,24,0,37,0,64,,9404,24,0,37,0,24,,9405,24,0,37,0,57,,9406,24,0,37,0,25,,9407,24,0,37,0,25,,9408,24,0,37,0,60,,9409,24,0,37,0,19,,9410,24,0,37,0,70,,9411,24,0,37,0,30,,9412,24,0,37,0,80,,9413,24,0,37,0,25,,9414,24,0,37,0,70,,9415,24,0,37,0,28,,9416,24,0,37,0
5100,'5565',755,,9418,24,0,37,0,101,,9419,24,0,37,0,70,,9420,24,0,37,0,32,,9421,24,0,37,0,75,,9422,24,0,37,0,72,,9417,24,0,37,0,36,,9423,24,0,37,0,76,,9424,24,0,37,0,36,,9425,24,0,37,0,76,,9426,24,0,37,0,80,,9427,24,0,37,0,35,,9428,24,0,37,0,80,,9429,24,0,37,0,35,,9430,24,0,37,0,75,,9431,24,0,37,0,75,,9432,24,0,37,0,33,,9433,24,0,37,0,74,,9434,24,0,37,0,33,,9435,24,0,37,0,72,,9436,24,0,37,0,30,,9437,24,0,37,0,74,,9438,24,0,37,0,30,,9439,24,0,37,0,75,,9440,24,0,37,0,97,,9441,24,0,37,0
5100,'5566',527,,9443,24,0,37,0,81,,9444,24,0,37,0,26,,9445,24,0,37,0,25,,9446,24,0,37,0,55,,9447,24,0,37,0,13,,9442,24,0,37,0,24,,9448,24,0,37,0,55,,9449,24,0,37,0,18,,9450,24,0,37,0,7,,9451,24,0,37,0,7,,9452,24,0,37,0,12,,9454,24,0,37,0,55,,9455,24,0,37,0,14,,9456,24,0,37,0,20,,9457,24,0,37,0,66,,9458,24,0,37,0,26,,9459,24,0,37,0,26,,9460,24,0,37,0,65,,9461,24,0,37,0,27,,9462,24,0,37,0,64,,9463,24,0,37,0,25,,9464,24,0,37,0,17,,9465,24,0,37,0,60,,9466,24,0,37,0,20,,9467,24,0,37,0,18,,9468,24,0,37,0,60,,9469,24,0,37,0,21,,9470,24,0,37,0,23,,9471,24,0,37,0,62,,9473,24,0,37,0,11,,9474,24,0,37,0,7,,9475,24,0,37,0,16,,9476,24,0,37,0,56,,9477,24,0,37,0,16,,9478,24,0,37,0,16,,9479,24,0,37,0,16,,9480,24,0,37,0,54,,9481,24,0,37,0,16,,9482,24,0,37,0,13,,9483,24,0,37,0,14,,9484,24,0,37,0,54,,9485,24,0,37,0,15,,9486,24,0,37,0,19,,9487,24,0,37,0,59,,9488,24,0,37,0,20,,9489,24,0,37,0,25,,9490,24,0,37,0,64,,9491,24,0,37,0,28,,9492,24,0,37,0,68,,9493,24,0,37,0,29,,9494,24,0,37,0,67,,9495,24,0,37,0,28,,9496,24,0,37,0,70,,9497,24,0,37,0,30,,9498,24,0,37,0
5100,'5569',1527,,9504,24,0,37,0,18,,9501,24,0,37,0,57,,9499,24,0,37,0,37,,9506,24,0,37,0,62,,9502,24,0,37,0,24,,9500,24,0,37,0,22,,9508,24,0,37,0,61,,9503,24,0,37,0,25,,9507,24,0,37,0,21,,9509,24,0,37,0,60,,9505,24,0,37,0,24,,9512,24,0,37,0,63,,9510,24,0,37,0,19,,9511,24,0,37,0,25,,9513,24,0,37,0
5301,'5527',812,,9735,2,0,39 40,0,104,,9736,2,0,39 40,0,105,,9737,2,0,39 40,0,95,,9738,2,0,39 40,0,100,,9739,2,0,39 40,0,100,,9740,2,0,39 40,0,100,,9741,2,0,39 40,0,100,,9742,2,0,39 40,0,100,,9743,2,0,39 40,0,100,,9744,2,0,39 40,0,95,,9745,2,0,39 40,0,100,,9746,2,0,39 40,0,110,,9747,2,0,39 40,0,100,,9748,2,0,39 40,0,110,,9749,2,0,39 40,0
5301,'5565',811,,9750,2,0,39 40,0,105,,9751,2,0,39 40,0,100,,9752,2,0,39 40,0,100,,9753,2,0,39 40,0,100,,9754,2,0,39 40,0,100,,9755,2,0,39 40,0,100,,9756,2,0,39 40,0,100,,9757,2,0,39 40,0,100,,9758,2,0,39 40,0,100,,9759,2,0,39 40,0,100,,9760,2,0,39 40,0,100,,9761,2,0,39 40,0,100,,9762,2,0,39 40,0
5301,'5566',546,,9763,2,0,39 40,0,80,,9764,2,0,39 40,0,75,,9765,2,0,39 40,0,30,,9766,2,0,39 40,0,75,,9767,2,0,39 40,0,25,,9768,2,0,39 40,0,100,,9769,2,0,39 40,0,100,,9770,2,0,39 40,0,100,,9771,2,0,39 40,0,100,,9772,2,0,39 40,0,100,,9773,2,0,39 40,0,105,,9774,2,0,39 40,0,75,,9775,2,0,39 40,0,25,,9776,2,0,39 40,0,66,,9777,2,0,39 40,0,31,,9778,2,0,39 40,0,98,,9779,2,0,39 40,0,95,,9780,2,0,39 40,0,95,,9781,2,0,39 40,0,110,,9782,2,0,39 40,0,100,,9783,2,0,39 40,0
7100,'4619',1946,,10137,2,,,0,190,,10138,2,,,0
7100,'5210',1026,,10148,2,,,0,195,,10149,2,,,0,310,,10150,2,,,0,200,,10151,2,,,0
7100,'5527',726,,10147,2,0,35 36,0,125,,10141,2,,,0,195,,10140,2,,,0,201,,10139,2,,,0,165,,10146,2,0,35 36,0,115,,10142,2,,,0,209,,10144,2,,,0,270,,10143,2,,,0,150,,10145,2,,,0
7100,'5566',516,,10161,2,0,35 36,0,106,,10153,2,,,0,100,,10152,2,,,0,100,,10154,2,,,0,109,,10155,2,,,0,311,,10156,2,,,0,170,,10157,2,,,0,35,,10162,2,0,35 36,0,75,,10158,2,,,0,105,,10159,2,,,0,100,,10160,2,,,0
