5100,'5527',759,,9377,30,,,0,143,,9378,30,,,0,30,,9379,30,,,0,74,,9380,30,,,0,31,,9381,30,,,0,70,,9382,30,,,0,21,,9383,30,,,0,26,,9384,30,,,0,66,,9385,30,,,0,21,,9386,30,,,0,59,,9387,30,,,0,18,,9388,30,,,0,18,,9389,30,,,0,18,,9390,30,,,0,59,,9391,30,,,0,17,,9392,30,,,0,18,,9393,30,,,0,58,,9394,30,,,0,18,,9395,30,,,0,18,,9396,30,,,0,58,,9397,30,,,0,16,,9398,30,,,0,19,,9399,30,,,0,20,,9400,30,,,0,65,,9401,30,,,0,24,,9402,30,,,0,58,,9403,30,,,0,24,,9404,30,,,0,24,,9405,30,,,0,57,,9406,30,,,0,25,,9407,30,,,0,25,,9408,30,,,0,60,,9409,30,,,0,18,,9410,30,,,0,70,,9411,30,,,0,30,,9412,30,,,0,80,,9413,30,,,0,25,,9414,30,,,0,70,,9415,30,,,0,27,,9416,30,,,0
5100,'5565',801,,9418,30,,,0,101,,9419,30,,,0,30,,9420,30,,,0,72,,9421,30,,,0,35,,9422,30,,,0,72,,9417,30,,,0,36,,9423,30,,,0,76,,9424,30,,,0,36,,9425,30,,,0,76,,9426,30,,,0,80,,9427,30,,,0,35,,9428,30,,,0,80,,9429,30,,,0,75,,9430,30,,,0,35,,9431,30,,,0,75,,9432,30,,,0,33,,9433,30,,,0,74,,9434,30,,,0,33,,9435,30,,,0,72,,9436,30,,,0,30,,9437,30,,,0,73,,9438,30,,,0,70,,9439,30,,,0,35,,9440,30,,,0,97,,9441,30,,,0
5100,'5566',531,,9443,30,,,0,81,,9444,30,,,0,26,,9445,30,,,0,66,,9446,30,,,0,15,,9447,30,,,0,14,,9442,30,,,0,24,,9448,30,,,0,55,,9449,30,,,0,18,,9450,30,,,0,7,,9451,30,,,0,7,,9452,30,,,0,12,,9454,30,,,0,55,,9455,30,,,0,14,,9456,30,,,0,20,,9457,30,,,0,66,,9458,30,,,0,26,,9459,30,,,0,66,,9460,30,,,0,25,,9461,30,,,0,27,,9462,30,,,0,64,,9463,30,,,0,25,,9464,30,,,0,57,,9465,30,,,0,20,,9466,30,,,0,20,,9467,30,,,0,18,,9468,30,,,0,60,,9469,30,,,0,22,,9470,30,,,0,64,,9471,30,,,0,21,,9473,30,,,0,11,,9474,30,,,0,6,,9475,30,,,0,16,,9476,30,,,0,56,,9477,30,,,0,16,,9478,30,,,0,16,,9479,30,,,0,56,,9480,30,,,0,14,,9481,30,,,0,16,,9482,30,,,0,13,,9483,30,,,0,54,,9484,30,,,0,14,,9485,30,,,0,15,,9486,30,,,0,19,,9487,30,,,0,59,,9488,30,,,0,20,,9489,30,,,0,24,,9490,30,,,0,64,,9491,30,,,0,28,,9492,30,,,0,68,,9493,30,,,0,29,,9494,30,,,0,67,,9495,30,,,0,28,,9496,30,,,0,69,,9497,30,,,0,30,,9498,30,,,0
5100,'5569',1533,,9504,30,,,0,18,,9501,30,,,0,57,,9499,30,,,0,37,,9506,30,,,0,62,,9502,30,,,0,24,,9500,30,,,0,22,,9508,30,,,0,61,,9503,30,,,0,25,,9507,30,,,0,61,,9509,30,,,0,20,,9505,30,,,0,24,,9512,30,,,0,63,,9510,30,,,0,18,,9511,30,,,0,25,,9513,30,,,0
5701,'5527',859,,9889,13,,,0,100,,9890,13,,,0,99,,9891,13,,,0,98,,9892,13,,,0,99,,9893,13,,,0,101,,9894,13,,,0,99,,9895,13,,,0,100,,9896,13,,,0,102,,9897,13,,,0,102,,9898,13,,,0,170,,9899,13,,,0,171,,9900,13,,,0,100,,9901,13,,,0
5701,'5565',901,,9902,13,,,0,100,,9903,13,,,0,99,,9904,13,,,0,58,,9905,13,,,0,100,,9906,13,,,0,98,,9907,13,,,0,100,,9908,13,,,0,100,,9909,13,,,0,101,,9910,13,,,0,100,,9911,13,,,0,96,,9912,13,,,0,100,,9913,13,,,0
5701,'5566',615,,9914,13,,,0,128,,9915,13,,,0,95,,9916,13,,,0,70,,9917,13,,,0,100,,9918,13,,,0,100,,9919,13,,,0,100,,9920,13,,,0,100,,9921,13,,,0,101,,9922,13,,,0,100,,9923,13,,,0,99,,9924,13,,,0,100,,9925,13,,,0,100,,9926,13,,,0,123,,9927,13,,,0,170,,9928,13,,,0
7101,'4619',2119,,10163,24,,,0,189,,10164,24,,,0
7101,'5210',1012,,10174,24,,,0,196,,10175,24,,,0,305,,10176,24,,,0,195,,10177,24,,,0
7101,'5527',1026,,10167,24,,,0,117,,10173,16,,,0,84,,10166,24,,,0,206,,10165,24,,,0,274,,10168,24,,,0,118,,10172,16,,,0,85,,10169,24,,,0,229,,10170,24,,,0,190,,10171,24,,,0
7101,'5566',708,,10179,24,,,0,95,,10180,24,,,0,104,,10178,24,,,0,34,,10188,16,,,0,67,,10181,24,,,0,111,,10182,24,,,0,315,,10183,24,,,0,171,,10184,24,,,0,104,,10185,24,,,0,103,,10186,24,,,0,103,,10187,24,,,0
