101,'5475',2324,,8116,22,,,0,30,,8117,22,,,0,70,,8118,22,,,0,30,,8119,22,,,0,70,,8120,22,,,0,30,,8121,22,,,0,70,,8122,22,,,0,30,,8123,22,,,0
101,'5527',624,,8156,22,,,0,85,,8155,22,,,0,45,,8154,22,,,0,70,,8153,22,,,0,31,,8152,22,,,0,71,,8151,22,,,0,30,,8150,22,,,0,70,,8149,22,,,0,30,,8148,22,,,0,72,,8147,22,,,0,31,,8146,22,,,0,71,,8145,22,,,0,70,,8144,22,,,0,30,,8143,22,,,0,71,,8142,22,,,0,30,,8141,22,,,0,70,,8140,22,,,0,30,,8139,22,,,0,70,,8138,22,,,0,30,,8137,22,,,0,70,,8136,22,,,0,29,,8135,22,,,0,70,,8134,22,,,0,29,,8133,22,,,0,30,,8132,22,,,0,69,,8131,22,,,0,28,,8130,22,,,0,69,,8129,22,,,0,30,,8128,22,,,0,80,,8127,22,,,0,79,,8126,22,,,0,40,,8125,22,,,0
101,'5565',619,,8157,22,,,0,90,,8158,22,,,0,44,,8159,22,,,0,86,,8160,22,,,0,86,,8161,22,,,0,85,,8162,22,,,0,45,,8163,22,,,0,85,,8164,22,,,0,84,,8165,22,,,0,80,,8166,22,,,0,40,,8167,22,,,0,80,,8168,22,,,0,80,,8169,22,,,0,40,,8170,22,,,0,80,,8171,22,,,0,80,,8172,22,,,0,40,,8173,22,,,0,79,,8174,22,,,0,80,,8175,22,,,0,40,,8176,22,,,0,80,,8177,22,,,0,79,,8178,22,,,0
101,'5566',544,,8179,22,,,0,66,,8180,22,,,0,36,,8181,22,,,0,65,,8182,22,,,0,16,,8183,22,,,0,17,,8184,22,,,0,15,,8185,22,,,0,55,,8186,22,,,0,19,,8187,22,,,0,22,,8188,22,,,0,68,,8189,22,,,0,28,,8190,22,,,0,70,,8191,22,,,0,25,,8192,22,,,0,66,,8193,22,,,0,25,,8194,22,,,0,66,,8195,22,,,0,25,,8196,22,,,0,25,,8197,22,,,0,65,,8198,22,,,0,25,,8199,22,,,0,65,,8200,22,,,0,25,,8201,22,,,0,20,,8202,22,,,0,55,,8203,22,,,0,15,,8204,22,,,0,15,,8205,22,,,0,15,,8206,22,,,0,55,,8207,22,,,0,15,,8208,22,,,0,15,,8209,22,,,0,15,,8210,22,,,0,55,,8211,22,,,0,15,,8212,22,,,0,15,,8213,22,,,0,15,,8214,22,,,0,57,,8215,22,,,0,19,,8216,22,,,0,20,,8217,22,,,0,60,,8218,22,,,0,20,,8219,22,,,0,20,,8220,22,,,0,60,,8221,22,,,0,20,,8222,22,,,0,30,,8223,22,,,0,69,,8224,22,,,0,27,,8225,22,,,0,70,,8226,22,,,0,29,,8227,22,,,0
201,'5475',2309,,8341,23,,,0,30,,8342,23,,,0,70,,8343,23,,,0,30,,8344,23,,,0,70,,8345,23,,,0,30,,8346,23,,,0,70,,8347,23,,,0,30,,8348,23,,,0,70,,8349,23,,,0
201,'5527',646,,8350,23,,,0,85,,8351,23,,,0,79,,8352,23,,,0,30,,8353,23,,,0,70,,8354,23,,,0,31,,8355,23,,,0,70,,8356,23,,,0,30,,8357,23,,,0,70,,8358,23,,,0,33,,8359,23,,,0,70,,8360,23,,,0,31,,8361,23,,,0,70,,8362,23,,,0,30,,8363,23,,,0,71,,8364,23,,,0,30,,8365,23,,,0,70,,8366,23,,,0,30,,8367,23,,,0,70,,8368,23,,,0,30,,8369,23,,,0,69,,8370,23,,,0,30,,8371,23,,,0,70,,8372,23,,,0,30,,8373,23,,,0,69,,8374,23,,,0,27,,8375,23,,,0,69,,8376,23,,,0,30,,8377,23,,,0,75,,8378,23,,,0,40,,8379,23,,,0,80,,8380,23,,,0
201,'5565',646,,8381,23,,,0,85,,8382,23,,,0,85,,8383,23,,,0,86,,8384,23,,,0,45,,8385,23,,,0,85,,8386,23,,,0,85,,8387,23,,,0,85,,8388,23,,,0,42,,8389,23,,,0,80,,8390,23,,,0,80,,8391,23,,,0,40,,8392,23,,,0,80,,8393,23,,,0,80,,8394,23,,,0,40,,8395,23,,,0,80,,8396,23,,,0,80,,8397,23,,,0,40,,8398,23,,,0,80,,8399,23,,,0,79,,8400,23,,,0,38,,8401,23,,,0,92,,8402,23,,,0
201,'5566',514,,8404,23,,,0,86,,8405,23,,,0,25,,8406,23,,,0,75,,8407,23,,,0,18,,8408,23,,,0,18,,8409,23,,,0,15,,8410,23,,,0,55,,8411,23,,,0,17,,8412,23,,,0,20,,8413,23,,,0,65,,8414,23,,,0,30,,8415,23,,,0,68,,8416,23,,,0,27,,8417,23,,,0,25,,8418,23,,,0,65,,8419,23,,,0,26,,8420,23,,,0,65,,8421,23,,,0,26,,8422,23,,,0,65,,8423,23,,,0,25,,8424,23,,,0,25,,8425,23,,,0,65,,8426,23,,,0,25,,8427,23,,,0,55,,8428,23,,,0,15,,8429,23,,,0,15,,8430,23,,,0,15,,8431,23,,,0,55,,8432,23,,,0,15,,8433,23,,,0,15,,8434,23,,,0,15,,8435,23,,,0,55,,8436,23,,,0,15,,8437,23,,,0,15,,8438,23,,,0,15,,8439,23,,,0,14,,8440,23,,,0,60,,8441,23,,,0,20,,8442,23,,,0,20,,8443,23,,,0,60,,8444,23,,,0,20,,8445,23,,,0,20,,8446,23,,,0,60,,8447,23,,,0,25,,8448,23,,,0,70,,8449,23,,,0,28,,8450,23,,,0,68,,8451,23,,,0,29,,8452,23,,,0
1701,'5566',627,,8973,4,0,29 23,0,75,,8974,4,0,29 23,0,51,,8975,4,0,29 23,0,765,,8976,4,0,29 23,0,85,,8977,4,0,29 23,0,46,,8978,4,0,29 23,0,86,,8979,4,0,29 23,0,83,,8980,4,0,29 23,0
2101,'5475',2034,,9016,4,,,0,171,,9017,4,,,0,135,,9018,4,,,0
2101,'5527',725,,9027,4,,,0,126,,9028,4,,,0,177,,9026,4,,,0,128,,9022,4,,,0,164,,9020,4,,,0,107,,9021,4,,,0,100,,9023,4,,,0,102,,9024,4,,,0,130,,9025,4,,,0,172,,9019,4,,,0
2101,'5565',802,,9037,4,,,0,100,,9029,4,,,0,134,,9030,4,,,0,170,,9031,4,,,0,133,,9032,4,,,0,175,,9033,4,,,0,130,,9034,4,,,0,168,,9035,4,,,0,127,,9036,4,,,0
2101,'5566',554,,9038,4,,,0,85,,9039,4,,,0,166,,9040,4,,,0,47,,9041,4,,,0,91,,9042,4,,,0,90,,9043,4,,,0,126,,9044,4,,,0,166,,9045,4,,,0,97,,9046,4,,,0,35,,9047,4,,,0,153,,9048,4,,,0,45,,9049,4,,,0,147,,9050,4,,,0,122,,9051,4,,,0
2201,'5566',742,,9052,4,,,0,685,,9053,4,,,0
1002101,'5566',714,,10236,4,,,0
