300,'5475',2359,,8453,19,,,0,100,,8454,19,,,0,100,,8455,19,,,0,100,,8456,19,,,0
300,'5527',609,,8481,19,,,0,49,,8480,19,,,0,99,,8482,19,,,0,89,,8457,19,,,0,68,,8458,19,,,0,40,,8459,19,,,0,75,,8461,19,,,0,30,,8462,19,,,0,74,,8463,19,,,0,74,,8460,19,,,0,35,,8464,19,,,0,80,,8465,19,,,0,35,,8466,19,,,0,75,,8467,19,,,0,80,,8468,19,,,0,35,,8469,19,,,0,70,,8470,19,,,0,35,,8471,19,,,0,76,,8472,19,,,0,76,,8473,19,,,0,47,,8474,19,,,0,75,,8475,19,,,0,76,,8476,19,,,0,50,,8477,19,,,0,101,,8478,19,,,0,100,,8479,19,,,0
300,'5565',638,,8483,19,,,0,95,,8484,19,,,0,88,,8497,19,,,0,94,,8486,19,,,0,94,,8487,19,,,0,95,,8488,19,,,0,55,,8485,19,,,0,99,,8489,19,,,0,100,,8490,19,,,0,100,,8491,19,,,0,100,,8492,19,,,0,145,,8493,19,,,0,56,,8494,19,,,0,97,,8495,19,,,0,102,,8496,19,,,0
300,'5566',556,,8498,19,,,0,71,,8499,19,,,0,30,,8500,19,,,0,73,,8501,19,,,0,73,,8502,19,,,0,35,,8503,19,,,0,75,,8504,19,,,0,35,,8505,19,,,0,75,,8506,19,,,0,35,,8507,19,,,0,75,,8508,19,,,0,74,,8509,19,,,0,35,,8510,19,,,0,75,,8511,19,,,0,39,,8512,19,,,0,75,,8513,19,,,0,73,,8514,19,,,0,40,,8515,19,,,0,74,,8516,19,,,0,35,,8517,19,,,0,79,,8518,19,,,0,76,,8519,19,,,0,36,,8520,19,,,0,76,,8521,19,,,0,31,,8522,19,,,0,102,,8523,19,,,0,100,,8524,19,,,0,104,,8525,19,,,0
601,'5475',2427,,8801,4,0,58,0,100,,8802,4,0,58,0,100,,8803,4,0,58,0
601,'5527',552,,8806,4,0,58,0,95,,8807,4,0,58,0,100,,8805,4,0,58,0,100,,8808,4,0,58,0,102,,8809,4,0,58,0,93,,8810,4,0,58,0,100,,8811,4,0,58,0,100,,8812,4,0,58,0,100,,8813,4,0,58,0,100,,8814,4,0,58,0,100,,8815,4,0,58,0,100,,8816,4,0,58,0,105,,8817,4,0,58,0,105,,8818,4,0,58,0,95,,8819,4,0,58,0,110,,8820,4,0,58,0,155,,8821,4,0,58,0,110,,8804,4,0,58,0
601,'5565',547,,8822,4,0,58,0,110,,8823,4,0,58,0,145,,8824,4,0,58,0,110,,8825,4,0,58,0,40,,8827,4,0,58,0,100,,8828,4,0,58,0,90,,8829,4,0,58,0,100,,8826,4,0,58,0,100,,8830,4,0,58,0,100,,8831,4,0,58,0,100,,8832,4,0,58,0,100,,8833,4,0,58,0,105,,8834,4,0,58,0,160,,8835,4,0,58,0,110,,8836,4,0,58,0
601,'5566',547,,8837,4,0,58,0,77,,8838,4,0,58,0,77,,8839,4,0,58,0,37,,8840,4,0,58,0,85,,8841,4,0,58,0,79,,8842,4,0,58,0,35,,8843,4,0,58,0,115,,8844,4,0,58,0,160,,8845,4,0,58,0,125,,8846,4,0,58,0,84,,8847,4,0,58,0,87,,8848,4,0,58,0,47,,8849,4,0,58,0,82,,8850,4,0,58,0,82,,8851,4,0,58,0,83,,8852,4,0,58,0,43,,8853,4,0,58,0,102,,8854,4,0,58,0,110,,8855,4,0,58,0,155,,8856,4,0,58,0,110,,8857,4,0,58,0
2401,'5566',738,,9055,4,0,15 16 11,0
3100,'5527',904,,9061,4,,,0,105,,9065,4,,,0,110,,9059,4,,,0,109,,9058,4,,,0,109,,9060,4,,,0,115,,9062,4,,,0,156,,9064,4,,,0,110,,9063,4,,,0
3100,'5565',1009,,9072,4,,,0,110,,9066,4,,,0,109,,9067,4,,,0,110,,9068,4,,,0,115,,9069,4,,,0,156,,9071,4,,,0,110,,9070,4,,,0
3100,'5566',725,,9073,4,,,0,33,,9074,4,,,0,71,,9075,4,,,0,104,,9076,4,,,0,106,,9077,4,,,0,110,,9078,4,,,0,109,,9079,4,,,0,154,,9080,4,,,0,96,,9081,4,,,0,37,,9082,4,,,0,77,,9083,4,,,0,35,,9084,4,,,0,76,,9085,4,,,0,75,,9086,4,,,0
1003100,'5475',2354,,10237,4,,,0,100,,10238,4,,,0,100,,10239,4,,,0,100,,10240,4,,,0
1003100,'5527',731,,10254,4,,,0,101,,10243,4,,,0,99,,10242,4,,,0,110,,10241,4,,,0,110,,10249,4,,,0,150,,10253,4,,,0,114,,10246,4,,,0,114,,10250,4,,,0,111,,10247,4,,,0,111,,10248,4,,,0,75,,10244,4,,,0,115,,10245,4,,,0,102,,10252,4,,,0,98,,10251,4,,,0
1003100,'5565',729,,10266,4,,,0,102,,10258,4,,,0,102,,10256,4,,,0,108,,10260,4,,,0,110,,10257,4,,,0,150,,10255,4,,,0,115,,10261,4,,,0,114,,10262,4,,,0,111,,10259,4,,,0,180,,10263,4,,,0,120,,10264,4,,,0,103,,10265,4,,,0
1003100,'5566',638,,10267,4,,,0,68,,10268,4,,,0,31,,10269,4,,,0,71,,10270,4,,,0,50,,10271,4,,,0,144,,10272,4,,,0,109,,10273,4,,,0,109,,10274,4,,,0,115,,10275,4,,,0,109,,10276,4,,,0,81,,10277,4,,,0,75,,10278,4,,,0,37,,10279,4,,,0,75,,10280,4,,,0,34,,10281,4,,,0,80,,10282,4,,,0,86,,10283,4,,,0,122,,10284,4,,,0,103,,10285,4,,,0,110,,10286,4,,,0
24003100,'5566',532,,10334,4,,,0,68,,10335,4,,,0,29,,10336,4,,,0,27,,10337,4,,,0
