201,'5475',2257,,8341,3,,,0,70,,8342,3,,,0,30,,8343,3,,,0,70,,8344,3,,,0,30,,8345,3,,,0,70,,8346,3,,,0,30,,8347,3,,,0,70,,8348,3,,,0,30,,8349,3,,,0
201,'5527',634,,8350,3,,,0,85,,8351,3,,,0,38,,8352,3,,,0,69,,8353,3,,,0,30,,8354,3,,,0,70,,8355,3,,,0,30,,8356,3,,,0,70,,8357,3,,,0,30,,8358,3,,,0,72,,8359,3,,,0,29,,8360,3,,,0,71,,8361,3,,,0,30,,8362,3,,,0,70,,8363,3,,,0,31,,8364,3,,,0,70,,8365,3,,,0,29,,8366,3,,,0,70,,8367,3,,,0,31,,8368,3,,,0,70,,8369,3,,,0,29,,8370,3,,,0,70,,8371,3,,,0,30,,8372,3,,,0,70,,8373,3,,,0,29,,8374,3,,,0,69,,8375,3,,,0,29,,8376,3,,,0,71,,8377,3,,,0,75,,8378,3,,,0,40,,8379,3,,,0,81,,8380,3,,,0
201,'5565',634,,8381,3,,,0,85,,8382,3,,,0,85,,8383,3,,,0,44,,8384,3,,,0,84,,8385,3,,,0,85,,8386,3,,,0,84,,8387,3,,,0,45,,8388,3,,,0,81,,8389,3,,,0,80,,8390,3,,,0,40,,8391,3,,,0,80,,8392,3,,,0,80,,8393,3,,,0,40,,8394,3,,,0,80,,8395,3,,,0,81,,8396,3,,,0,40,,8397,3,,,0,80,,8398,3,,,0,80,,8399,3,,,0,41,,8400,3,,,0,78,,8401,3,,,0,92,,8402,3,,,0
201,'5566',502,,8404,3,,,0,45,,8405,3,,,0,65,,8406,3,,,0,34,,8407,3,,,0,58,,8408,3,,,0,16,,8409,3,,,0,14,,8410,3,,,0,15,,8411,3,,,0,57,,8412,3,,,0,21,,8413,3,,,0,25,,8414,3,,,0,70,,8415,3,,,0,28,,8416,3,,,0,67,,8417,3,,,0,25,,8418,3,,,0,64,,8419,3,,,0,25,,8420,3,,,0,25,,8421,3,,,0,66,,8422,3,,,0,25,,8423,3,,,0,65,,8424,3,,,0,25,,8425,3,,,0,65,,8426,3,,,0,20,,8427,3,,,0,13,,8403,3,0,9 10,0,5,,8428,3,,,0,15,,8429,3,,,0,56,,8430,3,,,0,15,,8431,3,,,0,16,,8432,3,,,0,15,,8433,3,,,0,55,,8434,3,,,0,15,,8435,3,,,0,14,,8436,3,,,0,16,,8437,3,,,0,55,,8438,3,,,0,16,,8439,3,,,0,15,,8440,3,,,0,60,,8441,3,,,0,20,,8442,3,,,0,20,,8443,3,,,0,60,,8444,3,,,0,20,,8445,3,,,0,20,,8446,3,,,0,61,,8447,3,,,0,25,,8448,3,,,0,30,,8449,3,,,0,68,,8450,3,,,0,30,,8451,3,,,0,70,,8452,3,,,0
900,'5475',2321,,8885,43,0,17 10,0,100,,8886,43,0,17 10,0,100,,8887,43,0,17 10,0,100,,8888,43,0,17 10,0,100,,8889,43,0,17 10,0
900,'5527',706,,8890,43,,,0,101,,8891,43,,,0,100,,8892,43,,,0,101,,8893,43,,,0,106,,8894,43,,,0,95,,8895,43,,,0,106,,8896,43,,,0,100,,8897,43,0,17 10,0,100,,8898,43,0,17 10,0,100,,8899,43,,,0,104,,8900,52,,,0,96,,8901,43,0,17 10,0,99,,8902,43,,,0,95,,8903,43,,,0,99,,8904,43,,,0,105,,8905,43,0,17 10,0
900,'5565',707,,8907,43,0,17 10,0,100,,8908,43,0,17 10,0,100,,8909,43,0,17 10,0,100,,8906,43,0,17 10,0,107,,8910,43,0,17 10,0,95,,8911,43,0,17 10,0,105,,8912,43,0,17 10,0,99,,8913,43,0,17 10,0,100,,8914,43,0,17 10,0,100,,8915,43,0,17 10,0,100,,8916,43,0,17 10,0,100,,8917,43,0,17 10,0,100,,8918,43,0,17 10,0,95,,8919,43,0,17 10,0
900,'5566',606,,8920,43,0,17 10,0,108,,8921,43,0,17 10,0,99,,8922,43,0,17 10,0,103,,8923,43,0,17 10,0,99,,8924,43,0,17 10,0,101,,8925,43,0,17 10,0,100,,8926,43,0,17 10,0,100,,8927,43,0,17 10,0,101,,8928,43,0,17 10,0,99,,8929,43,0,17 10,0,100,,8930,43,0,17 10,0,102,,8931,43,0,17 10,0,100,,8932,43,0,17 10,0,98,,8933,43,0,17 10,0,99,,8934,43,0,17 10,0,99,,8935,43,0,17 10,0,100,,8936,43,0,17 10,0
2600,'5566',1516,,9056,45,0,9 10 11,0
2601,'5566',758,,9057,56,0,9 10 11,0
