301,'5475',2341,,8530,6,,,0,100,,8526,23,,,0,100,,8527,23,,,0,100,,8528,23,,,0
301,'5527',559,,8556,23,,,0,93,,8555,23,,,0,91,,8554,23,,,0,101,,8557,23,,,0,92,,8531,23,,,0,70,,8532,23,,,0,41,,8533,23,,,0,76,,8534,23,,,0,30,,8535,23,,,0,75,,8536,23,,,0,75,,8537,23,,,0,36,,8538,23,,,0,80,,8539,23,,,0,35,,8540,23,,,0,75,,8541,23,,,0,79,,8542,23,,,0,35,,8543,23,,,0,70,,8544,23,,,0,35,,8545,23,,,0,75,,8546,23,,,0,34,,8547,23,,,0,84,,8548,23,,,0,74,,8549,23,,,0,35,,8550,23,,,0,88,,8551,23,,,0,100,,8552,23,,,0
301,'5565',621,,8561,23,,,0,101,,8562,23,,,0,95,,8564,23,,,0,90,,8573,23,,,0,99,,8559,23,,,0,95,,8565,23,,,0,57,,8566,23,,,0,95,,8563,23,,,0,100,,8567,23,,,0,100,,8568,23,,,0,101,,8569,23,,,0,99,,8570,23,,,0,105,,8571,23,,,0,95,,8572,23,,,0,92,,8558,23,,,0
301,'5566',555,,8574,23,,,0,83,,8575,23,,,0,76,,8576,23,,,0,33,,8577,23,,,0,75,,8578,23,,,0,35,,8579,23,,,0,75,,8580,23,,,0,75,,8581,23,,,0,35,,8582,23,,,0,75,,8583,23,,,0,37,,8584,23,,,0,75,,8585,23,,,0,75,,8586,23,,,0,36,,8587,23,,,0,75,,8588,23,,,0,41,,8589,23,,,0,75,,8590,23,,,0,75,,8591,23,,,0,40,,8592,23,,,0,73,,8593,23,,,0,34,,8594,23,,,0,74,,8595,23,,,0,74,,8596,23,,,0,33,,8597,23,,,0,75,,8598,23,,,0,30,,8599,23,,,0,100,,8600,23,,,0,99,,8601,23,,,0
2400,'5566',1511,,9054,20,0,15 16 11,0
3101,'5527',815,,9090,14,,,0,104,,9089,14,,,0,103,,9087,14,,,0,112,,9094,14,,,0,111,,9095,14,,,0,110,,9088,14,,,0,155,,9093,14,,,0,114,,9091,14,,,0,109,,9092,14,,,0,109,,9096,14,,,0
3101,'5565',816,,9103,14,,,0,208,,9100,14,,,0,219,,9097,14,,,0,110,,9101,14,,,0,155,,9099,14,,,0,115,,9102,14,,,0,110,,9098,14,,,0
3101,'5566',642,,9104,14,,,0,84,,9105,14,,,0,31,,9106,14,,,0,72,,9107,14,,,0,74,,9108,14,,,0,47,,9109,14,,,0,105,,9110,14,,,0,150,,9111,14,,,0,110,,9112,14,,,0,115,,9113,14,,,0,116,,9114,14,,,0,80,,9115,14,,,0,74,,9116,14,,,0,37,,9117,14,,,0,73,,9118,14,,,0,30,,9119,14,,,0,18,,9120,14,,,0
1003101,'5475',2312,,10287,17,,,0,100,,10288,17,,,0,100,,10289,17,,,0,100,,10290,17,,,0,100,,10291,17,,,0
1003101,'5527',849,,10297,17,,,0,105,,10303,17,,,0,146,,10292,17,,,0,112,,10293,17,,,0,110,,10294,17,,,0,111,,10296,17,,,0,114,,10301,17,,,0,155,,10299,17,,,0,108,,10298,17,,,0,109,,10295,17,,,0,114,,10300,17,,,0,100,,10302,17,,,0
1003101,'5565',922,,10311,17,,,0,213,,10310,17,,,0,75,,10304,17,,,0,110,,10306,17,,,0,110,,10307,17,,,0,115,,10308,17,,,0,114,,10309,17,,,0,150,,10305,17,,,0,110,,10312,17,,,0,114,,10313,17,,,0,100,,10314,17,,,0
1003101,'5566',713,,10315,17,,,0,28,,10316,17,,,0,75,,10317,17,,,0,34,,10318,17,,,0,71,,10319,17,,,0,103,,10320,17,,,0,108,,10321,17,,,0,110,,10322,17,,,0,110,,10323,17,,,0,157,,10324,17,,,0,100,,10325,17,,,0,37,,10326,17,,,0,76,,10327,17,,,0,35,,10328,17,,,0,70,,10329,17,,,0,89,,10330,17,,,0,90,,10331,17,,,0,122,,10332,17,,,0,109,,10333,17,,,0
