100,'5475',2304,,8001,1,,,0,30,,8002,1,,,0,70,,8003,1,,,0,30,,8004,1,,,0,70,,8005,1,,,0,30,,8006,1,,,0,70,,8007,1,,,0,30,,8008,1,,,0,70,,8009,1,,,0
100,'5527',622,,8041,1,,,0,81,,8040,1,,,0,29,,8039,1,,,0,69,,8038,1,,,0,29,,8037,1,,,0,29,,8036,1,,,0,70,,8035,1,,,0,28,,8034,1,,,0,68,,8033,1,,,0,30,,8032,1,,,0,69,,8031,1,,,0,30,,8030,1,,,0,69,,8029,1,,,0,30,,8028,1,,,0,70,,8027,1,,,0,30,,8026,1,,,0,70,,8025,1,,,0,30,,8024,1,,,0,70,,8023,1,,,0,30,,8022,1,,,0,70,,8021,1,,,0,32,,8020,1,,,0,70,,8019,1,,,0,30,,8018,1,,,0,72,,8017,1,,,0,30,,8016,1,,,0,72,,8015,1,,,0,71,,8014,1,,,0,41,,8013,1,,,0,81,,8012,1,,,0,82,,8011,1,,,0,40,,8010,1,,,0
100,'5565',615,,8064,1,,,0,44,,8063,1,,,0,84,,8062,1,,,0,85,,8061,1,,,0,84,,8060,1,,,0,43,,8059,1,,,0,84,,8058,1,,,0,81,,8042,1,,,0,38,,8043,1,,,0,80,,8044,1,,,0,80,,8045,1,,,0,40,,8046,1,,,0,80,,8047,1,,,0,80,,8048,1,,,0,40,,8049,1,,,0,80,,8050,1,,,0,82,,8051,1,,,0,82,,8052,1,,,0,42,,8053,1,,,0,82,,8054,1,,,0,81,,8055,1,,,0,40,,8056,1,,,0,78,,8057,1,,,0,81,,8065,1,,,0
100,'5566',519,,8067,1,,,0,34,,8068,1,,,0,70,,8069,1,,,0,22,,8070,1,,,0,55,,8071,1,,,0,15,,8072,1,,,0,15,,8073,1,,,0,16,,8074,1,,,0,55,,8075,1,,,0,15,,8076,1,,,0,17,,8115,1,,,0,17,,8077,1,,,0,66,,8078,1,,,0,24,,8079,1,,,0,65,,8080,1,,,0,24,,8081,1,,,0,26,,8082,1,,,0,65,,8083,1,,,0,24,,8084,1,,,0,65,,8085,1,,,0,25,,8086,1,,,0,25,,8087,1,,,0,63,,8088,1,,,0,25,,8089,1,,,0,64,,8090,1,,,0,23,,8091,1,,,0,18,,8066,1,,,0,57,,8092,1,,,0,15,,8093,1,,,0,15,,8094,1,,,0,15,,8095,1,,,0,55,,8096,1,,,0,14,,8097,1,,,0,15,,8098,1,,,0,16,,8099,1,,,0,55,,8100,1,,,0,17,,8101,1,,,0,21,,8102,1,,,0,61,,8103,1,,,0,21,,8104,1,,,0,21,,8105,1,,,0,60,,8106,1,,,0,20,,8107,1,,,0,21,,8108,1,,,0,60,,8109,1,,,0,21,,8110,1,,,0,70,,8111,1,,,0,30,,8112,1,,,0,71,,8113,1,,,0,31,,8114,1,,,0
200,'5475',2245,,8228,1,,,0,70,,8229,1,,,0,30,,8230,1,,,0,70,,8231,1,,,0,30,,8232,1,,,0,70,,8233,1,,,0,30,,8234,1,,,0,70,,8235,1,,,0,30,,8236,1,,,0,70,,8237,1,0,17 10,0
200,'5527',558,,8238,1,,,0,84,,8239,1,,,0,74,,8240,1,,,0,28,,8241,1,,,0,69,,8242,1,,,0,29,,8243,1,,,0,67,,8244,1,,,0,30,,8245,1,,,0,68,,8246,1,,,0,28,,8247,1,,,0,70,,8248,1,,,0,30,,8249,1,,,0,70,,8250,1,,,0,30,,8251,1,,,0,70,,8252,1,,,0,30,,8253,1,,,0,70,,8254,1,,,0,30,,8255,1,,,0,70,,8256,1,,,0,30,,8257,1,,,0,70,,8258,1,,,0,31,,8259,1,,,0,70,,8260,1,,,0,30,,8261,1,,,0,72,,8262,1,,,0,30,,8263,1,,,0,71,,8264,1,,,0,32,,8265,1,,,0,77,,8266,1,,,0,83,,8267,1,,,0,43,,8268,1,,,0,76,,8269,1,,,0
200,'5565',634,,8291,1,,,0,85,,8290,1,,,0,84,,8289,1,,,0,43,,8288,1,,,0,83,,8287,1,,,0,84,,8286,1,,,0,41,,8285,1,,,0,80,,8270,1,,,0,80,,8271,1,,,0,40,,8272,1,,,0,80,,8273,1,,,0,80,,8274,1,,,0,40,,8275,1,,,0,80,,8276,1,,,0,81,,8277,1,,,0,41,,8278,1,,,0,81,,8279,1,,,0,81,,8280,1,,,0,84,,8281,1,,,0,42,,8282,1,,,0,79,,8283,1,,,0,84,,8284,1,,,0
200,'5566',534,,8292,1,,,0,71,,8293,1,,,0,27,,8294,1,,,0,18,,8295,1,,,0,56,,8296,1,,,0,14,,8297,1,,,0,15,,8298,1,,,0,13,,8299,1,,,0,53,,8300,1,,,0,19,,8301,1,,,0,18,,8340,1,,,0,21,,8302,1,,,0,64,,8303,1,,,0,25,,8304,1,,,0,65,,8305,1,,,0,25,,8306,1,,,0,66,,8307,1,,,0,25,,8308,1,,,0,25,,8309,1,,,0,65,,8310,1,,,0,25,,8311,1,,,0,63,,8312,1,,,0,23,,8313,1,,,0,23,,8314,1,,,0,64,,8315,1,,,0,21,,8316,1,,,0,16,,8317,1,,,0,59,,8318,1,,,0,16,,8319,1,,,0,15,,8320,1,,,0,15,,8321,1,,,0,55,,8322,1,,,0,15,,8323,1,,,0,15,,8324,1,,,0,56,,8325,1,,,0,15,,8326,1,,,0,18,,8327,1,,,0,20,,8328,1,,,0,61,,8329,1,,,0,22,,8330,1,,,0,21,,8331,1,,,0,60,,8332,1,,,0,20,,8333,1,,,0,20,,8334,1,,,0,61,,8335,1,,,0,25,,8336,1,,,0,72,,8337,1,,,0,30,,8338,1,,,0,70,,8339,1,,,0
2100,'5475',2124,,8981,12,,,0,130,,8982,12,,,0,175,,8983,12,,,0
2100,'5527',817,,8991,12,,,0,125,,8993,12,,,0,180,,8992,12,,,0,130,,8987,12,,,0,165,,8988,12,,,0,106,,8989,12,,,0,100,,8990,12,,,0,100,,8985,12,,,0,129,,8986,12,,,0,173,,8984,12,,,0
2100,'5565',849,,9001,12,,,0,104,,9002,12,,,0,173,,8994,12,,,0,132,,8996,12,,,0,174,,8995,12,,,0,175,,8997,12,,,0,130,,8998,12,,,0,166,,8999,12,,,0,126,,9000,12,,,0
2100,'5566',645,,9003,12,,,0,87,,9004,12,,,0,85,,9005,12,,,0,86,,9006,12,,,0,49,,9007,12,,,0,85,,9008,12,,,0,93,,9009,12,,,0,127,,9010,12,,,0,167,,9011,12,,,0,286,,9012,12,,,0,44,,9013,12,,,0,101,,9014,12,,,0,160,,9015,12,,,0
1002100,'5566',1526,,10234,12,,,0,76,,10235,12,,,0
