3101,'5527',756,,9090,4,,,0,144,,9089,4,,,0,102,,9087,4,,,0,110,,9094,4,,,0,110,,9095,4,,,0,110,,9088,4,,,0,115,,9093,4,,,0,155,,9091,4,,,0,110,,9092,4,,,0,110,,9096,4,,,0
3101,'5565',756,,9103,4,,,0,248,,9100,4,,,0,218,,9097,4,,,0,110,,9101,4,,,0,115,,9099,4,,,0,155,,9102,4,,,0,110,,9098,4,,,0
3101,'5566',621,,9104,4,,,0,85,,9105,4,,,0,29,,9106,4,,,0,72,,9107,4,,,0,35,,9108,4,,,0,87,,9109,4,,,0,103,,9110,4,,,0,110,,9111,4,,,0,110,,9112,4,,,0,155,,9113,4,,,0,114,,9114,4,,,0,81,,9115,4,,,0,35,,9116,4,,,0,77,,9117,4,,,0,34,,9118,4,,,0,71,,9119,4,,,0,18,,9120,4,,,0
3201,'5475',2321,,9121,4,0,5 49,0,100,,9122,4,0,5 49,0,100,,9123,4,0,5 49,0,100,,9124,4,0,5 49,0,100,,9125,4,0,5 49,0
3201,'5527',756,,9137,4,0,5 49,0,70,,9128,4,0,5 49,0,33,,9148,4,0,5 49,0,73,,9126,4,0,5 49,0,70,,9129,4,0,5 49,0,35,,9134,4,0,5 49,0,75,,9127,4,0,5 49,0,35,,9146,4,0,5 49,0,75,,9131,4,0,5 49,0,35,,9130,4,0,5 49,0,75,,9135,4,0,5 49,0,75,,9132,4,0,5 49,0,40,,9147,4,0,5 49,0,75,,9136,4,0,5 49,0,80,,9133,4,0,5 49,0,35,,9142,4,0,5 49,0,75,,9138,4,0,5 49,0,35,,9149,4,0,5 49,0,74,,9139,4,0,5 49,0,35,,9141,4,0,5 49,0,85,,9140,4,0,5 49,0,70,,9144,4,0,5 49,0,30,,9143,4,0,5 49,0,170,,9145,4,0,5 49,0
3201,'5565',756,,9164,4,0,5 49,0,103,,9163,4,0,5 49,0,144,,9158,4,0,5 49,0,33,,9165,4,0,5 49,0,76,,9152,4,0,5 49,0,35,,9151,4,0,5 49,0,75,,9159,4,0,5 49,0,35,,9150,4,0,5 49,0,75,,9160,4,0,5 49,0,75,,9155,4,0,5 49,0,40,,9161,4,0,5 49,0,75,,9156,4,0,5 49,0,80,,9157,4,0,5 49,0,35,,9154,4,0,5 49,0,74,,9162,4,0,5 49,0,35,,9153,4,0,5 49,0,110,,9166,4,0,5 49,0,155,,9167,4,0,5 49,0
3201,'5566',551,,9168,4,0,5 49,0,70,,9169,4,0,5 49,0,30,,9170,4,0,5 49,0,68,,9171,4,0,5 49,0,31,,9172,4,0,5 49,0,74,,9173,4,0,5 49,0,33,,9174,4,0,5 49,0,72,,9175,4,0,5 49,0,71,,9176,4,0,5 49,0,32,,9177,4,0,5 49,0,75,,9178,4,0,5 49,0,35,,9179,4,0,5 49,0,75,,9180,4,0,5 49,0,35,,9181,4,0,5 49,0,75,,9182,4,0,5 49,0,80,,9183,4,0,5 49,0,37,,9184,4,0,5 49,0,78,,9185,4,0,5 49,0,80,,9186,4,0,5 49,0,35,,9187,4,0,5 49,0,77,,9188,4,0,5 49,0,33,,9189,4,0,5 49,0,72,,9190,4,0,5 49,0,38,,9191,4,0,5 49,0,86,,9192,4,0,5 49,0,69,,9193,4,0,5 49,0,94,,9194,4,0,5 49,0,105,,9195,4,0,5 49,0
3900,'5566',626,,9376,4,,,0
1003101,'5475',2251,,10287,4,,,0,100,,10288,4,,,0,100,,10289,4,,,0,100,,10290,4,,,0,100,,10291,4,,,0
1003101,'5527',826,,10297,4,,,0,105,,10303,4,,,0,105,,10292,4,,,0,111,,10293,4,,,0,110,,10294,4,,,0,150,,10296,4,,,0,115,,10301,4,,,0,115,,10299,4,,,0,109,,10298,4,,,0,110,,10295,4,,,0,155,,10300,4,,,0,100,,10302,4,,,0
1003101,'5565',859,,10311,4,,,0,252,,10310,4,,,0,35,,10304,4,,,0,110,,10306,4,,,0,150,,10307,4,,,0,115,,10308,4,,,0,115,,10309,4,,,0,110,,10305,4,,,0,110,,10312,4,,,0,155,,10313,4,,,0,100,,10314,4,,,0
1003101,'5566',651,,10315,4,,,0,68,,10316,4,,,0,31,,10317,4,,,0,74,,10318,4,,,0,33,,10319,4,,,0,143,,10320,4,,,0,107,,10321,4,,,0,110,,10322,4,,,0,110,,10323,4,,,0,115,,10324,4,,,0,100,,10325,4,,,0,77,,10326,4,,,0,37,,10327,4,,,0,75,,10328,4,,,0,71,,10329,4,,,0,51,,10330,4,,,0,90,,10331,4,,,0,163,,10332,4,,,0,110,,10333,4,,,0
