301,'5475',2340,,8530,5,,,0,100,,8526,22,,,0,100,,8527,22,,,0,100,,8528,22,,,0
301,'5527',559,,8556,22,,,0,93,,8555,22,,,0,91,,8554,22,,,0,100,,8557,22,,,0,92,,8531,22,,,0,70,,8532,22,,,0,41,,8533,22,,,0,77,,8534,22,,,0,30,,8535,22,,,0,75,,8536,22,,,0,75,,8537,22,,,0,36,,8538,22,,,0,80,,8539,22,,,0,35,,8540,22,,,0,75,,8541,22,,,0,79,,8542,22,,,0,34,,8543,22,,,0,70,,8544,22,,,0,35,,8545,22,,,0,75,,8546,22,,,0,34,,8547,22,,,0,84,,8548,22,,,0,75,,8549,22,,,0,35,,8550,22,,,0,88,,8551,22,,,0,100,,8552,22,,,0
301,'5565',621,,8561,22,,,0,101,,8562,22,,,0,95,,8564,22,,,0,90,,8573,22,,,0,98,,8559,22,,,0,95,,8565,22,,,0,57,,8566,22,,,0,96,,8563,22,,,0,100,,8567,22,,,0,100,,8568,22,,,0,101,,8569,22,,,0,98,,8570,22,,,0,105,,8571,22,,,0,95,,8572,22,,,0,93,,8558,22,,,0
301,'5566',555,,8574,22,,,0,83,,8575,22,,,0,76,,8576,22,,,0,32,,8577,22,,,0,75,,8578,22,,,0,35,,8579,22,,,0,75,,8580,22,,,0,75,,8581,22,,,0,35,,8582,22,,,0,76,,8583,22,,,0,37,,8584,22,,,0,75,,8585,22,,,0,75,,8586,22,,,0,36,,8587,22,,,0,75,,8588,22,,,0,40,,8589,22,,,0,75,,8590,22,,,0,75,,8591,22,,,0,40,,8592,22,,,0,74,,8593,22,,,0,33,,8594,22,,,0,74,,8595,22,,,0,74,,8596,22,,,0,34,,8597,22,,,0,75,,8598,22,,,0,30,,8599,22,,,0,100,,8600,22,,,0,98,,8601,22,,,0
3101,'5527',815,,9090,13,,,0,104,,9089,13,,,0,103,,9087,13,,,0,112,,9094,13,,,0,110,,9095,13,,,0,110,,9088,13,,,0,155,,9093,13,,,0,114,,9091,13,,,0,110,,9092,13,,,0,109,,9096,13,,,0
3101,'5565',815,,9103,13,,,0,209,,9100,13,,,0,219,,9097,13,,,0,110,,9101,13,,,0,155,,9099,13,,,0,115,,9102,13,,,0,110,,9098,13,,,0
3101,'5566',642,,9104,13,,,0,84,,9105,13,,,0,30,,9106,13,,,0,72,,9107,13,,,0,75,,9108,13,,,0,47,,9109,13,,,0,104,,9110,13,,,0,150,,9111,13,,,0,110,,9112,13,,,0,115,,9113,13,,,0,117,,9114,13,,,0,80,,9115,13,,,0,74,,9116,13,,,0,37,,9117,13,,,0,72,,9118,13,,,0,30,,9119,13,,,0,18,,9120,13,,,0
1003101,'5475',2312,,10287,16,,,0,100,,10288,16,,,0,100,,10289,16,,,0,100,,10290,16,,,0,100,,10291,16,,,0
1003101,'5527',849,,10297,16,,,0,105,,10303,16,,,0,146,,10292,16,,,0,111,,10293,16,,,0,110,,10294,16,,,0,111,,10296,16,,,0,114,,10301,16,,,0,155,,10299,16,,,0,109,,10298,16,,,0,109,,10295,16,,,0,114,,10300,16,,,0,100,,10302,16,,,0
1003101,'5565',922,,10311,16,,,0,213,,10310,16,,,0,75,,10304,16,,,0,110,,10306,16,,,0,110,,10307,16,,,0,115,,10308,16,,,0,114,,10309,16,,,0,150,,10305,16,,,0,110,,10312,16,,,0,114,,10313,16,,,0,100,,10314,16,,,0
1003101,'5566',713,,10315,16,,,0,28,,10316,16,,,0,74,,10317,16,,,0,34,,10318,16,,,0,72,,10319,16,,,0,102,,10320,16,,,0,108,,10321,16,,,0,110,,10322,16,,,0,110,,10323,16,,,0,158,,10324,16,,,0,100,,10325,16,,,0,37,,10326,16,,,0,76,,10327,16,,,0,34,,10328,16,,,0,70,,10329,16,,,0,90,,10330,16,,,0,90,,10331,16,,,0,122,,10332,16,,,0,109,,10333,16,,,0
