101,'5475',2316,,8116,11,,,0,30,,8117,11,,,0,70,,8118,11,,,0,30,,8119,11,,,0,70,,8120,11,,,0,30,,8121,11,,,0,70,,8122,11,,,0,30,,8123,11,,,0,70,,8124,11,0,9 10,0
101,'5527',616,,8156,11,,,0,85,,8155,11,,,0,44,,8154,11,,,0,70,,8153,11,,,0,30,,8152,11,,,0,71,,8151,11,,,0,30,,8150,11,,,0,70,,8149,11,,,0,30,,8148,11,,,0,71,,8147,11,,,0,30,,8146,11,,,0,70,,8145,11,,,0,30,,8144,11,,,0,70,,8143,11,,,0,31,,8142,11,,,0,70,,8141,11,,,0,30,,8140,11,,,0,70,,8139,11,,,0,30,,8138,11,,,0,70,,8137,11,,,0,30,,8136,11,,,0,70,,8135,11,,,0,30,,8134,11,,,0,70,,8133,11,,,0,30,,8132,11,,,0,69,,8131,11,,,0,28,,8130,11,,,0,70,,8129,11,,,0,30,,8128,11,,,0,80,,8127,11,,,0,80,,8126,11,,,0,40,,8125,11,,,0
101,'5565',611,,8157,11,,,0,90,,8158,11,,,0,44,,8159,11,,,0,86,,8160,11,,,0,85,,8161,11,,,0,84,,8162,11,,,0,45,,8163,11,,,0,84,,8164,11,,,0,83,,8165,11,,,0,40,,8166,11,,,0,80,,8167,11,,,0,80,,8168,11,,,0,40,,8169,11,,,0,80,,8170,11,,,0,80,,8171,11,,,0,40,,8172,11,,,0,80,,8173,11,,,0,80,,8174,11,,,0,40,,8175,11,,,0,81,,8176,11,,,0,80,,8177,11,,,0,40,,8178,11,,,0
101,'5566',536,,8179,11,,,0,65,,8180,11,,,0,35,,8181,11,,,0,65,,8182,11,,,0,16,,8183,11,,,0,17,,8184,11,,,0,15,,8185,11,,,0,55,,8186,11,,,0,18,,8187,11,,,0,22,,8188,11,,,0,68,,8189,11,,,0,28,,8190,11,,,0,70,,8191,11,,,0,25,,8192,11,,,0,24,,8193,11,,,0,65,,8194,11,,,0,26,,8195,11,,,0,65,,8196,11,,,0,25,,8197,11,,,0,65,,8198,11,,,0,25,,8199,11,,,0,25,,8200,11,,,0,65,,8201,11,,,0,20,,8202,11,,,0,14,,8203,11,,,0,55,,8204,11,,,0,15,,8205,11,,,0,15,,8206,11,,,0,15,,8207,11,,,0,55,,8208,11,,,0,15,,8209,11,,,0,15,,8210,11,,,0,15,,8211,11,,,0,56,,8212,11,,,0,15,,8213,11,,,0,15,,8214,11,,,0,17,,8215,11,,,0,61,,8216,11,,,0,20,,8217,11,,,0,20,,8218,11,,,0,60,,8219,11,,,0,20,,8220,11,,,0,20,,8221,11,,,0,60,,8222,11,,,0,30,,8223,11,,,0,70,,8224,11,,,0,28,,8225,11,,,0,70,,8226,11,,,0,30,,8227,11,,,0
200,'5475',2310,,8228,37,,,0,30,,8229,37,,,0,70,,8230,37,,,0,30,,8231,37,,,0,70,,8232,37,,,0,30,,8233,37,,,0,70,,8234,37,,,0,30,,8235,37,,,0,70,,8236,37,,,0,30,,8237,37,0,17 10,0
200,'5527',622,,8238,37,,,0,84,,8239,37,,,0,34,,8240,37,,,0,70,,8241,37,,,0,30,,8242,37,,,0,69,,8243,37,,,0,30,,8244,37,,,0,70,,8245,37,,,0,30,,8246,37,,,0,68,,8247,37,,,0,30,,8248,37,,,0,71,,8249,37,,,0,30,,8250,37,,,0,70,,8251,37,,,0,30,,8252,37,,,0,70,,8253,37,,,0,30,,8254,37,,,0,70,,8255,37,,,0,30,,8256,37,,,0,70,,8257,37,,,0,30,,8258,37,,,0,70,,8259,37,,,0,30,,8260,37,,,0,70,,8261,37,,,0,31,,8262,37,,,0,69,,8263,37,,,0,31,,8264,37,,,0,70,,8265,37,,,0,35,,8266,37,,,0,83,,8267,37,,,0,82,,8268,37,,,0,36,,8269,37,,,0
200,'5565',658,,8291,37,,,0,85,,8290,37,,,0,85,,8289,37,,,0,85,,8288,37,,,0,45,,8287,37,,,0,85,,8286,37,,,0,83,,8285,37,,,0,81,,8270,37,,,0,40,,8271,37,,,0,80,,8272,37,,,0,80,,8273,37,,,0,40,,8274,37,,,0,80,,8275,37,,,0,80,,8276,37,,,0,41,,8277,37,,,0,81,,8278,37,,,0,80,,8279,37,,,0,40,,8280,37,,,0,82,,8281,37,,,0,81,,8282,37,,,0,38,,8283,37,,,0,82,,8284,37,,,0
200,'5566',559,,8292,37,,,0,71,,8293,37,,,0,29,,8294,37,,,0,58,,8295,37,,,0,16,,8296,37,,,0,16,,8297,37,,,0,57,,8298,37,,,0,16,,8299,37,,,0,15,,8300,37,,,0,15,,8301,37,,,0,57,,8340,37,,,0,21,,8302,37,,,0,25,,8303,37,,,0,65,,8304,37,,,0,25,,8305,37,,,0,65,,8306,37,,,0,26,,8307,37,,,0,65,,8308,37,,,0,25,,8309,37,,,0,25,,8310,37,,,0,66,,8311,37,,,0,23,,8312,37,,,0,63,,8313,37,,,0,26,,8314,37,,,0,25,,8315,37,,,0,62,,8316,37,,,0,15,,8317,37,,,0,16,,8318,37,,,0,55,,8319,37,,,0,15,,8320,37,,,0,15,,8321,37,,,0,15,,8322,37,,,0,55,,8323,37,,,0,15,,8324,37,,,0,15,,8325,37,,,0,15,,8326,37,,,0,58,,8327,37,,,0,20,,8328,37,,,0,20,,8329,37,,,0,61,,8330,37,,,0,20,,8331,37,,,0,20,,8332,37,,,0,60,,8333,37,,,0,20,,8334,37,,,0,20,,8335,37,,,0,65,,8336,37,,,0,29,,8337,37,,,0,70,,8338,37,,,0,30,,8339,37,,,0
301,'5475',2435,,8526,17,,,0,100,,8527,17,,,0,100,,8528,17,,,0,100,,8529,17,0,17 10,0
301,'5527',553,,8556,17,,,0,93,,8555,17,,,0,90,,8554,17,,,0,100,,8557,17,,,0,92,,8531,17,,,0,30,,8532,17,,,0,81,,8533,17,,,0,76,,8534,17,,,0,30,,8535,17,,,0,75,,8536,17,,,0,35,,8537,17,,,0,76,,8538,17,,,0,80,,8539,17,,,0,35,,8540,17,,,0,75,,8541,17,,,0,79,,8542,17,,,0,35,,8543,17,,,0,70,,8544,17,,,0,35,,8545,17,,,0,75,,8546,17,,,0,34,,8547,17,,,0,84,,8548,17,,,0,75,,8549,17,,,0,35,,8550,17,,,0,88,,8551,17,,,0,100,,8552,17,,,0,99,,8553,17,0,17 10,0
301,'5565',614,,8561,17,,,0,101,,8562,17,,,0,95,,8564,17,,,0,90,,8573,17,,,0,58,,8559,17,,,0,95,,8565,17,,,0,97,,8566,17,,,0,95,,8563,17,,,0,100,,8567,17,,,0,100,,8568,17,,,0,101,,8569,17,,,0,99,,8570,17,,,0,105,,8571,17,,,0,95,,8572,17,,,0,93,,8558,17,,,0,99,,8560,17,0,17 10,0
301,'5566',551,,8574,17,,,0,80,,8575,17,,,0,76,,8576,17,,,0,32,,8577,17,,,0,75,,8578,17,,,0,35,,8579,17,,,0,75,,8580,17,,,0,35,,8581,17,,,0,75,,8582,17,,,0,75,,8583,17,,,0,37,,8584,17,,,0,75,,8585,17,,,0,35,,8586,17,,,0,76,,8587,17,,,0,75,,8588,17,,,0,40,,8589,17,,,0,75,,8590,17,,,0,35,,8591,17,,,0,80,,8592,17,,,0,74,,8593,17,,,0,34,,8594,17,,,0,74,,8595,17,,,0,34,,8596,17,,,0,74,,8597,17,,,0,75,,8598,17,,,0,30,,8599,17,,,0,100,,8600,17,,,0,99,,8601,17,,,0,99,,8602,17,0,17 10,0
900,'5527',1653,,8900,9,0,34 2 13 14,0
