3101,'5527',759,,9090,5,,,0,143,,9089,5,,,0,102,,9087,5,,,0,111,,9094,5,,,0,110,,9095,5,,,0,110,,9088,5,,,0,115,,9093,5,,,0,155,,9091,5,,,0,110,,9092,5,,,0,109,,9096,5,,,0
3101,'5565',759,,9103,5,,,0,247,,9100,5,,,0,218,,9097,5,,,0,110,,9101,5,,,0,115,,9099,5,,,0,155,,9102,5,,,0,110,,9098,5,,,0
3101,'5566',624,,9104,5,,,0,85,,9105,5,,,0,29,,9106,5,,,0,72,,9107,5,,,0,34,,9108,5,,,0,87,,9109,5,,,0,104,,9110,5,,,0,110,,9111,5,,,0,110,,9112,5,,,0,155,,9113,5,,,0,114,,9114,5,,,0,81,,9115,5,,,0,35,,9116,5,,,0,77,,9117,5,,,0,34,,9118,5,,,0,70,,9119,5,,,0,18,,9120,5,,,0
3201,'5475',2323,,9121,5,0,5 49,0,100,,9122,5,0,5 49,0,100,,9123,5,0,5 49,0,100,,9124,5,0,5 49,0,100,,9125,5,0,5 49,0
3201,'5527',759,,9137,5,0,5 49,0,70,,9128,5,0,5 49,0,73,,9148,5,0,5 49,0,32,,9126,5,0,5 49,0,70,,9129,5,0,5 49,0,35,,9134,5,0,5 49,0,75,,9127,5,0,5 49,0,36,,9146,5,0,5 49,0,75,,9131,5,0,5 49,0,75,,9130,5,0,5 49,0,35,,9135,5,0,5 49,0,75,,9132,5,0,5 49,0,40,,9147,5,0,5 49,0,75,,9136,5,0,5 49,0,80,,9133,5,0,5 49,0,35,,9142,5,0,5 49,0,74,,9138,5,0,5 49,0,35,,9149,5,0,5 49,0,75,,9139,5,0,5 49,0,35,,9141,5,0,5 49,0,85,,9140,5,0,5 49,0,70,,9144,5,0,5 49,0,30,,9143,5,0,5 49,0,170,,9145,5,0,5 49,0
3201,'5565',758,,9164,5,0,5 49,0,144,,9163,5,0,5 49,0,104,,9158,5,0,5 49,0,33,,9165,5,0,5 49,0,75,,9152,5,0,5 49,0,35,,9151,5,0,5 49,0,75,,9159,5,0,5 49,0,35,,9150,5,0,5 49,0,75,,9160,5,0,5 49,0,75,,9155,5,0,5 49,0,40,,9161,5,0,5 49,0,75,,9156,5,0,5 49,0,80,,9157,5,0,5 49,0,35,,9154,5,0,5 49,0,75,,9162,5,0,5 49,0,35,,9153,5,0,5 49,0,110,,9166,5,0,5 49,0,155,,9167,5,0,5 49,0
3201,'5566',553,,9168,5,0,5 49,0,70,,9169,5,0,5 49,0,30,,9170,5,0,5 49,0,69,,9171,5,0,5 49,0,31,,9172,5,0,5 49,0,74,,9173,5,0,5 49,0,73,,9174,5,0,5 49,0,31,,9175,5,0,5 49,0,71,,9176,5,0,5 49,0,32,,9177,5,0,5 49,0,76,,9178,5,0,5 49,0,35,,9179,5,0,5 49,0,75,,9180,5,0,5 49,0,35,,9181,5,0,5 49,0,75,,9182,5,0,5 49,0,80,,9183,5,0,5 49,0,37,,9184,5,0,5 49,0,79,,9185,5,0,5 49,0,79,,9186,5,0,5 49,0,35,,9187,5,0,5 49,0,77,,9188,5,0,5 49,0,32,,9189,5,0,5 49,0,72,,9190,5,0,5 49,0,38,,9191,5,0,5 49,0,86,,9192,5,0,5 49,0,70,,9193,5,0,5 49,0,94,,9194,5,0,5 49,0,105,,9195,5,0,5 49,0
3900,'5527',859,,9353,6,0,7 8,0,161,,9354,6,0,7 8,0,106,,9352,6,0,7 8,0,176,,9355,6,0,7 8,0,110,,9357,6,0,7 8,0,130,,9356,6,0,7 8,0,104,,9359,6,0,7 8,0,154,,9358,6,0,7 8,0
3900,'5565',858,,9363,6,0,7 8,0,160,,9366,6,0,7 8,0,107,,9361,6,0,7 8,0,176,,9360,6,0,7 8,0,110,,9364,6,0,7 8,0,130,,9362,6,0,7 8,0,104,,9367,6,0,7 8,0,114,,9365,6,0,7 8,0
3900,'5566',628,,9376,5,,,0,278,,9372,6,0,7 8,0,107,,9373,6,0,7 8,0,109,,9374,6,0,7 8,0,185,,9375,6,0,7 8,0,120,,9370,6,0,7 8,0,190,,9371,6,0,7 8,0,110,,9368,6,0,7 8,0,128,,9369,6,0,7 8,0
1003101,'5475',2253,,10287,5,,,0,100,,10288,5,,,0,100,,10289,5,,,0,100,,10290,5,,,0,100,,10291,5,,,0
1003101,'5527',829,,10297,5,,,0,105,,10303,5,,,0,105,,10292,5,,,0,110,,10293,5,,,0,110,,10294,5,,,0,150,,10296,5,,,0,115,,10301,5,,,0,115,,10299,5,,,0,110,,10298,5,,,0,110,,10295,5,,,0,154,,10300,5,,,0,100,,10302,5,,,0
1003101,'5565',901,,10311,5,,,0,213,,10310,5,,,0,35,,10304,5,,,0,110,,10306,5,,,0,150,,10307,5,,,0,115,,10308,5,,,0,115,,10309,5,,,0,110,,10305,5,,,0,110,,10312,5,,,0,154,,10313,5,,,0,100,,10314,5,,,0
1003101,'5566',653,,10315,5,,,0,68,,10316,5,,,0,31,,10317,5,,,0,75,,10318,5,,,0,73,,10319,5,,,0,102,,10320,5,,,0,107,,10321,5,,,0,110,,10322,5,,,0,110,,10323,5,,,0,115,,10324,5,,,0,100,,10325,5,,,0,77,,10326,5,,,0,37,,10327,5,,,0,75,,10328,5,,,0,72,,10329,5,,,0,51,,10330,5,,,0,90,,10331,5,,,0,163,,10332,5,,,0,109,,10333,5,,,0
