5201,'4653',704,,9690,16,,,0,97,,9691,16,,,0,113,,9692,16,,,0,106,,9693,16,,,0,110,,9694,16,,,0,101,,9695,16,,,0,105,,9696,16,,,0,100,,9697,16,,,0,109,,9698,16,,,0,101,,9699,16,,,0,104,,9700,16,,,0,96,,9701,16,,,0,109,,9702,16,,,0,102,,9703,16,,,0,169,,9704,16,,,0,132,,9705,16,,,0
5201,'5394',747,,9706,16,,,0,100,,9707,16,,,0,101,,9708,16,,,0,98,,9709,16,,,0,100,,9710,16,,,0,100,,9711,16,,,0,99,,9712,16,,,0,100,,9713,16,,,0,100,,9714,16,,,0,101,,9715,16,,,0,100,,9716,16,,,0,100,,9717,16,,,0,100,,9718,16,,,0,110,,9719,16,,,0,169,,9720,16,,,0,175,,9721,16,,,0
5201,'5565',847,,9723,16,,,0,101,,9722,16,,,0,99,,9724,16,,,0,99,,9725,16,,,0,100,,9726,16,,,0,99,,9727,16,,,0,100,,9728,16,,,0,101,,9729,16,,,0,100,,9730,16,,,0,101,,9731,16,,,0,110,,9732,16,,,0,100,,9733,16,,,0,89,,9734,16,,,0
5401,'4653',601,,9784,45,,,0,100,,9785,74,,,0,119,,9786,74,,,0,90,,9787,74,,,0,111,,9788,74,,,0,107,,9789,74,,,0,110,,9790,74,,,0,102,,9791,74,,,0,111,,9792,74,,,0,106,,9793,74,,,0,102,,9794,74,,,0,99,,9795,74,,,0,99,,9796,74,,,0,96,,9797,74,,,0,103,,9798,74,,,0,102,,9799,74,,,0,169,,9800,74,,,0
5401,'5394',747,,9802,45,,,0,101,,9803,74,,,0,102,,9801,74,,,0,101,,9804,74,,,0,103,,9805,74,,,0,100,,9806,74,,,0,100,,9807,74,,,0,101,,9808,74,,,0,99,,9809,74,,,0,100,,9810,74,,,0,98,,9811,74,,,0,100,,9812,74,,,0,97,,9813,74,,,0,99,,9814,74,,,0,109,,9815,74,,,0,172,,9816,74,,,0
5401,'5565',847,,9818,45,,,0,100,,9819,74,,,0,102,,9820,74,,,0,103,,9821,74,,,0,100,,9822,74,,,0,100,,9823,74,,,0,99,,9824,74,,,0,99,,9825,74,,,0,100,,9826,74,,,0,100,,9827,74,,,0,99,,9828,74,,,0,107,,9829,74,,,0,98,,9830,74,,,0
5801,'4653',556,,9929,18,,,0,95,,9930,29,,,0,178,,9931,29,,,0,120,,9932,29,,,0,101,,9933,29,,,0,101,,9934,29,,,0,101,,9935,29,,,0,100,,9936,29,,,0,106,,9937,29,,,0,100,,9938,29,,,0,97,,9939,29,,,0,97,,9940,29,,,0,95,,9941,29,,,0,161,,9942,29,,,0,129,,9943,29,,,0
5801,'5394',816,,9944,29,,,0,119,,9945,29,,,0,104,,9946,29,,,0,100,,9947,29,,,0,102,,9948,29,,,0,99,,9949,29,,,0,100,,9950,29,,,0,97,,9951,29,,,0,100,,9952,29,,,0,100,,9953,29,,,0,100,,9954,29,,,0,170,,9955,29,,,0,129,,9956,29,,,0,100,,9957,29,,,0
5801,'5565',816,,9958,29,,,0,120,,9959,29,,,0,102,,9960,29,,,0,100,,9961,29,,,0,101,,9962,29,,,0,101,,9963,29,,,0,98,,9964,29,,,0,99,,9965,29,,,0,99,,9966,29,,,0,100,,9967,29,,,0,100,,9968,29,,,0,96,,9969,29,,,0,100,,9970,29,,,0
5900,'4653',1625,,9971,13,,,0,95,,9972,13,,,0
5901,'4653',653,,9973,20,,,0,100,,9974,20,,,0
