5100,'4528',528,,7392,24,0,37,0,80,,7393,24,0,37,0,25,,7394,24,0,37,0,67,,7395,24,0,37,0,14,,5108,24,0,37,0,12,,7396,24,0,37,0,21,,7397,24,0,37,0,56,,7398,24,0,37,0,18,,5112,24,0,37,0,15,,7399,24,0,37,0,15,,7400,24,0,37,0,55,,7401,24,0,37,0,15,,7391,24,0,37,0,22,,7402,24,0,37,0,61,,7403,24,0,37,0,26,,7404,24,0,37,0,27,,7405,24,0,37,0,66,,7406,24,0,37,0,27,,7407,24,0,37,0,65,,7408,24,0,37,0,25,,7409,24,0,37,0,17,,7410,24,0,37,0,60,,7411,24,0,37,0,20,,7412,24,0,37,0,20,,7413,24,0,37,0,58,,7414,24,0,37,0,20,,7415,24,0,37,0,20,,7416,24,0,37,0,58,,7417,24,0,37,0,23,,7418,24,0,37,0,18,,7419,24,0,37,0,56,,7420,24,0,37,0,15,,7421,24,0,37,0,16,,7422,24,0,37,0,15,,7423,24,0,37,0,54,,7424,24,0,37,0,16,,7425,24,0,37,0,14,,7426,24,0,37,0,15,,7427,24,0,37,0,54,,7428,24,0,37,0,14,,7429,24,0,37,0,20,,7430,24,0,37,0,59,,7431,24,0,37,0,20,,7432,24,0,37,0,25,,7433,24,0,37,0,65,,7434,24,0,37,0,27,,7441,24,0,37,0,70,,7435,24,0,37,0,30,,7436,24,0,37,0,65,,7437,24,0,37,0,30,,7438,24,0,37,0,70,,7440,24,0,37,0,28,,7439,24,0,37,0
5100,'4532',754,,7477,24,0,37,0,104,,7473,24,0,37,0,70,,7474,24,0,37,0,73,,7442,24,0,37,0,30,,7443,24,0,37,0,70,,7445,24,0,37,0,21,,7446,24,0,37,0,25,,7444,24,0,37,0,66,,7475,24,0,37,0,21,,7447,24,0,37,0,18,,7448,24,0,37,0,58,,7449,24,0,37,0,19,,7450,24,0,37,0,18,,7451,24,0,37,0,59,,7452,24,0,37,0,17,,7453,24,0,37,0,18,,7454,24,0,37,0,18,,7455,24,0,37,0,58,,7456,24,0,37,0,18,,7457,24,0,37,0,18,,7458,24,0,37,0,57,,7459,24,0,37,0,18,,7476,24,0,37,0,19,,7460,24,0,37,0,65,,7461,24,0,37,0,25,,7462,24,0,37,0,18,,7463,24,0,37,0,65,,7464,24,0,37,0,24,,7465,24,0,37,0,58,,7466,24,0,37,0,25,,7471,24,0,37,0,25,,7481,24,0,37,0,59,,7470,24,0,37,0,20,,7472,24,0,37,0,70,,7480,24,0,37,0,30,,7469,24,0,37,0,80,,7479,24,0,37,0,24,,7468,24,0,37,0,70,,7478,24,0,37,0,29,,7467,24,0,37,0
5100,'5221',754,,5220,24,0,37,0,101,,5205,24,0,37,0,70,,5219,24,0,37,0,31,,5196,24,0,37,0,75,,5209,24,0,37,0,72,,5197,24,0,37,0,37,,5210,24,0,37,0,77,,5198,24,0,37,0,37,,5211,24,0,37,0,75,,5199,24,0,37,0,80,,5212,24,0,37,0,33,,5200,24,0,37,0,80,,5202,24,0,37,0,35,,5203,24,0,37,0,75,,5213,24,0,37,0,75,,5204,24,0,37,0,35,,5214,24,0,37,0,74,,5201,24,0,37,0,33,,5215,24,0,37,0,73,,5208,24,0,37,0,29,,5216,24,0,37,0,75,,5207,24,0,37,0,30,,5218,24,0,37,0,73,,5206,24,0,37,0,99,,5217,24,0,37,0
5301,'4528',546,,7661,2,0,39 40,0,80,,7662,2,0,39 40,0,75,,7663,2,0,39 40,0,30,,7664,2,0,39 40,0,75,,7665,2,0,39 40,0,25,,7666,2,0,39 40,0,100,,7667,2,0,39 40,0,100,,7668,2,0,39 40,0,100,,7669,2,0,39 40,0,100,,7670,2,0,39 40,0,100,,7671,2,0,39 40,0,105,,7672,2,0,39 40,0,75,,7673,2,0,39 40,0,25,,7674,2,0,39 40,0,65,,7675,2,0,39 40,0,30,,7676,2,0,39 40,0,100,,7677,2,0,39 40,0,95,,7678,2,0,39 40,0,95,,7679,2,0,39 40,0,112,,7680,2,0,39 40,0,98,,7681,2,0,39 40,0
5301,'4532',812,,7694,2,0,39 40,0,104,,7682,2,0,39 40,0,105,,5456,2,0,39 40,0,95,,7684,2,0,39 40,0,100,,5457,2,0,39 40,0,100,,7686,2,0,39 40,0,100,,7688,2,0,39 40,0,100,,7689,2,0,39 40,0,100,,7690,2,0,39 40,0,100,,7685,2,0,39 40,0,95,,7691,2,0,39 40,0,100,,7683,2,0,39 40,0,110,,7692,2,0,39 40,0,100,,7687,2,0,39 40,0,110,,7693,2,0,39 40,0
5301,'5221',812,,7706,2,0,39 40,0,104,,7704,2,0,39 40,0,100,,7703,2,0,39 40,0,100,,7695,2,0,39 40,0,100,,7696,2,0,39 40,0,100,,7697,2,0,39 40,0,100,,7698,2,0,39 40,0,100,,7699,2,0,39 40,0,100,,7701,2,0,39 40,0,100,,7702,2,0,39 40,0,100,,7700,2,0,39 40,0,100,,7705,2,0,39 40,0,100,,7707,2,0,39 40,0
7100,'4528',516,,5867,2,0,35 36,0,110,,5866,2,,,0,95,,5864,2,,,0,100,,5868,2,,,0,100,,5865,2,,,0,321,,5869,2,,,0,175,,5872,2,,,0,27,,5870,2,0,35 36,0,78,,5871,2,,,0,100,,5873,2,,,0,110,,5874,2,,,0
7100,'4532',724,,5882,2,0,35 36,0,127,,5878,2,,,0,195,,5879,2,,,0,200,,5880,2,,,0,162,,5877,2,0,35 36,0,127,,5881,2,,,0,201,,5883,2,,,0,265,,5884,2,,,0,155,,5885,2,,,0
7100,'4623',1936,,5875,2,,,0,195,,5876,2,,,0
7100,'5221',1026,,5886,2,,,0,195,,5887,2,,,0,310,,5888,2,,,0,200,,5889,2,,,0
