100,'4528',531,,6216,23,,,0,72,,6217,23,,,0,30,,6215,23,,,0,20,,6219,23,,,0,61,,6220,23,,,0,20,,6218,23,,,0,17,,6221,23,,,0,60,,3821,23,,,0,16,,6222,23,,,0,18,,6223,23,,,0,55,,6224,23,,,0,16,,6226,23,,,0,18,,6225,23,,,0,17,,6227,23,,,0,59,,6228,23,,,0,19,,6229,23,,,0,20,,6230,23,,,0,62,,6231,23,,,0,22,,6232,23,,,0,26,,6233,23,,,0,64,,6235,23,,,0,22,,6234,23,,,0,62,,6236,23,,,0,24,,6237,23,,,0,23,,6239,23,,,0,61,,6238,23,,,0,23,,6240,23,,,0,62,,6241,23,,,0,26,,6242,23,,,0,16,,6243,23,,,0,15,,6244,23,,,0,55,,6245,23,,,0,15,,6246,23,,,0,15,,6247,23,,,0,15,,6248,23,,,0,55,,6249,23,,,0,13,,6250,23,,,0,14,,6251,23,,,0,14,,6252,23,,,0,55,,6253,23,,,0,15,,6254,23,,,0,20,,6255,23,,,0,60,,6256,23,,,0,24,,6257,23,,,0,22,,6264,23,,,0,64,,6258,23,,,0,25,,6259,23,,,0,63,,6260,23,,,0,25,,6265,23,,,0,25,,6261,23,,,0,66,,6262,23,,,0,29,,6263,23,,,0
100,'4532',822,,3870,23,,,0,299,,3873,23,,,0,332,,3882,23,,,0,363,,3889,23,,,0
100,'5560',620,,3898,23,,,0,81,,3899,23,,,0,40,,3900,23,,,0,81,,3901,23,,,0,80,,3902,23,,,0,50,,3903,23,,,0,88,,3904,23,,,0,80,,3905,23,,,0,85,,3906,23,,,0,38,,3919,23,,,0,80,,3907,23,,,0,80,,3908,23,,,0,41,,3909,23,,,0,80,,3910,23,,,0,80,,3911,23,,,0,40,,3912,23,,,0,79,,3913,23,,,0,79,,3914,23,,,0,40,,3915,23,,,0,77,,3916,23,,,0,38,,3917,23,,,0,76,,3918,23,,,0,85,,3920,23,,,0,94,,3921,23,,,0
100,'5562',615,,6266,23,,,0,32,,6267,23,,,0,70,,6268,23,,,0,30,,6269,23,,,0,111,,6270,23,,,0,77,,6271,23,,,0,72,,6272,23,,,0,37,,6273,23,,,0,108,,6274,23,,,0,70,,6275,23,,,0,30,,6276,23,,,0,71,,6277,23,,,0,30,,6278,23,,,0,70,,6279,23,,,0,100,,6280,23,,,0,30,,6281,23,,,0,70,,6282,23,,,0,30,,6283,23,,,0,69,,6284,23,,,0,24,,6285,23,,,0,99,,6286,23,,,0,75,,6287,23,,,0,34,,6288,23,,,0,74,,6289,23,,,0,75,,6290,23,,,0,34,,6291,23,,,0,75,,6292,23,,,0,34,,6293,23,,,0
100,'5563',620,,6294,23,,,0,81,,6295,23,,,0,40,,6296,23,,,0,81,,6297,23,,,0,80,,6298,23,,,0,50,,6299,23,,,0,88,,6300,23,,,0,80,,6301,23,,,0,85,,6302,23,,,0,38,,6315,23,,,0,80,,6303,23,,,0,80,,6304,23,,,0,41,,6305,23,,,0,80,,6306,23,,,0,80,,6307,23,,,0,40,,6308,23,,,0,79,,6309,23,,,0,79,,6310,23,,,0,40,,6311,23,,,0,77,,6312,23,,,0,38,,6313,23,,,0,76,,6314,23,,,0,85,,6316,23,,,0,94,,6317,23,,,0
200,'4528',551,,6418,28,,,0,74,,6419,28,,,0,29,,6420,28,,,0,71,,6421,28,,,0,17,,6422,28,,,0,15,,6423,28,,,0,63,,6424,28,,,0,16,,6425,28,,,0,18,,6426,28,,,0,61,,6427,28,,,0,20,,6428,28,,,0,23,,6429,28,,,0,61,,6430,28,,,0,21,,6431,28,,,0,62,,6432,28,,,0,23,,6433,28,,,0,23,,6434,28,,,0,62,,6435,28,,,0,23,,6436,28,,,0,22,,6437,28,,,0,61,,6438,28,,,0,23,,6439,28,,,0,66,,6440,28,,,0,26,,6441,28,,,0,20,,6442,28,,,0,66,,6443,28,,,0,18,,6444,28,,,0,15,,6445,28,,,0,56,,6446,28,,,0,15,,6447,28,,,0,14,,6448,28,,,0,15,,6449,28,,,0,55,,6450,28,,,0,14,,6451,28,,,0,15,,6452,28,,,0,14,,6453,28,,,0,55,,6454,28,,,0,18,,6455,28,,,0,20,,6456,28,,,0,60,,6457,28,,,0,20,,6458,28,,,0,19,,6459,28,,,0,60,,6465,28,,,0,29,,6460,28,,,0,24,,6461,28,,,0,65,,6462,28,,,0,23,,6466,28,,,0,62,,6463,28,,,0,29,,6464,28,,,0
200,'4532',659,,4076,28,,,0,288,,4081,28,,,0,361,,4088,28,,,0,329,,4095,28,,,0
200,'5560',623,,4106,28,,,0,35,,4107,28,,,0,81,,4108,28,,,0,86,,4109,28,,,0,81,,4110,28,,,0,43,,4111,28,,,0,82,,4112,28,,,0,96,,4113,28,,,0,89,,4114,28,,,0,86,,4115,28,,,0,41,,4116,28,,,0,80,,4117,28,,,0,80,,4118,28,,,0,40,,4119,28,,,0,80,,4120,28,,,0,80,,4121,28,,,0,38,,4122,28,,,0,80,,4123,28,,,0,79,,4124,28,,,0,39,,4125,28,,,0,79,,4126,28,,,0,40,,4128,28,,,0,78,,4127,28,,,0
200,'5562',624,,6467,28,,,0,110,,6468,28,,,0,72,,6469,28,,,0,33,,6470,28,,,0,71,,6471,28,,,0,121,,6472,28,,,0,76,,6473,28,,,0,33,,6474,28,,,0,70,,6476,28,,,0,30,,6477,28,,,0,98,,6475,28,,,0,70,,6478,28,,,0,30,,6479,28,,,0,70,,6480,28,,,0,29,,6481,28,,,0,70,,6482,28,,,0,99,,6484,28,,,0,29,,6483,28,,,0,68,,6485,28,,,0,27,,6486,28,,,0,29,,6487,28,,,0,75,,6488,28,,,0,78,,6489,28,,,0,35,,6490,28,,,0,75,,6491,28,,,0,34,,6492,28,,,0,73,,6493,28,,,0
200,'5563',623,,6494,28,,,0,35,,6495,28,,,0,81,,6496,28,,,0,86,,6497,28,,,0,81,,6498,28,,,0,43,,6499,28,,,0,82,,6500,28,,,0,96,,6501,28,,,0,89,,6502,28,,,0,86,,6503,28,,,0,41,,6504,28,,,0,80,,6505,28,,,0,80,,6506,28,,,0,40,,6507,28,,,0,80,,6508,28,,,0,80,,6509,28,,,0,38,,6510,28,,,0,80,,6511,28,,,0,79,,6512,28,,,0,39,,6513,28,,,0,79,,6514,28,,,0,40,,6516,28,,,0,78,,6515,28,,,0
601,'4528',611,,6932,47,,,0,40,,6933,47,,,0,78,,6935,47,,,0,79,,6936,47,,,0,40,,6937,47,,,0,85,,6934,47,,,0,75,,6938,47,,,0,117,,6939,47,,,0,121,,6940,47,,,0,165,,6941,47,,,0,44,,6942,47,,,0,87,,6924,47,,,0,89,,6925,47,,,0,83,,6926,47,,,0,36,,6928,47,,,0,84,,6929,47,,,0,80,,6930,47,,,0,101,,6927,47,,,0,109,,6931,47,,,0,113,,6922,47,,,0,107,,6923,47,,,0
601,'5560',609,,4600,47,0,57,0,111,,4601,47,0,57,0,108,,4602,47,0,57,0,105,,4603,47,0,57,0,86,,4605,47,0,57,0,103,,4606,47,0,57,0,90,,4607,47,0,57,0,101,,4604,47,0,57,0,100,,4608,47,0,57,0,100,,4609,47,0,57,0,100,,4610,47,0,57,0,98,,4611,47,0,57,0,104,,4612,47,0,57,0,119,,4613,47,0,57,0,109,,4614,47,0,57,0
601,'5562',614,,6945,47,,,0,100,,6946,47,,,0,103,,6944,47,,,0,97,,6947,47,,,0,102,,6948,47,,,0,100,,6949,47,,,0,96,,6950,47,,,0,102,,6951,47,,,0,100,,6952,47,,,0,99,,6953,47,,,0,99,,6954,47,,,0,99,,6955,47,,,0,105,,6956,47,,,0,103,,6957,47,,,0,95,,6958,47,,,0,107,,6959,47,,,0,114,,6960,47,,,0,110,,6943,47,,,0
601,'5563',609,,6961,47,,,0,111,,6962,47,,,0,108,,6963,47,,,0,105,,6964,47,,,0,86,,6966,47,,,0,103,,6967,47,,,0,90,,6968,47,,,0,101,,6965,47,,,0,100,,6969,47,,,0,100,,6970,47,,,0,100,,6971,47,,,0,98,,6972,47,,,0,104,,6973,47,,,0,119,,6974,47,,,0,109,,6975,47,,,0
1701,'4528',651,,7055,40,,,0,77,,7056,40,,,0,92,,7057,40,,,0,729,,7051,40,,,0,88,,7052,40,,,0,85,,7053,40,,,0,79,,7054,40,,,0,44,,7050,40,,,0
2100,'4528',656,,7068,31,,,0,88,,7064,31,,,0,84,,7065,31,,,0,98,,7066,31,,,0,85,,7067,31,,,0,33,,7069,31,,,0,99,,7063,31,,,0,165,,7061,31,,,0,132,,7062,31,,,0,282,,4736,31,,,0,84,,7059,31,,,0,102,,7060,31,,,0,120,,7058,31,,,0
2100,'5560',859,,4763,31,,,0,100,,4764,31,,,0,176,,4756,31,,,0,172,,4758,31,,,0,134,,4757,31,,,0,172,,4759,31,,,0,129,,4760,31,,,0,169,,4761,31,,,0,129,,4762,31,,,0
2100,'5562',821,,7077,31,,,0,135,,7079,31,,,0,180,,7078,31,,,0,183,,7073,31,,,0,118,,7074,31,,,0,103,,7075,31,,,0,98,,7076,31,,,0,98,,7071,31,,,0,175,,7072,31,,,0,132,,7070,31,,,0
2100,'5563',859,,7087,31,,,0,100,,7088,31,,,0,176,,7080,31,,,0,172,,7082,31,,,0,134,,7081,31,,,0,172,,7083,31,,,0,129,,7084,31,,,0,169,,7085,31,,,0,129,,7086,31,,,0
1002100,'4528',1544,,6120,36,,,0,80,,7909,36,,,0
