201,'4653',504,,8342,5,,,0,45,,8343,5,,,0,65,,8344,5,,,0,34,,8345,5,,,0,58,,8346,5,,,0,17,,8347,5,,,0,14,,8348,5,,,0,14,,8349,5,,,0,57,,8350,5,,,0,21,,8351,5,,,0,26,,8352,5,,,0,70,,8353,5,,,0,28,,8354,5,,,0,66,,8355,5,,,0,25,,8356,5,,,0,64,,8357,5,,,0,25,,8358,5,,,0,25,,8359,5,,,0,66,,8360,5,,,0,25,,8361,5,,,0,65,,8362,5,,,0,25,,8363,5,,,0,65,,8364,5,,,0,21,,8365,5,,,0,13,,8341,5,0,9 10,0,5,,8366,5,,,0,15,,8367,5,,,0,56,,8368,5,,,0,15,,8369,5,,,0,15,,8370,5,,,0,15,,8371,5,,,0,55,,8372,5,,,0,15,,8373,5,,,0,15,,8374,5,,,0,56,,8375,5,,,0,15,,8376,5,,,0,15,,8377,5,,,0,15,,8378,5,,,0,61,,8379,5,,,0,20,,8380,5,,,0,20,,8381,5,,,0,60,,8382,5,,,0,20,,8383,5,,,0,20,,8384,5,,,0,60,,8385,5,,,0,25,,8386,5,,,0,70,,8387,5,,,0,28,,8388,5,,,0,30,,8389,5,,,0,70,,8390,5,,,0
201,'5394',636,,8400,5,,,0,85,,8401,5,,,0,38,,8402,5,,,0,69,,8403,5,,,0,30,,8404,5,,,0,71,,8405,5,,,0,30,,8406,5,,,0,70,,8407,5,,,0,29,,8408,5,,,0,72,,8409,5,,,0,29,,8410,5,,,0,71,,8411,5,,,0,70,,8412,5,,,0,30,,8413,5,,,0,71,,8414,5,,,0,30,,8415,5,,,0,69,,8416,5,,,0,30,,8417,5,,,0,71,,8418,5,,,0,30,,8419,5,,,0,70,,8420,5,,,0,30,,8421,5,,,0,70,,8422,5,,,0,30,,8423,5,,,0,69,,8424,5,,,0,28,,8425,5,,,0,29,,8426,5,,,0,71,,8427,5,,,0,75,,8428,5,,,0,40,,8429,5,,,0,81,,8430,5,,,0
201,'5475',2259,,8391,5,,,0,70,,8392,5,,,0,30,,8393,5,,,0,70,,8394,5,,,0,30,,8395,5,,,0,70,,8396,5,,,0,30,,8397,5,,,0,70,,8398,5,,,0,30,,8399,5,,,0
201,'5565',636,,8431,5,,,0,85,,8432,5,,,0,85,,8433,5,,,0,44,,8434,5,,,0,85,,8435,5,,,0,85,,8436,5,,,0,84,,8437,5,,,0,45,,8438,5,,,0,81,,8439,5,,,0,80,,8440,5,,,0,40,,8441,5,,,0,80,,8442,5,,,0,80,,8443,5,,,0,40,,8444,5,,,0,80,,8445,5,,,0,80,,8446,5,,,0,40,,8447,5,,,0,80,,8448,5,,,0,80,,8449,5,,,0,41,,8450,5,,,0,78,,8451,5,,,0,92,,8452,5,,,0
900,'4653',608,,8885,45,0,17 10,0,108,,8886,45,0,17 10,0,100,,8887,45,0,17 10,0,102,,8888,45,0,17 10,0,99,,8889,45,0,17 10,0,101,,8890,45,0,17 10,0,101,,8891,45,0,17 10,0,100,,8892,45,0,17 10,0,101,,8893,45,0,17 10,0,99,,8894,45,0,17 10,0,100,,8895,45,0,17 10,0,102,,8896,45,0,17 10,0,99,,8897,45,0,17 10,0,98,,8898,45,0,17 10,0,99,,8899,45,0,17 10,0,99,,8900,45,0,17 10,0,99,,8901,45,0,17 10,0
900,'5394',707,,8907,45,,,0,101,,8908,45,,,0,100,,8909,45,,,0,102,,8910,45,,,0,106,,8911,45,,,0,95,,8912,45,,,0,107,,8913,45,,,0,99,,8914,45,0,17 10,0,100,,8915,45,0,17 10,0,100,,8916,45,,,0,104,,8917,54,,,0,96,,8918,45,0,17 10,0,99,,8919,45,,,0,94,,8920,45,,,0,99,,8921,45,,,0,105,,8922,45,0,17 10,0
900,'5475',2322,,8902,45,0,17 10,0,100,,8903,45,0,17 10,0,100,,8904,45,0,17 10,0,100,,8905,45,0,17 10,0,100,,8906,45,0,17 10,0
900,'5565',708,,8924,45,0,17 10,0,100,,8925,45,0,17 10,0,101,,8926,45,0,17 10,0,100,,8923,45,0,17 10,0,107,,8927,45,0,17 10,0,95,,8928,45,0,17 10,0,105,,8929,45,0,17 10,0,99,,8930,45,0,17 10,0,100,,8931,45,0,17 10,0,100,,8932,45,0,17 10,0,100,,8933,45,0,17 10,0,100,,8934,45,0,17 10,0,100,,8935,45,0,17 10,0,94,,8936,45,0,17 10,0
2600,'4653',1519,,9056,47,0,9 10 11,0
2601,'4653',801,,9057,58,0,9 10 11,0
