100,'4528',517,,6216,3,,,0,30,,6217,3,,,0,70,,6215,3,,,0,20,,6219,3,,,0,20,,6220,3,,,0,60,,6218,3,,,0,17,,6221,3,,,0,20,,3821,3,,,0,56,,6222,3,,,0,17,,6223,3,,,0,15,,6224,3,,,0,16,,6226,3,,,0,58,,6225,3,,,0,16,,6227,3,,,0,19,,6228,3,,,0,59,,6229,3,,,0,20,,6230,3,,,0,22,,6231,3,,,0,62,,6232,3,,,0,25,,6233,3,,,0,64,,6235,3,,,0,22,,6234,3,,,0,22,,6236,3,,,0,63,,6237,3,,,0,23,,6239,3,,,0,22,,6238,3,,,0,63,,6240,3,,,0,22,,6241,3,,,0,65,,6242,3,,,0,16,,6243,3,,,0,15,,6244,3,,,0,15,,6245,3,,,0,55,,6246,3,,,0,15,,6247,3,,,0,15,,6248,3,,,0,14,,6249,3,,,0,54,,6250,3,,,0,14,,6251,3,,,0,15,,6252,3,,,0,15,,6253,3,,,0,56,,6254,3,,,0,20,,6255,3,,,0,20,,6256,3,,,0,64,,6257,3,,,0,23,,6264,3,,,0,24,,6258,3,,,0,65,,6259,3,,,0,23,,6260,3,,,0,65,,6265,3,,,0,25,,6261,3,,,0,67,,6262,3,,,0,31,,6263,3,,,0
100,'4532',806,,3870,3,,,0,296,,3873,3,,,0,330,,3882,3,,,0,325,,3889,3,,,0
100,'5560',606,,3898,3,,,0,40,,3899,3,,,0,80,,3900,3,,,0,80,,3901,3,,,0,40,,3902,3,,,0,89,,3903,3,,,0,87,,3904,3,,,0,80,,3905,3,,,0,43,,3906,3,,,0,78,,3919,3,,,0,80,,3907,3,,,0,40,,3908,3,,,0,80,,3909,3,,,0,80,,3910,3,,,0,40,,3911,3,,,0,80,,3912,3,,,0,80,,3913,3,,,0,40,,3914,3,,,0,80,,3915,3,,,0,78,,3916,3,,,0,39,,3917,3,,,0,76,,3918,3,,,0,86,,3920,3,,,0,55,,3921,3,,,0
100,'5562',601,,6266,3,,,0,30,,6267,3,,,0,70,,6268,3,,,0,30,,6269,3,,,0,110,,6270,3,,,0,76,,6271,3,,,0,32,,6272,3,,,0,76,,6273,3,,,0,107,,6274,3,,,0,70,,6275,3,,,0,30,,6276,3,,,0,70,,6277,3,,,0,30,,6278,3,,,0,70,,6279,3,,,0,100,,6280,3,,,0,30,,6281,3,,,0,70,,6282,3,,,0,30,,6283,3,,,0,70,,6284,3,,,0,25,,6285,3,,,0,100,,6286,3,,,0,75,,6287,3,,,0,34,,6288,3,,,0,75,,6289,3,,,0,35,,6290,3,,,0,75,,6291,3,,,0,35,,6292,3,,,0,75,,6293,3,,,0
100,'5563',606,,6294,3,,,0,40,,6295,3,,,0,80,,6296,3,,,0,80,,6297,3,,,0,40,,6298,3,,,0,89,,6299,3,,,0,87,,6300,3,,,0,80,,6301,3,,,0,43,,6302,3,,,0,78,,6315,3,,,0,80,,6303,3,,,0,40,,6304,3,,,0,80,,6305,3,,,0,80,,6306,3,,,0,40,,6307,3,,,0,80,,6308,3,,,0,80,,6309,3,,,0,40,,6310,3,,,0,80,,6311,3,,,0,78,,6312,3,,,0,39,,6313,3,,,0,76,,6314,3,,,0,86,,6316,3,,,0,55,,6317,3,,,0
201,'4528',533,,6517,45,,,0,75,,6518,45,,,0,40,,6519,45,,,0,75,,6520,45,,,0,20,,4134,45,,,0,16,,6521,45,,,0,57,,6522,45,,,0,15,,6523,45,,,0,16,,6524,45,,,0,58,,6525,45,,,0,16,,6526,45,,,0,19,,6527,45,,,0,19,,6528,45,,,0,60,,6529,45,,,0,22,,6530,45,,,0,62,,6531,45,,,0,25,,6532,45,,,0,24,,6533,45,,,0,62,,6534,45,,,0,22,,6535,45,,,0,23,,6536,45,,,0,63,,6537,45,,,0,22,,6538,45,,,0,63,,6539,45,,,0,22,,6540,45,,,0,25,,6541,45,,,0,56,,6542,45,,,0,15,,6543,45,,,0,15,,6544,45,,,0,15,,6545,45,,,0,55,,6546,45,,,0,15,,6547,45,,,0,14,,6549,45,,,0,14,,6548,45,,,0,54,,6550,45,,,0,15,,6551,45,,,0,15,,6552,45,,,0,16,,6553,45,,,0,61,,6554,45,,,0,20,,6555,45,,,0,24,,6556,45,,,0,63,,6564,45,,,0,24,,6557,45,,,0,65,,6558,45,,,0,24,,6559,45,,,0,25,,6565,45,,,0,65,,6560,45,,,0,27,,6561,45,,,0,71,,6562,45,,,0,33,,6563,45,,,0
201,'4532',755,,4184,45,,,0,295,,4188,45,,,0,370,,4192,45,,,0,325,,4202,45,,,0
201,'5560',637,,4212,45,,,0,80,,4213,45,,,0,39,,4214,45,,,0,80,,4215,45,,,0,87,,4216,45,,,0,87,,4217,45,,,0,39,,4218,45,,,0,84,,4219,45,,,0,78,,4232,45,,,0,40,,4220,45,,,0,79,,4221,45,,,0,80,,4222,45,,,0,40,,4223,45,,,0,80,,4224,45,,,0,80,,4225,45,,,0,40,,4226,45,,,0,80,,4227,45,,,0,81,,4229,45,,,0,38,,4228,45,,,0,79,,4230,45,,,0,78,,4231,45,,,0,44,,4234,45,,,0,97,,4233,45,,,0
201,'5562',620,,6567,45,,,0,31,,6568,45,,,0,69,,6569,45,,,0,110,,6570,45,,,0,75,,6566,45,,,0,32,,6571,45,,,0,75,,6572,45,,,0,108,,6573,45,,,0,30,,6574,45,,,0,70,,6575,45,,,0,30,,6576,45,,,0,70,,6577,45,,,0,30,,6578,45,,,0,100,,6579,45,,,0,70,,6580,45,,,0,30,,6581,45,,,0,69,,6582,45,,,0,30,,6583,45,,,0,66,,6584,45,,,0,100,,6586,45,,,0,34,,6587,45,,,0,76,,6588,45,,,0,75,,6585,45,,,0,34,,6589,45,,,0,76,,6591,45,,,0,35,,6590,45,,,0,75,,6592,45,,,0,36,,6593,45,,,0
201,'5563',637,,6594,45,,,0,80,,6595,45,,,0,39,,6596,45,,,0,80,,6597,45,,,0,87,,6598,45,,,0,87,,6599,45,,,0,39,,6600,45,,,0,84,,6601,45,,,0,78,,6614,45,,,0,40,,6602,45,,,0,79,,6603,45,,,0,80,,6604,45,,,0,40,,6605,45,,,0,80,,6606,45,,,0,80,,6607,45,,,0,40,,6608,45,,,0,80,,6609,45,,,0,81,,6611,45,,,0,38,,6610,45,,,0,79,,6612,45,,,0,78,,6613,45,,,0,44,,6616,45,,,0,97,,6615,45,,,0
