300,'4653',553,,8453,14,,,0,70,,8454,14,,,0,30,,8455,14,,,0,73,,8456,14,,,0,32,,8457,14,,,0,75,,8458,14,,,0,75,,8459,14,,,0,35,,8460,14,,,0,75,,8461,14,,,0,35,,8462,14,,,0,74,,8463,14,,,0,74,,8464,14,,,0,35,,8465,14,,,0,75,,8466,14,,,0,39,,8467,14,,,0,75,,8468,14,,,0,33,,8469,14,,,0,80,,8470,14,,,0,74,,8471,14,,,0,35,,8472,14,,,0,80,,8473,14,,,0,76,,8474,14,,,0,36,,8475,14,,,0,77,,8476,14,,,0,31,,8477,14,,,0,102,,8478,14,,,0,100,,8479,14,,,0,105,,8480,14,,,0
300,'5394',606,,8509,14,,,0,49,,8508,14,,,0,99,,8510,14,,,0,88,,8485,14,,,0,68,,8486,14,,,0,40,,8487,14,,,0,75,,8489,14,,,0,29,,8490,14,,,0,74,,8491,14,,,0,74,,8488,14,,,0,34,,8492,14,,,0,80,,8493,14,,,0,35,,8494,14,,,0,75,,8495,14,,,0,81,,8496,14,,,0,35,,8497,14,,,0,70,,8498,14,,,0,35,,8499,14,,,0,76,,8500,14,,,0,36,,8501,14,,,0,88,,8502,14,,,0,75,,8503,14,,,0,36,,8504,14,,,0,90,,8505,14,,,0,101,,8506,14,,,0,101,,8507,14,,,0
300,'5475',2356,,8481,14,,,0,100,,8482,14,,,0,100,,8483,14,,,0,100,,8484,14,,,0
300,'5565',635,,8511,14,,,0,95,,8512,14,,,0,88,,8525,14,,,0,93,,8514,14,,,0,94,,8515,14,,,0,54,,8516,14,,,0,95,,8513,14,,,0,99,,8517,14,,,0,100,,8518,14,,,0,100,,8519,14,,,0,100,,8520,14,,,0,105,,8521,14,,,0,96,,8522,14,,,0,98,,8523,14,,,0,102,,8524,14,,,0
301,'4653',557,,8526,26,,,0,83,,8527,26,,,0,76,,8528,26,,,0,33,,8529,26,,,0,75,,8530,26,,,0,35,,8531,26,,,0,75,,8532,26,,,0,75,,8533,26,,,0,35,,8534,26,,,0,76,,8535,26,,,0,37,,8536,26,,,0,75,,8537,26,,,0,75,,8538,26,,,0,36,,8539,26,,,0,75,,8540,26,,,0,41,,8541,26,,,0,75,,8542,26,,,0,75,,8543,26,,,0,40,,8544,26,,,0,73,,8545,26,,,0,33,,8546,26,,,0,74,,8547,26,,,0,74,,8548,26,,,0,33,,8549,26,,,0,75,,8550,26,,,0,30,,8551,26,,,0,100,,8552,26,,,0,99,,8553,26,,,0
301,'5394',601,,8585,26,,,0,53,,8584,26,,,0,91,,8583,26,,,0,101,,8586,26,,,0,92,,8560,26,,,0,70,,8561,26,,,0,41,,8562,26,,,0,77,,8563,26,,,0,30,,8564,26,,,0,75,,8565,26,,,0,75,,8566,26,,,0,36,,8567,26,,,0,80,,8568,26,,,0,35,,8569,26,,,0,75,,8570,26,,,0,79,,8571,26,,,0,34,,8572,26,,,0,70,,8573,26,,,0,35,,8574,26,,,0,75,,8575,26,,,0,34,,8576,26,,,0,84,,8577,26,,,0,74,,8578,26,,,0,35,,8579,26,,,0,88,,8580,26,,,0,100,,8581,26,,,0
301,'5475',2343,,8559,9,,,0,100,,8555,26,,,0,100,,8556,26,,,0,100,,8557,26,,,0
301,'5565',623,,8590,26,,,0,101,,8591,26,,,0,95,,8593,26,,,0,90,,8602,26,,,0,99,,8588,26,,,0,95,,8594,26,,,0,97,,8595,26,,,0,56,,8592,26,,,0,100,,8596,26,,,0,100,,8597,26,,,0,101,,8598,26,,,0,98,,8599,26,,,0,145,,8600,26,,,0,55,,8601,26,,,0,92,,8587,26,,,0
2400,'4653',1514,,9054,23,0,15 16 11,0
3101,'4653',645,,9087,17,,,0,84,,9088,17,,,0,30,,9089,17,,,0,72,,9090,17,,,0,75,,9091,17,,,0,47,,9092,17,,,0,104,,9093,17,,,0,150,,9094,17,,,0,110,,9095,17,,,0,115,,9096,17,,,0,117,,9097,17,,,0,80,,9098,17,,,0,74,,9099,17,,,0,37,,9100,17,,,0,72,,9101,17,,,0,30,,9102,17,,,0,58,,9103,17,,,0
3101,'5394',818,,9107,17,,,0,104,,9106,17,,,0,103,,9104,17,,,0,112,,9111,17,,,0,110,,9112,17,,,0,110,,9105,17,,,0,155,,9110,17,,,0,114,,9108,17,,,0,110,,9109,17,,,0,109,,9113,17,,,0
3101,'5565',817,,9120,17,,,0,210,,9117,17,,,0,219,,9114,17,,,0,110,,9118,17,,,0,155,,9116,17,,,0,115,,9119,17,,,0,110,,9115,17,,,0
1003101,'4653',716,,10287,20,,,0,28,,10288,20,,,0,74,,10289,20,,,0,34,,10290,20,,,0,72,,10291,20,,,0,102,,10292,20,,,0,108,,10293,20,,,0,110,,10294,20,,,0,110,,10295,20,,,0,158,,10296,20,,,0,100,,10297,20,,,0,37,,10298,20,,,0,76,,10299,20,,,0,34,,10300,20,,,0,70,,10301,20,,,0,90,,10302,20,,,0,90,,10303,20,,,0,122,,10304,20,,,0,109,,10305,20,,,0
1003101,'5394',852,,10316,20,,,0,105,,10322,20,,,0,146,,10311,20,,,0,111,,10312,20,,,0,110,,10313,20,,,0,111,,10315,20,,,0,114,,10320,20,,,0,155,,10318,20,,,0,109,,10317,20,,,0,109,,10314,20,,,0,114,,10319,20,,,0,99,,10321,20,,,0
1003101,'5475',2315,,10306,20,,,0,100,,10307,20,,,0,100,,10308,20,,,0,100,,10309,20,,,0,100,,10310,20,,,0
1003101,'5565',924,,10330,20,,,0,214,,10329,20,,,0,75,,10323,20,,,0,110,,10325,20,,,0,110,,10326,20,,,0,115,,10327,20,,,0,154,,10328,20,,,0,110,,10324,20,,,0,110,,10331,20,,,0,114,,10332,20,,,0,99,,10333,20,,,0
