100,'4653',539,,8002,31,,,0,76,,8003,31,,,0,30,,8004,31,,,0,63,,8005,31,,,0,16,,8006,31,,,0,17,,8007,31,,,0,16,,8008,31,,,0,57,,8009,31,,,0,15,,8010,31,,,0,15,,8011,31,,,0,56,,8050,31,,,0,17,,8012,31,,,0,25,,8013,31,,,0,65,,8014,31,,,0,25,,8015,31,,,0,26,,8016,31,,,0,66,,8017,31,,,0,25,,8018,31,,,0,65,,8019,31,,,0,25,,8020,31,,,0,65,,8021,31,,,0,25,,8022,31,,,0,23,,8023,31,,,0,66,,8024,31,,,0,25,,8025,31,,,0,65,,8026,31,,,0,17,,8001,31,,,0,16,,8027,31,,,0,15,,8028,31,,,0,55,,8029,31,,,0,15,,8030,31,,,0,15,,8031,31,,,0,15,,8032,31,,,0,55,,8033,31,,,0,15,,8034,31,,,0,14,,8035,31,,,0,15,,8036,31,,,0,60,,8037,31,,,0,20,,8038,31,,,0,21,,8039,31,,,0,60,,8040,31,,,0,20,,8041,31,,,0,20,,8042,31,,,0,60,,8043,31,,,0,20,,8044,31,,,0,20,,8045,31,,,0,70,,8046,31,,,0,29,,8047,31,,,0,70,,8048,31,,,0,30,,8049,31,,,0
100,'5475',2324,,8051,31,,,0,30,,8052,31,,,0,70,,8053,31,,,0,30,,8054,31,,,0,70,,8055,31,,,0,30,,8056,31,,,0,70,,8057,31,,,0,30,,8058,31,,,0,70,,8059,31,,,0
100,'5527',644,,8091,31,,,0,81,,8090,31,,,0,31,,8089,31,,,0,70,,8088,31,,,0,29,,8087,31,,,0,70,,8086,31,,,0,30,,8085,31,,,0,70,,8084,31,,,0,29,,8083,31,,,0,70,,8082,31,,,0,30,,8081,31,,,0,70,,8080,31,,,0,30,,8079,31,,,0,70,,8078,31,,,0,30,,8077,31,,,0,70,,8076,31,,,0,30,,8075,31,,,0,70,,8074,31,,,0,30,,8073,31,,,0,70,,8072,31,,,0,30,,8071,31,,,0,70,,8070,31,,,0,30,,8069,31,,,0,70,,8068,31,,,0,31,,8067,31,,,0,69,,8066,31,,,0,30,,8065,31,,,0,70,,8064,31,,,0,80,,8063,31,,,0,40,,8062,31,,,0,81,,8061,31,,,0,80,,8060,31,,,0
100,'5565',635,,8114,31,,,0,85,,8113,31,,,0,86,,8112,31,,,0,45,,8111,31,,,0,85,,8110,31,,,0,85,,8109,31,,,0,85,,8108,31,,,0,41,,8092,31,,,0,80,,8093,31,,,0,80,,8094,31,,,0,40,,8095,31,,,0,80,,8096,31,,,0,80,,8097,31,,,0,40,,8098,31,,,0,80,,8099,31,,,0,81,,8100,31,,,0,41,,8101,31,,,0,80,,8102,31,,,0,82,,8103,31,,,0,40,,8104,31,,,0,79,,8105,31,,,0,80,,8106,31,,,0,38,,8107,31,,,0,79,,8115,31,,,0
201,'4653',506,,8342,12,,,0,46,,8343,12,,,0,65,,8344,12,,,0,34,,8345,12,,,0,58,,8346,12,,,0,17,,8347,12,,,0,14,,8348,12,,,0,15,,8349,12,,,0,57,,8350,12,,,0,21,,8351,12,,,0,25,,8352,12,,,0,70,,8353,12,,,0,28,,8354,12,,,0,67,,8355,12,,,0,25,,8356,12,,,0,64,,8357,12,,,0,25,,8358,12,,,0,65,,8359,12,,,0,26,,8360,12,,,0,25,,8361,12,,,0,65,,8362,12,,,0,25,,8363,12,,,0,65,,8364,12,,,0,21,,8365,12,,,0,14,,8341,12,0,9 10,0,5,,8366,12,,,0,55,,8367,12,,,0,15,,8368,12,,,0,15,,8369,12,,,0,15,,8370,12,,,0,55,,8371,12,,,0,15,,8372,12,,,0,15,,8373,12,,,0,15,,8374,12,,,0,56,,8375,12,,,0,15,,8376,12,,,0,15,,8377,12,,,0,15,,8378,12,,,0,60,,8379,12,,,0,20,,8380,12,,,0,20,,8381,12,,,0,60,,8382,12,,,0,20,,8383,12,,,0,20,,8384,12,,,0,60,,8385,12,,,0,25,,8386,12,,,0,70,,8387,12,,,0,28,,8388,12,,,0,70,,8389,12,,,0,29,,8390,12,,,0
201,'5475',2301,,8391,12,,,0,30,,8392,12,,,0,70,,8393,12,,,0,30,,8394,12,,,0,70,,8395,12,,,0,30,,8396,12,,,0,70,,8397,12,,,0,30,,8398,12,,,0,70,,8399,12,,,0
201,'5527',638,,8400,12,,,0,85,,8401,12,,,0,78,,8402,12,,,0,30,,8403,12,,,0,70,,8404,12,,,0,31,,8405,12,,,0,70,,8406,12,,,0,30,,8407,12,,,0,70,,8408,12,,,0,32,,8409,12,,,0,69,,8410,12,,,0,31,,8411,12,,,0,70,,8412,12,,,0,30,,8413,12,,,0,71,,8414,12,,,0,30,,8415,12,,,0,69,,8416,12,,,0,30,,8417,12,,,0,71,,8418,12,,,0,30,,8419,12,,,0,69,,8420,12,,,0,30,,8421,12,,,0,70,,8422,12,,,0,30,,8423,12,,,0,69,,8424,12,,,0,28,,8425,12,,,0,69,,8426,12,,,0,31,,8427,12,,,0,75,,8428,12,,,0,40,,8429,12,,,0,80,,8430,12,,,0
201,'5565',638,,8431,12,,,0,85,,8432,12,,,0,85,,8433,12,,,0,45,,8434,12,,,0,85,,8435,12,,,0,85,,8436,12,,,0,84,,8437,12,,,0,45,,8438,12,,,0,81,,8439,12,,,0,80,,8440,12,,,0,40,,8441,12,,,0,80,,8442,12,,,0,80,,8443,12,,,0,40,,8444,12,,,0,80,,8445,12,,,0,80,,8446,12,,,0,40,,8447,12,,,0,80,,8448,12,,,0,80,,8449,12,,,0,41,,8450,12,,,0,78,,8451,12,,,0,92,,8452,12,,,0
300,'4653',600,,8453,25,,,0,31,,8454,25,,,0,70,,8455,25,,,0,34,,8456,25,,,0,74,,8457,25,,,0,35,,8458,25,,,0,75,,8459,25,,,0,35,,8460,25,,,0,75,,8461,25,,,0,75,,8462,25,,,0,35,,8463,25,,,0,74,,8464,25,,,0,35,,8465,25,,,0,75,,8466,25,,,0,79,,8467,25,,,0,35,,8468,25,,,0,74,,8469,25,,,0,40,,8470,25,,,0,74,,8471,25,,,0,75,,8472,25,,,0,38,,8473,25,,,0,76,,8474,25,,,0,36,,8475,25,,,0,75,,8476,25,,,0,31,,8477,25,,,0,101,,8478,25,,,0,100,,8479,25,,,0,144,,8480,25,,,0
300,'5475',2403,,8481,25,,,0,100,,8482,25,,,0,100,,8483,25,,,0,100,,8484,25,,,0
300,'5527',613,,8509,25,,,0,89,,8508,25,,,0,99,,8510,25,,,0,49,,8485,25,,,0,69,,8486,25,,,0,40,,8487,25,,,0,75,,8489,25,,,0,70,,8490,25,,,0,35,,8491,25,,,0,74,,8488,25,,,0,35,,8492,25,,,0,80,,8493,25,,,0,75,,8494,25,,,0,35,,8495,25,,,0,80,,8496,25,,,0,35,,8497,25,,,0,70,,8498,25,,,0,35,,8499,25,,,0,76,,8500,25,,,0,75,,8501,25,,,0,47,,8502,25,,,0,75,,8503,25,,,0,75,,8504,25,,,0,50,,8505,25,,,0,101,,8506,25,,,0,100,,8507,25,,,0
300,'5565',642,,8511,25,,,0,95,,8512,25,,,0,88,,8525,25,,,0,94,,8514,25,,,0,95,,8515,25,,,0,95,,8516,25,,,0,95,,8513,25,,,0,99,,8517,25,,,0,100,,8518,25,,,0,100,,8519,25,,,0,100,,8520,25,,,0,105,,8521,25,,,0,96,,8522,25,,,0,96,,8523,25,,,0,102,,8524,25,,,0
401,'4653',627,,8603,46,,,0,110,,8604,46,,,0,20,,8605,46,,,0,84,,8606,46,,,0,97,,8607,46,,,0,100,,8608,46,,,0,101,,8609,46,,,0,101,,8610,46,,,0,99,,8611,46,,,0,103,,8612,46,,,0,64,,8613,46,,,0,37,,8614,46,,,0,102,,8615,46,,,0,98,,8616,46,,,0,96,,8617,46,,,0,97,,8618,46,,,0,100,,8619,46,,,0,99,,8620,46,,,0,122,,8621,46,,,0
401,'5475',2341,,8622,46,,,0,100,,8623,46,,,0,100,,8624,46,,,0,100,,8625,46,,,0
401,'5527',625,,8636,46,,,0,108,,8639,46,,,0,102,,8640,46,,,0,100,,8626,46,,,0,101,,8641,46,,,0,101,,8637,46,,,0,101,,8635,46,,,0,100,,8634,46,,,0,100,,8633,46,,,0,100,,8630,46,,,0,100,,8642,46,,,0,98,,8632,46,,,0,100,,8631,46,,,0,100,,8629,46,,,0,99,,8628,46,,,0,100,,8627,46,,,0,122,,8638,46,,,0
401,'5565',625,,8656,46,,,0,107,,8643,46,,,0,103,,8644,46,,,0,100,,8645,46,,,0,100,,8646,46,,,0,100,,8647,46,,,0,103,,8648,46,,,0,100,,8649,46,,,0,100,,8650,46,,,0,99,,8651,46,,,0,99,,8652,46,,,0,100,,8653,46,,,0,100,,8654,46,,,0,100,,8655,46,,,0
700,'5527',530,,8867,8,0,22 23,0,100,,8868,8,0,22 23,0,199,,8869,8,0,22 23,0,200,,8870,8,0,22 23,0,200,,8871,8,0,22 23,0,400,,8873,8,0,22 23,0,401,,8875,8,0,22 23,0
900,'4653',612,,8885,52,0,17 10,0,108,,8886,52,0,17 10,0,100,,8887,52,0,17 10,0,102,,8888,52,0,17 10,0,99,,8889,52,0,17 10,0,101,,8890,52,0,17 10,0,101,,8891,52,0,17 10,0,100,,8892,52,0,17 10,0,101,,8893,52,0,17 10,0,100,,8894,52,0,17 10,0,100,,8895,52,0,17 10,0,101,,8896,52,0,17 10,0,99,,8897,52,0,17 10,0,98,,8898,52,0,17 10,0,99,,8899,52,0,17 10,0,99,,8900,52,0,17 10,0,98,,8901,52,0,17 10,0
900,'5475',2326,,8902,52,0,17 10,0,100,,8903,52,0,17 10,0,100,,8904,52,0,17 10,0,100,,8905,52,0,17 10,0,100,,8906,52,0,17 10,0
900,'5527',710,,8907,52,,,0,101,,8908,52,,,0,100,,8909,52,,,0,102,,8910,52,,,0,107,,8911,52,,,0,95,,8912,52,,,0,107,,8913,52,,,0,99,,8914,52,0,17 10,0,100,,8915,52,0,17 10,0,100,,8916,52,,,0,104,,8917,61,,,0,96,,8918,52,0,17 10,0,98,,8919,52,,,0,94,,8920,52,,,0,99,,8921,52,,,0,105,,8922,52,0,17 10,0
900,'5565',712,,8924,52,0,17 10,0,100,,8925,52,0,17 10,0,101,,8926,52,0,17 10,0,100,,8923,52,0,17 10,0,107,,8927,52,0,17 10,0,95,,8928,52,0,17 10,0,105,,8929,52,0,17 10,0,99,,8930,52,0,17 10,0,100,,8931,52,0,17 10,0,100,,8932,52,0,17 10,0,100,,8933,52,0,17 10,0,100,,8934,52,0,17 10,0,100,,8935,52,0,17 10,0,94,,8936,52,0,17 10,0
1501,'4653',648,,8963,46,,,0,82,,8964,46,,,0,125,,8962,46,,,0,684,,8960,46,,,0,205,,8961,46,,,0,87,,8959,46,,,0
1501,'5527',953,,8965,46,,,0,172,,8966,46,,,0,430,,8967,46,,,0,171,,8968,46,,,0
1600,'4653',805,,8971,38,,,0,123,,8972,38,,,0,689,,8969,38,,,0,41,,8970,38,,,0
2600,'4653',1523,,9056,54,0,9 10 11,0
2601,'4653',805,,9057,65,0,9 10 11,0
1000700,'5527',730,,10219,8,0,24,0,199,,10220,8,0,24,0,200,,10221,8,0,24,0,200,,10222,8,0,24,0,400,,10224,8,0,24,0,201,,10225,8,0,24,0,200,,10226,8,0,24,0
