201,'4653',506,,8342,10,,,0,46,,8343,10,,,0,65,,8344,10,,,0,34,,8345,10,,,0,58,,8346,10,,,0,17,,8347,10,,,0,14,,8348,10,,,0,14,,8349,10,,,0,57,,8350,10,,,0,21,,8351,10,,,0,26,,8352,10,,,0,70,,8353,10,,,0,28,,8354,10,,,0,66,,8355,10,,,0,25,,8356,10,,,0,64,,8357,10,,,0,25,,8358,10,,,0,65,,8359,10,,,0,26,,8360,10,,,0,25,,8361,10,,,0,65,,8362,10,,,0,25,,8363,10,,,0,65,,8364,10,,,0,21,,8365,10,,,0,14,,8341,10,0,9 10,0,5,,8366,10,,,0,55,,8367,10,,,0,15,,8368,10,,,0,15,,8369,10,,,0,15,,8370,10,,,0,55,,8371,10,,,0,15,,8372,10,,,0,15,,8373,10,,,0,15,,8374,10,,,0,56,,8375,10,,,0,15,,8376,10,,,0,15,,8377,10,,,0,15,,8378,10,,,0,61,,8379,10,,,0,20,,8380,10,,,0,20,,8381,10,,,0,60,,8382,10,,,0,20,,8383,10,,,0,20,,8384,10,,,0,60,,8385,10,,,0,25,,8386,10,,,0,70,,8387,10,,,0,28,,8388,10,,,0,70,,8389,10,,,0,29,,8390,10,,,0
201,'5475',2301,,8391,10,,,0,30,,8392,10,,,0,70,,8393,10,,,0,30,,8394,10,,,0,70,,8395,10,,,0,30,,8396,10,,,0,70,,8397,10,,,0,30,,8398,10,,,0,70,,8399,10,,,0
201,'5527',638,,8400,10,,,0,85,,8401,10,,,0,78,,8402,10,,,0,30,,8403,10,,,0,70,,8404,10,,,0,31,,8405,10,,,0,70,,8406,10,,,0,30,,8407,10,,,0,69,,8408,10,,,0,32,,8409,10,,,0,69,,8410,10,,,0,31,,8411,10,,,0,70,,8412,10,,,0,30,,8413,10,,,0,71,,8414,10,,,0,30,,8415,10,,,0,69,,8416,10,,,0,30,,8417,10,,,0,71,,8418,10,,,0,30,,8419,10,,,0,70,,8420,10,,,0,30,,8421,10,,,0,70,,8422,10,,,0,30,,8423,10,,,0,69,,8424,10,,,0,28,,8425,10,,,0,69,,8426,10,,,0,31,,8427,10,,,0,75,,8428,10,,,0,40,,8429,10,,,0,80,,8430,10,,,0
201,'5565',638,,8431,10,,,0,85,,8432,10,,,0,85,,8433,10,,,0,45,,8434,10,,,0,85,,8435,10,,,0,85,,8436,10,,,0,84,,8437,10,,,0,45,,8438,10,,,0,81,,8439,10,,,0,80,,8440,10,,,0,40,,8441,10,,,0,80,,8442,10,,,0,80,,8443,10,,,0,40,,8444,10,,,0,80,,8445,10,,,0,80,,8446,10,,,0,40,,8447,10,,,0,80,,8448,10,,,0,80,,8449,10,,,0,41,,8450,10,,,0,78,,8451,10,,,0,92,,8452,10,,,0
900,'4653',611,,8885,50,0,17 10,0,109,,8886,50,0,17 10,0,99,,8887,50,0,17 10,0,103,,8888,50,0,17 10,0,99,,8889,50,0,17 10,0,101,,8890,50,0,17 10,0,100,,8891,50,0,17 10,0,100,,8892,50,0,17 10,0,101,,8893,50,0,17 10,0,100,,8894,50,0,17 10,0,100,,8895,50,0,17 10,0,101,,8896,50,0,17 10,0,100,,8897,50,0,17 10,0,98,,8898,50,0,17 10,0,98,,8899,50,0,17 10,0,99,,8900,50,0,17 10,0,98,,8901,50,0,17 10,0
900,'5475',2325,,8902,50,0,17 10,0,100,,8903,50,0,17 10,0,100,,8904,50,0,17 10,0,100,,8905,50,0,17 10,0,100,,8906,50,0,17 10,0
900,'5527',710,,8907,50,,,0,101,,8908,50,,,0,100,,8909,50,,,0,102,,8910,50,,,0,106,,8911,50,,,0,95,,8912,50,,,0,107,,8913,50,,,0,100,,8914,50,0,17 10,0,100,,8915,50,0,17 10,0,99,,8916,50,,,0,104,,8917,59,,,0,96,,8918,50,0,17 10,0,99,,8919,50,,,0,94,,8920,50,,,0,99,,8921,50,,,0,104,,8922,50,0,17 10,0
900,'5565',711,,8924,50,0,17 10,0,100,,8925,50,0,17 10,0,102,,8926,50,0,17 10,0,100,,8923,50,0,17 10,0,107,,8927,50,0,17 10,0,95,,8928,50,0,17 10,0,105,,8929,50,0,17 10,0,99,,8930,50,0,17 10,0,100,,8931,50,0,17 10,0,100,,8932,50,0,17 10,0,100,,8933,50,0,17 10,0,99,,8934,50,0,17 10,0,100,,8935,50,0,17 10,0,94,,8936,50,0,17 10,0
2600,'4653',1522,,9056,52,0,9 10 11,0
2601,'4653',804,,9057,63,0,9 10 11,0
