101,'4653',545,,8116,23,,,0,66,,8117,23,,,0,36,,8118,23,,,0,65,,8119,23,,,0,16,,8120,23,,,0,17,,8121,23,,,0,55,,8122,23,,,0,15,,8123,23,,,0,19,,8124,23,,,0,22,,8125,23,,,0,68,,8126,23,,,0,28,,8127,23,,,0,70,,8128,23,,,0,25,,8129,23,,,0,66,,8130,23,,,0,25,,8131,23,,,0,66,,8132,23,,,0,25,,8133,23,,,0,25,,8134,23,,,0,65,,8135,23,,,0,25,,8136,23,,,0,65,,8137,23,,,0,26,,8138,23,,,0,20,,8139,23,,,0,55,,8140,23,,,0,14,,8141,23,,,0,15,,8142,23,,,0,15,,8143,23,,,0,55,,8144,23,,,0,15,,8145,23,,,0,15,,8146,23,,,0,15,,8147,23,,,0,55,,8148,23,,,0,15,,8149,23,,,0,15,,8150,23,,,0,15,,8151,23,,,0,57,,8152,23,,,0,19,,8153,23,,,0,20,,8154,23,,,0,60,,8155,23,,,0,20,,8156,23,,,0,20,,8157,23,,,0,60,,8158,23,,,0,20,,8159,23,,,0,70,,8160,23,,,0,29,,8161,23,,,0,27,,8162,23,,,0,70,,8163,23,,,0,29,,8164,23,,,0
101,'5475',2325,,8165,23,,,0,30,,8166,23,,,0,70,,8167,23,,,0,30,,8168,23,,,0,70,,8169,23,,,0,30,,8170,23,,,0,70,,8171,23,,,0,30,,8172,23,,,0
101,'5527',625,,8205,23,,,0,85,,8204,23,,,0,45,,8203,23,,,0,70,,8202,23,,,0,31,,8201,23,,,0,71,,8200,23,,,0,30,,8199,23,,,0,70,,8198,23,,,0,30,,8197,23,,,0,72,,8196,23,,,0,71,,8195,23,,,0,31,,8194,23,,,0,70,,8193,23,,,0,30,,8192,23,,,0,71,,8191,23,,,0,30,,8190,23,,,0,70,,8189,23,,,0,30,,8188,23,,,0,70,,8187,23,,,0,30,,8186,23,,,0,70,,8185,23,,,0,29,,8184,23,,,0,70,,8183,23,,,0,29,,8182,23,,,0,70,,8181,23,,,0,29,,8180,23,,,0,28,,8179,23,,,0,69,,8178,23,,,0,30,,8177,23,,,0,80,,8176,23,,,0,79,,8175,23,,,0,40,,8174,23,,,0
101,'5565',620,,8206,23,,,0,90,,8207,23,,,0,44,,8208,23,,,0,86,,8209,23,,,0,86,,8210,23,,,0,85,,8211,23,,,0,45,,8212,23,,,0,85,,8213,23,,,0,84,,8214,23,,,0,80,,8215,23,,,0,40,,8216,23,,,0,80,,8217,23,,,0,80,,8218,23,,,0,40,,8219,23,,,0,80,,8220,23,,,0,80,,8221,23,,,0,40,,8222,23,,,0,79,,8223,23,,,0,80,,8224,23,,,0,40,,8225,23,,,0,80,,8226,23,,,0,79,,8227,23,,,0
201,'4653',515,,8342,24,,,0,86,,8343,24,,,0,25,,8344,24,,,0,75,,8345,24,,,0,18,,8346,24,,,0,17,,8347,24,,,0,15,,8348,24,,,0,55,,8349,24,,,0,17,,8350,24,,,0,20,,8351,24,,,0,65,,8352,24,,,0,30,,8353,24,,,0,68,,8354,24,,,0,28,,8355,24,,,0,25,,8356,24,,,0,65,,8357,24,,,0,25,,8358,24,,,0,65,,8359,24,,,0,26,,8360,24,,,0,65,,8361,24,,,0,25,,8362,24,,,0,25,,8363,24,,,0,66,,8364,24,,,0,25,,8365,24,,,0,55,,8366,24,,,0,14,,8367,24,,,0,15,,8368,24,,,0,15,,8369,24,,,0,55,,8370,24,,,0,15,,8371,24,,,0,15,,8372,24,,,0,16,,8373,24,,,0,55,,8374,24,,,0,15,,8375,24,,,0,14,,8376,24,,,0,15,,8377,24,,,0,55,,8378,24,,,0,20,,8379,24,,,0,20,,8380,24,,,0,60,,8381,24,,,0,20,,8382,24,,,0,19,,8383,24,,,0,20,,8384,24,,,0,60,,8385,24,,,0,25,,8386,24,,,0,70,,8387,24,,,0,28,,8388,24,,,0,69,,8389,24,,,0,29,,8390,24,,,0
201,'5475',2310,,8391,24,,,0,30,,8392,24,,,0,70,,8393,24,,,0,30,,8394,24,,,0,70,,8395,24,,,0,30,,8396,24,,,0,70,,8397,24,,,0,30,,8398,24,,,0,70,,8399,24,,,0
201,'5527',647,,8400,24,,,0,85,,8401,24,,,0,78,,8402,24,,,0,30,,8403,24,,,0,70,,8404,24,,,0,31,,8405,24,,,0,71,,8406,24,,,0,30,,8407,24,,,0,70,,8408,24,,,0,32,,8409,24,,,0,70,,8410,24,,,0,31,,8411,24,,,0,71,,8412,24,,,0,30,,8413,24,,,0,71,,8414,24,,,0,30,,8415,24,,,0,70,,8416,24,,,0,29,,8417,24,,,0,70,,8418,24,,,0,30,,8419,24,,,0,69,,8420,24,,,0,30,,8421,24,,,0,70,,8422,24,,,0,30,,8423,24,,,0,69,,8424,24,,,0,28,,8425,24,,,0,69,,8426,24,,,0,29,,8427,24,,,0,75,,8428,24,,,0,40,,8429,24,,,0,80,,8430,24,,,0
201,'5565',647,,8431,24,,,0,85,,8432,24,,,0,85,,8433,24,,,0,85,,8434,24,,,0,45,,8435,24,,,0,86,,8436,24,,,0,85,,8437,24,,,0,85,,8438,24,,,0,41,,8439,24,,,0,80,,8440,24,,,0,80,,8441,24,,,0,40,,8442,24,,,0,80,,8443,24,,,0,80,,8444,24,,,0,40,,8445,24,,,0,80,,8446,24,,,0,80,,8447,24,,,0,40,,8448,24,,,0,80,,8449,24,,,0,80,,8450,24,,,0,38,,8451,24,,,0,91,,8452,24,,,0
1701,'4653',628,,8973,5,0,29 23,0,75,,8974,5,0,29 23,0,50,,8975,5,0,29 23,0,766,,8976,5,0,29 23,0,85,,8977,5,0,29 23,0,46,,8978,5,0,29 23,0,86,,8979,5,0,29 23,0,83,,8980,5,0,29 23,0
2101,'4653',554,,9016,5,,,0,85,,9017,5,,,0,167,,9018,5,,,0,46,,9019,5,,,0,91,,9020,5,,,0,91,,9021,5,,,0,125,,9022,5,,,0,166,,9023,5,,,0,97,,9024,5,,,0,36,,9025,5,,,0,152,,9026,5,,,0,45,,9027,5,,,0,148,,9028,5,,,0,122,,9029,5,,,0
2101,'5475',2035,,9030,5,,,0,170,,9031,5,,,0,135,,9032,5,,,0
2101,'5527',725,,9041,5,,,0,126,,9042,5,,,0,178,,9040,5,,,0,127,,9036,5,,,0,164,,9034,5,,,0,107,,9035,5,,,0,100,,9037,5,,,0,102,,9038,5,,,0,171,,9039,5,,,0,132,,9033,5,,,0
2101,'5565',802,,9051,5,,,0,101,,9043,5,,,0,133,,9044,5,,,0,171,,9045,5,,,0,133,,9046,5,,,0,175,,9047,5,,,0,130,,9048,5,,,0,168,,9049,5,,,0,126,,9050,5,,,0
2201,'4653',743,,9052,5,,,0,685,,9053,5,,,0
1002101,'4653',714,,10236,5,,,0
