301,'4528',554,,6686,21,,,0,83,,6687,21,,,0,76,,6688,21,,,0,31,,6689,21,,,0,75,,6690,21,,,0,35,,6691,21,,,0,76,,6692,21,,,0,76,,6693,21,,,0,36,,6685,21,,,0,75,,6694,21,,,0,35,,6695,21,,,0,75,,6696,21,,,0,76,,6697,21,,,0,35,,6698,21,,,0,75,,6699,21,,,0,40,,6700,21,,,0,75,,6701,21,,,0,75,,6702,21,,,0,40,,6703,21,,,0,76,,6704,21,,,0,32,,6705,21,,,0,75,,4325,21,,,0,75,,6706,21,,,0,33,,6707,21,,,0,75,,6708,21,,,0,29,,6709,21,,,0,100,,6710,21,,,0,100,,6711,21,,,0
301,'5560',621,,4363,21,,,0,101,,4364,21,,,0,95,,4366,21,,,0,91,,4375,21,,,0,96,,4361,21,,,0,50,,4367,21,,,0,101,,4368,21,,,0,96,,4365,21,,,0,101,,4369,21,,,0,101,,4370,21,,,0,100,,4371,21,,,0,98,,4372,21,,,0,104,,4373,21,,,0,96,,4374,21,,,0,93,,4360,21,,,0
301,'5562',556,,6738,21,,,0,95,,6737,21,,,0,91,,6736,21,,,0,100,,6739,21,,,0,92,,6713,21,,,0,71,,6714,21,,,0,40,,6715,21,,,0,77,,6716,21,,,0,30,,6717,21,,,0,75,,6718,21,,,0,75,,6719,21,,,0,35,,6720,21,,,0,80,,6721,21,,,0,36,,6722,21,,,0,75,,6723,21,,,0,80,,6724,21,,,0,35,,6725,21,,,0,69,,6726,21,,,0,35,,6727,21,,,0,74,,6728,21,,,0,34,,6729,21,,,0,84,,6730,21,,,0,75,,6731,21,,,0,35,,6732,21,,,0,89,,6733,21,,,0,100,,6734,21,,,0
301,'5563',621,,6743,21,,,0,101,,6744,21,,,0,95,,6746,21,,,0,91,,6755,21,,,0,96,,6741,21,,,0,50,,6747,21,,,0,101,,6748,21,,,0,96,,6745,21,,,0,101,,6749,21,,,0,101,,6750,21,,,0,100,,6751,21,,,0,98,,6752,21,,,0,104,,6753,21,,,0,96,,6754,21,,,0,93,,6740,21,,,0
3101,'4528',641,,7147,12,,,0,84,,7148,12,,,0,31,,7150,12,,,0,71,,7151,12,,,0,73,,7149,12,,,0,47,,7153,12,,,0,106,,7154,12,,,0,150,,7155,12,,,0,111,,7152,12,,,0,115,,7156,12,,,0,115,,7157,12,,,0,81,,7159,12,,,0,75,,7160,12,,,0,36,,7161,12,,,0,72,,7158,12,,,0,31,,7162,12,,,0,18,,7163,12,,,0
3101,'5560',815,,4860,12,,,0,208,,4857,12,,,0,220,,4854,12,,,0,110,,4858,12,,,0,154,,4856,12,,,0,115,,4859,12,,,0,109,,4855,12,,,0
3101,'5562',814,,7167,12,,,0,104,,7166,12,,,0,103,,7164,12,,,0,112,,7171,12,,,0,110,,7172,12,,,0,110,,7165,12,,,0,155,,7170,12,,,0,115,,7168,12,,,0,110,,7169,12,,,0,108,,7173,12,,,0
3101,'5563',815,,7180,12,,,0,208,,7177,12,,,0,220,,7174,12,,,0,110,,7178,12,,,0,154,,7176,12,,,0,115,,7179,12,,,0,109,,7175,12,,,0
1003101,'4528',712,,7957,15,,,0,31,,7958,15,,,0,70,,7959,15,,,0,33,,7960,15,,,0,73,,7961,15,,,0,103,,7962,15,,,0,108,,7963,15,,,0,110,,7964,15,,,0,111,,7965,15,,,0,156,,7966,15,,,0,101,,7967,15,,,0,37,,6180,15,,,0,75,,7968,15,,,0,34,,7969,15,,,0,71,,6183,15,,,0,91,,7970,15,,,0,90,,7971,15,,,0,122,,7972,15,,,0,110,,7973,15,,,0
1003101,'5560',920,,6207,15,,,0,214,,6206,15,,,0,75,,6200,15,,,0,110,,6202,15,,,0,110,,6203,15,,,0,114,,6204,15,,,0,115,,6205,15,,,0,150,,6201,15,,,0,109,,6208,15,,,0,115,,6209,15,,,0,99,,6210,15,,,0
1003101,'5562',848,,7979,15,,,0,105,,7985,15,,,0,106,,7974,15,,,0,151,,7975,15,,,0,110,,7976,15,,,0,110,,7978,15,,,0,115,,7983,15,,,0,155,,7981,15,,,0,109,,7980,15,,,0,109,,7977,15,,,0,115,,7982,15,,,0,100,,7984,15,,,0
1003101,'5563',920,,7993,15,,,0,214,,7992,15,,,0,75,,7986,15,,,0,110,,7988,15,,,0,110,,7989,15,,,0,114,,7990,15,,,0,115,,7991,15,,,0,150,,7987,15,,,0,109,,7994,15,,,0,115,,7995,15,,,0,99,,7996,15,,,0
