3100,'4528',742,,7120,14,,,0,72,,7121,14,,,0,32,,7122,14,,,0,102,,7123,14,,,0,108,,7124,14,,,0,150,,7125,14,,,0,110,,7126,14,,,0,114,,7127,14,,,0,99,,7128,14,,,0,78,,4807,14,,,0,34,,7129,14,,,0,75,,7130,14,,,0,35,,4810,14,,,0,75,,7131,14,,,0
3100,'5560',1025,,4826,14,,,0,109,,4820,14,,,0,110,,4821,14,,,0,110,,4822,14,,,0,155,,4823,14,,,0,115,,4825,14,,,0,110,,4824,14,,,0
3100,'5562',919,,7135,14,,,0,105,,7139,14,,,0,110,,7133,14,,,0,110,,7132,14,,,0,110,,7134,14,,,0,155,,7136,14,,,0,115,,7138,14,,,0,110,,7137,14,,,0
3100,'5563',1025,,7146,14,,,0,109,,7140,14,,,0,110,,7141,14,,,0,110,,7142,14,,,0,155,,7143,14,,,0,115,,7145,14,,,0,110,,7144,14,,,0
3101,'4528',627,,7147,6,,,0,85,,7148,6,,,0,30,,7150,6,,,0,71,,7151,6,,,0,33,,7149,6,,,0,87,,7153,6,,,0,106,,7154,6,,,0,110,,7155,6,,,0,110,,7152,6,,,0,155,,7156,6,,,0,115,,7157,6,,,0,81,,7159,6,,,0,36,,7160,6,,,0,76,,7161,6,,,0,32,,7158,6,,,0,71,,7162,6,,,0,18,,7163,6,,,0
3101,'5560',802,,4860,6,,,0,208,,4857,6,,,0,219,,4854,6,,,0,110,,4858,6,,,0,114,,4856,6,,,0,155,,4859,6,,,0,110,,4855,6,,,0
3101,'5562',802,,7167,6,,,0,104,,7166,6,,,0,102,,7164,6,,,0,111,,7171,6,,,0,110,,7172,6,,,0,110,,7165,6,,,0,115,,7170,6,,,0,155,,7168,6,,,0,110,,7169,6,,,0,109,,7173,6,,,0
3101,'5563',802,,7180,6,,,0,208,,7177,6,,,0,219,,7174,6,,,0,110,,7178,6,,,0,114,,7176,6,,,0,155,,7179,6,,,0,110,,7175,6,,,0
3900,'4528',858,,5086,4,0,7 8,0,149,,5080,4,0,7 8,0,108,,5081,4,0,7 8,0,185,,5082,4,0,7 8,0,120,,5084,4,0,7 8,0,190,,5085,4,0,7 8,0,110,,5078,4,0,7 8,0,130,,5079,4,0,7 8,0
3900,'4532',855,,5088,4,0,7 8,0,160,,5089,4,0,7 8,0,106,,5087,4,0,7 8,0,135,,5090,4,0,7 8,0,150,,5092,4,0,7 8,0,130,,5091,4,0,7 8,0,104,,5094,4,0,7 8,0,115,,5093,4,0,7 8,0
3900,'5560',852,,5098,4,0,7 8,0,161,,5101,4,0,7 8,0,105,,5096,4,0,7 8,0,135,,5095,4,0,7 8,0,150,,5099,4,0,7 8,0,130,,5097,4,0,7 8,0,104,,5102,4,0,7 8,0,115,,5100,4,0,7 8,0
3900,'5563',852,,7386,4,0,7 8,0,161,,7389,4,0,7 8,0,105,,7384,4,0,7 8,0,135,,7383,4,0,7 8,0,150,,7387,4,0,7 8,0,130,,7385,4,0,7 8,0,104,,7390,4,0,7 8,0,115,,7388,4,0,7 8,0
1003100,'4528',658,,7915,17,,,0,69,,7916,17,,,0,31,,7917,17,,,0,71,,7918,17,,,0,88,,7919,17,,,0,104,,7920,17,,,0,110,,7921,17,,,0,110,,7922,17,,,0,115,,7923,17,,,0,153,,7924,17,,,0,40,,7925,17,,,0,74,,7912,17,,,0,36,,7913,17,,,0,76,,7911,17,,,0,72,,7914,17,,,0,39,,7926,17,,,0,85,,7927,17,,,0,121,,7928,17,,,0,103,,7929,17,,,0,148,,7930,17,,,0
1003100,'5560',747,,6168,17,,,0,102,,6160,17,,,0,103,,6158,17,,,0,107,,6162,17,,,0,150,,6159,17,,,0,110,,6157,17,,,0,115,,6163,17,,,0,115,,6164,17,,,0,110,,6161,17,,,0,181,,6165,17,,,0,160,,6166,17,,,0,103,,6167,17,,,0
1003100,'5562',748,,7944,17,,,0,101,,7933,17,,,0,100,,7932,17,,,0,110,,7931,17,,,0,150,,7939,17,,,0,110,,7943,17,,,0,115,,7936,17,,,0,115,,7940,17,,,0,110,,7937,17,,,0,150,,7938,17,,,0,35,,7934,17,,,0,115,,7935,17,,,0,141,,7942,17,,,0,59,,7941,17,,,0
1003100,'5563',747,,7956,17,,,0,102,,7948,17,,,0,103,,7946,17,,,0,107,,7950,17,,,0,150,,7947,17,,,0,110,,7945,17,,,0,115,,7951,17,,,0,115,,7952,17,,,0,110,,7949,17,,,0,181,,7953,17,,,0,160,,7954,17,,,0,103,,7955,17,,,0
1003101,'4528',657,,7957,6,,,0,70,,7958,6,,,0,30,,7959,6,,,0,72,,7960,6,,,0,74,,7961,6,,,0,103,,7962,6,,,0,108,,7963,6,,,0,110,,7964,6,,,0,110,,7965,6,,,0,116,,7966,6,,,0,100,,7967,6,,,0,78,,6180,6,,,0,75,,7968,6,,,0,34,,7969,6,,,0,72,,6183,6,,,0,91,,7970,6,,,0,50,,7971,6,,,0,163,,7972,6,,,0,110,,7973,6,,,0
1003101,'5560',905,,6207,6,,,0,214,,6206,6,,,0,35,,6200,6,,,0,150,,6202,6,,,0,110,,6203,6,,,0,114,,6204,6,,,0,115,,6205,6,,,0,110,,6201,6,,,0,149,,6208,6,,,0,115,,6209,6,,,0,100,,6210,6,,,0
1003101,'5562',833,,7979,6,,,0,105,,7985,6,,,0,105,,7974,6,,,0,111,,7975,6,,,0,150,,7976,6,,,0,110,,7978,6,,,0,115,,7983,6,,,0,115,,7981,6,,,0,109,,7980,6,,,0,150,,7977,6,,,0,115,,7982,6,,,0,100,,7984,6,,,0
1003101,'5563',905,,7993,6,,,0,214,,7992,6,,,0,35,,7986,6,,,0,150,,7988,6,,,0,110,,7989,6,,,0,114,,7990,6,,,0,115,,7991,6,,,0,110,,7987,6,,,0,149,,7994,6,,,0,115,,7995,6,,,0,100,,7996,6,,,0
