5100,'4653',510,,9378,1,0,37,0,40,,9379,1,0,37,0,65,,9380,1,0,37,0,24,,9381,1,0,37,0,15,,9382,1,0,37,0,52,,9377,1,0,37,0,20,,9383,1,0,37,0,15,,9384,1,0,37,0,15,,9385,1,0,37,0,47,,9386,1,0,37,0,8,,9387,1,0,37,0,8,,9388,1,,,0,7,,9389,1,0,37,0,15,,9390,1,0,37,0,14,,9391,1,0,37,0,60,,9392,1,0,37,0,25,,9393,1,0,37,0,65,,9394,1,0,37,0,25,,9395,1,0,37,0,25,,9396,1,0,37,0,65,,9397,1,0,37,0,25,,9398,1,0,37,0,65,,9399,1,0,37,0,18,,9400,1,0,37,0,20,,9401,1,0,37,0,59,,9402,1,0,37,0,18,,9403,1,0,37,0,20,,9404,1,0,37,0,60,,9405,1,0,37,0,20,,9406,1,0,37,0,9,,9407,1,,,0,10,,9408,1,0,37,0,11,,9409,1,0,37,0,51,,9410,1,0,37,0,16,,9411,1,0,37,0,17,,9412,1,0,37,0,16,,9413,1,0,37,0,57,,9414,1,0,37,0,16,,9415,1,0,37,0,16,,9416,1,0,37,0,56,,9417,1,0,37,0,15,,9418,1,0,37,0,15,,9419,1,0,37,0,15,,9420,1,0,37,0,55,,9421,1,0,37,0,20,,9422,1,0,37,0,20,,9423,1,0,37,0,60,,9424,1,0,37,0,25,,9425,1,0,37,0,25,,9426,1,0,37,0,68,,9427,1,0,37,0,28,,9428,1,0,37,0,69,,9429,1,0,37,0,29,,9430,1,0,37,0,69,,9431,1,0,37,0,30,,9432,1,0,37,0,70,,9433,1,0,37,0
5100,'5527',734,,9434,1,0,37,0,102,,9435,1,0,37,0,70,,9436,1,0,37,0,31,,9437,1,0,37,0,70,,9438,1,0,37,0,30,,9439,1,0,37,0,21,,9440,1,0,37,0,65,,9441,1,0,37,0,25,,9442,1,0,37,0,61,,9443,1,0,37,0,18,,9444,1,0,37,0,18,,9445,1,0,37,0,58,,9446,1,0,37,0,18,,9447,1,0,37,0,19,,9448,1,0,37,0,18,,9449,1,0,37,0,58,,9450,1,0,37,0,18,,9451,1,0,37,0,18,,9452,1,0,37,0,58,,9453,1,0,37,0,18,,9454,1,0,37,0,17,,9455,1,0,37,0,58,,9456,1,0,37,0,20,,9457,1,0,37,0,25,,9458,1,0,37,0,65,,9459,1,0,37,0,19,,9460,1,0,37,0,25,,9461,1,0,37,0,65,,9462,1,0,37,0,18,,9463,1,0,37,0,65,,9464,1,0,37,0,25,,9465,1,0,37,0,20,,9466,1,0,37,0,60,,9467,1,0,37,0,30,,9468,1,0,37,0,70,,9469,1,0,37,0,40,,9470,1,0,37,0,65,,9471,1,0,37,0,30,,9472,1,0,37,0,70,,9473,1,0,37,0
5100,'5565',734,,9475,1,0,37,0,101,,9476,1,0,37,0,70,,9477,1,0,37,0,31,,9478,1,0,37,0,75,,9479,1,0,37,0,31,,9474,1,0,37,0,75,,9480,1,0,37,0,36,,9481,1,0,37,0,76,,9482,1,0,37,0,75,,9483,1,0,37,0,40,,9484,1,0,37,0,75,,9485,1,0,37,0,40,,9486,1,0,37,0,75,,9487,1,0,37,0,75,,9488,1,0,37,0,35,,9489,1,0,37,0,74,,9490,1,0,37,0,35,,9491,1,0,37,0,74,,9492,1,0,37,0,74,,9493,1,0,37,0,30,,9494,1,0,37,0,74,,9495,1,0,37,0,30,,9496,1,0,37,0,75,,9497,1,0,37,0,99,,9498,1,0,37,0
5100,'5569',1501,,9504,1,0,37,0,18,,9501,1,0,37,0,18,,9499,1,0,37,0,76,,9506,1,0,37,0,22,,9502,1,0,37,0,65,,9500,1,0,37,0,22,,9508,1,0,37,0,23,,9503,1,0,37,0,65,,9507,1,0,37,0,22,,9509,1,0,37,0,21,,9505,1,0,37,0,64,,9512,1,0,37,0,23,,9510,1,0,37,0,60,,9511,1,0,37,0,25,,9513,1,0,37,0
5101,'4653',639,,9515,21,4,,0,67,,9516,21,4,,0,20,,9514,21,4,,0,15,,9517,21,4,,0,15,,9518,21,4,,0,55,,9519,21,4,,0,8,,9520,21,4,,0,7,,9521,21,4,,0,15,,9522,21,4,,0,14,,9523,21,4,,0,60,,9524,21,4,,0,25,,9525,21,4,,0,65,,9526,21,4,,0,25,,9527,21,4,,0,25,,9528,21,4,,0,65,,9529,21,4,,0,25,,9530,21,4,,0,65,,9531,21,4,,0,18,,9532,21,4,,0,20,,9533,21,4,,0,59,,9534,21,4,,0,18,,9535,21,4,,0,20,,9536,21,4,,0,60,,9537,21,4,,0,20,,9538,21,4,,0,19,,9539,21,4,,0,11,,9540,21,4,,0,51,,9541,21,4,,0,16,,9542,21,4,,0,17,,9543,21,4,,0,16,,9544,21,4,,0,57,,9545,21,4,,0,16,,9546,21,4,,0,16,,9547,21,4,,0,56,,9548,21,4,,0,15,,9549,21,4,,0,15,,9550,21,4,,0,15,,9551,21,4,,0,55,,9552,21,4,,0,20,,9553,21,4,,0,20,,9554,21,4,,0,60,,9555,21,4,,0,25,,9556,21,4,,0,25,,9557,21,4,,0,68,,9558,21,4,,0,28,,9559,21,4,,0,69,,9560,21,4,,0,29,,9561,21,4,,0,69,,9562,21,4,,0,30,,9563,21,4,,0,70,,9564,21,4,,0
5101,'5527',734,,9565,21,4,,0,102,,9566,21,4,,0,70,,9567,21,4,,0,31,,9568,21,4,,0,70,,9569,21,4,,0,30,,9570,21,4,,0,21,,9571,21,4,,0,65,,9572,21,4,,0,25,,9573,21,4,,0,61,,9574,21,4,,0,18,,9575,21,4,,0,18,,9576,21,4,,0,58,,9577,21,4,,0,18,,9578,21,4,,0,19,,9579,21,4,,0,18,,9580,21,4,,0,58,,9581,21,4,,0,18,,9582,21,4,,0,18,,9583,21,4,,0,58,,9584,21,4,,0,18,,9585,21,4,,0,17,,9586,21,4,,0,58,,9587,21,4,,0,20,,9588,21,4,,0,25,,9589,21,4,,0,65,,9590,21,4,,0,19,,9591,21,4,,0,25,,9592,21,4,,0,65,,9593,21,4,,0,18,,9594,21,4,,0,65,,9595,21,4,,0,25,,9596,21,4,,0,20,,9597,21,4,,0,60,,9598,21,4,,0,30,,9599,21,4,,0,70,,9600,21,4,,0,40,,9601,21,4,,0,65,,9602,21,4,,0,30,,9603,21,4,,0,70,,9604,21,4,,0
5101,'5565',734,,9605,21,4,,0,101,,9606,21,4,,0,70,,9607,21,4,,0,31,,9608,21,4,,0,75,,9609,21,4,,0,31,,9610,21,4,,0,75,,9611,21,4,,0,36,,9612,21,4,,0,76,,9613,21,4,,0,75,,9614,21,4,,0,40,,9615,21,4,,0,75,,9616,21,4,,0,40,,9617,21,4,,0,75,,9618,21,4,,0,75,,9619,21,4,,0,35,,9620,21,4,,0,74,,9621,21,4,,0,35,,9622,21,4,,0,74,,9623,21,4,,0,74,,9624,21,4,,0,30,,9625,21,4,,0,74,,9626,21,4,,0,30,,9627,21,4,,0,75,,9628,21,4,,0,99,,9629,21,4,,0
5101,'5569',1613,,9634,21,4,,0,22,,9632,21,4,,0,65,,9630,21,4,,0,22,,9635,21,4,,0,23,,9633,21,4,,0,65,,9631,21,4,,0,22,,9637,21,4,,0,21,,9638,21,4,,0,64,,9636,21,4,,0,23,,9639,21,4,,0,60,,9640,21,4,,0,25,,9641,21,4,,0,32,,9642,21,4,,0,73,,9643,21,4,,0
5501,'4653',718,,9831,8,0,42,0,85,,9831,27,4,,0,154,,9832,8,0,42,0,81,,9832,27,4,,0,465,,9833,8,0,42,0,42,,9833,27,4,,0,267,,9834,8,0,42,0,40,,9834,27,4,,0
5501,'5527',913,,9835,8,0,42,0,41,,9835,27,4,,0,347,,9836,8,0,42,0,41,,9836,27,4,,0,361,,9837,8,0,42,0,40,,9837,27,4,,0
