301,'4653',547,,8526,9,,,0,80,,8527,9,,,0,75,,8528,9,,,0,31,,8529,9,,,0,75,,8530,9,,,0,35,,8531,9,,,0,75,,8532,9,,,0,35,,8533,9,,,0,75,,8534,9,,,0,75,,8535,9,,,0,36,,8536,9,,,0,75,,8537,9,,,0,35,,8538,9,,,0,76,,8539,9,,,0,75,,8540,9,,,0,40,,8541,9,,,0,75,,8542,9,,,0,35,,8543,9,,,0,80,,8544,9,,,0,74,,8545,9,,,0,34,,8546,9,,,0,75,,8547,9,,,0,34,,8548,9,,,0,75,,8549,9,,,0,35,,8550,9,,,0,70,,8551,9,,,0,100,,8552,9,,,0,100,,8553,9,,,0,98,,8554,9,0,17 10,0
301,'5475',2430,,8555,9,,,0,100,,8556,9,,,0,100,,8557,9,,,0,100,,8558,9,0,17 10,0
301,'5527',548,,8585,9,,,0,93,,8584,9,,,0,91,,8583,9,,,0,100,,8586,9,,,0,91,,8560,9,,,0,30,,8561,9,,,0,80,,8562,9,,,0,76,,8563,9,,,0,30,,8564,9,,,0,75,,8565,9,,,0,35,,8566,9,,,0,76,,8567,9,,,0,80,,8568,9,,,0,35,,8569,9,,,0,75,,8570,9,,,0,39,,8571,9,,,0,75,,8572,9,,,0,30,,8573,9,,,0,75,,8574,9,,,0,75,,8575,9,,,0,34,,8576,9,,,0,85,,8577,9,,,0,75,,8578,9,,,0,35,,8579,9,,,0,89,,8580,9,,,0,100,,8581,9,,,0,98,,8582,9,0,17 10,0
301,'5565',610,,8590,9,,,0,101,,8591,9,,,0,95,,8593,9,,,0,50,,8602,9,,,0,97,,8588,9,,,0,95,,8594,9,,,0,96,,8595,9,,,0,95,,8592,9,,,0,100,,8596,9,,,0,100,,8597,9,,,0,100,,8598,9,,,0,100,,8599,9,,,0,105,,8600,9,,,0,95,,8601,9,,,0,94,,8587,9,,,0,100,,8589,9,0,17 10,0
700,'4653',642,,8858,41,,,0,216,,8859,41,,,0,200,,8860,41,,,0,200,,8861,41,,,0,242,,8862,41,,,0,159,,8863,41,,,0,197,,8864,41,,,0,199,,8865,41,,,0,268,,8866,41,,,0
700,'5527',554,,8867,49,,,0,100,,8868,49,,,0,202,,8869,49,,,0,202,,8870,49,,,0,200,,8871,49,,,0,201,,8872,41,,,0,200,,8873,49,,,0,199,,8874,41,,,0,199,,8875,49,,,0,266,,8876,41,,,0
700,'5565',553,,8884,41,,,0,100,,8878,41,,,0,202,,8877,41,,,0,201,,8879,41,,,0,201,,8880,41,,,0,201,,8881,41,,,0,200,,8882,41,,,0,198,,8883,41,,,0
1000700,'4653',800,,10205,45,0,17 10,0,15,,10206,45,0,17 10,0,185,,10207,45,0,17 10,0,200,,10208,45,0,17 10,0,159,,10209,45,0,17 10,0,243,,10210,45,0,17 10,0,29,,10211,45,0,17 10,0,170,,10212,45,0,17 10,0,157,,10213,45,0,17 10,0,198,,10214,45,0,17 10,0
1000700,'5475',2355,,10215,45,0,17 10,0,100,,10216,45,0,17 10,0,100,,10217,45,0,17 10,0,100,,10218,45,0,17 10,0
1000700,'5527',756,,10219,53,0,17 10,0,244,,10220,53,,,0,200,,10221,53,0,17 10,0,200,,10222,53,0,17 10,0,201,,10223,45,,,0,199,,10224,53,0,17 10,0,158,,10225,53,0,17 10,0,198,,10226,53,,,0
1000700,'5565',758,,10228,45,0,17 10,0,200,,10227,45,0,17 10,0,201,,10229,45,0,17 10,0,200,,10231,45,0,17 10,0,241,,10230,45,0,17 10,0,159,,10232,45,0,17 10,0,198,,10233,45,0,17 10,0
