101,'4653',542,,8116,19,,,0,66,,8117,19,,,0,35,,8118,19,,,0,65,,8119,19,,,0,16,,8120,19,,,0,17,,8121,19,,,0,15,,8122,19,,,0,55,,8123,19,,,0,19,,8124,19,,,0,22,,8125,19,,,0,68,,8126,19,,,0,28,,8127,19,,,0,70,,8128,19,,,0,25,,8129,19,,,0,65,,8130,19,,,0,25,,8131,19,,,0,26,,8132,19,,,0,65,,8133,19,,,0,25,,8134,19,,,0,65,,8135,19,,,0,25,,8136,19,,,0,65,,8137,19,,,0,25,,8138,19,,,0,20,,8139,19,,,0,55,,8140,19,,,0,15,,8141,19,,,0,15,,8142,19,,,0,15,,8143,19,,,0,55,,8144,19,,,0,15,,8145,19,,,0,15,,8146,19,,,0,15,,8147,19,,,0,55,,8148,19,,,0,15,,8149,19,,,0,15,,8150,19,,,0,15,,8151,19,,,0,57,,8152,19,,,0,20,,8153,19,,,0,20,,8154,19,,,0,60,,8155,19,,,0,20,,8156,19,,,0,20,,8157,19,,,0,60,,8158,19,,,0,20,,8159,19,,,0,30,,8160,19,,,0,69,,8161,19,,,0,28,,8162,19,,,0,70,,8163,19,,,0,29,,8164,19,,,0
101,'5475',2322,,8165,19,,,0,30,,8166,19,,,0,70,,8167,19,,,0,30,,8168,19,,,0,70,,8169,19,,,0,30,,8170,19,,,0,70,,8171,19,,,0,30,,8172,19,,,0,70,,8173,19,4,,0
101,'5527',622,,8205,19,,,0,85,,8204,19,,,0,45,,8203,19,,,0,70,,8202,19,,,0,30,,8201,19,,,0,71,,8200,19,,,0,30,,8199,19,,,0,70,,8198,19,,,0,30,,8197,19,,,0,72,,8196,19,,,0,30,,8195,19,,,0,71,,8194,19,,,0,30,,8193,19,,,0,70,,8192,19,,,0,31,,8191,19,,,0,70,,8190,19,,,0,30,,8189,19,,,0,70,,8188,19,,,0,30,,8187,19,,,0,70,,8186,19,,,0,30,,8185,19,,,0,69,,8184,19,,,0,30,,8183,19,,,0,70,,8182,19,,,0,30,,8181,19,,,0,69,,8180,19,,,0,28,,8179,19,,,0,69,,8178,19,,,0,30,,8177,19,,,0,80,,8176,19,,,0,80,,8175,19,,,0,40,,8174,19,,,0
101,'5565',617,,8206,19,,,0,90,,8207,19,,,0,44,,8208,19,,,0,86,,8209,19,,,0,85,,8210,19,,,0,85,,8211,19,,,0,45,,8212,19,,,0,85,,8213,19,,,0,83,,8214,19,,,0,80,,8215,19,,,0,40,,8216,19,,,0,80,,8217,19,,,0,80,,8218,19,,,0,40,,8219,19,,,0,80,,8220,19,,,0,80,,8221,19,,,0,40,,8222,19,,,0,80,,8223,19,,,0,80,,8224,19,,,0,40,,8225,19,,,0,80,,8226,19,,,0,80,,8227,19,,,0
500,'4653',620,,8657,18,4,,0,84,,8658,18,4,,0,40,,8659,18,4,,0,76,,8660,18,4,,0,33,,8661,18,4,,0,74,,8662,18,4,,0,74,,8663,18,4,,0,37,,8664,18,4,,0,75,,8665,18,4,,0,37,,8666,18,4,,0,78,,8667,18,4,,0,76,,8668,18,4,,0,35,,8669,18,4,,0,77,,8670,18,4,,0,37,,8671,18,4,,0,81,,8672,18,4,,0,74,,8673,18,4,,0,35,,8674,18,4,,0,81,,8675,18,4,,0,28,,8676,18,4,,0,72,,8677,18,4,,0,32,,8678,18,4,,0,74,,8679,18,4,,0,72,,8680,18,4,,0,35,,8681,18,4,,0,70,,8682,18,4,,0,98,,8683,18,4,,0,98,,8684,18,4,,0
500,'5475',2405,,8685,18,4,,0,100,,8686,18,4,,0,100,,8687,18,4,,0,100,,8688,18,4,,0
500,'5527',622,,8713,18,4,,0,95,,8712,18,4,,0,91,,8711,18,4,,0,103,,8714,18,4,,0,92,,8689,18,4,,0,33,,8690,18,4,,0,82,,8691,18,4,,0,38,,8692,18,4,,0,70,,8694,18,4,,0,75,,8695,18,4,,0,35,,8696,18,4,,0,76,,8693,18,4,,0,41,,8697,18,4,,0,76,,8698,18,4,,0,74,,8699,18,4,,0,39,,8700,18,4,,0,74,,8701,18,4,,0,30,,8702,18,4,,0,73,,8703,18,4,,0,34,,8704,18,4,,0,73,,8705,18,4,,0,82,,8706,18,4,,0,34,,8707,18,4,,0,75,,8708,18,4,,0,88,,8709,18,4,,0,99,,8710,18,4,,0
500,'5565',645,,8715,18,4,,0,102,,8716,18,4,,0,96,,8717,18,4,,0,90,,8729,18,4,,0,101,,8718,18,4,,0,95,,8719,18,4,,0,100,,8721,18,4,,0,96,,8722,18,4,,0,100,,8723,18,4,,0,101,,8720,18,4,,0,101,,8724,18,4,,0,97,,8725,18,4,,0,103,,8726,18,4,,0,95,,8727,18,4,,0,91,,8728,18,4,,0
900,'5527',716,,8907,60,4,,0,101,,8908,60,4,,0,100,,8909,60,4,,0,103,,8910,60,4,,0,107,,8911,60,4,,0,95,,8912,60,4,,0,108,,8913,60,4,,0,298,,8916,60,4,,0,103,,8917,69,4,,0,194,,8919,60,4,,0,94,,8920,60,4,,0,99,,8921,60,4,,0
1200,'4653',732,,8937,22,4,,0,85,,8938,22,4,,0,40,,8939,22,4,,0,76,,8940,22,4,,0,114,,8941,22,4,,0,160,,8942,22,4,,0,125,,8943,22,4,,0,171,,8944,22,4,,0,131,,8945,22,4,,0,80,,8946,22,4,,0,44,,8947,22,4,,0
2101,'4653',551,,9016,1,,,0,85,,9017,1,,,0,166,,9018,1,,,0,47,,9019,1,,,0,91,,9020,1,,,0,90,,9021,1,,,0,125,,9022,1,,,0,166,,9023,1,,,0,97,,9024,1,,,0,35,,9025,1,,,0,153,,9026,1,,,0,45,,9027,1,,,0,108,,9028,1,,,0,162,,9029,1,,,0
2101,'5475',2031,,9030,1,,,0,171,,9031,1,,,0,135,,9032,1,,,0
2101,'5527',722,,9041,1,,,0,126,,9042,1,,,0,177,,9040,1,,,0,127,,9036,1,,,0,164,,9034,1,,,0,107,,9035,1,,,0,100,,9037,1,,,0,102,,9038,1,,,0,131,,9039,1,,,0,172,,9033,1,,,0
2101,'5565',800,,9051,1,,,0,100,,9043,1,,,0,133,,9044,1,,,0,170,,9045,1,,,0,133,,9046,1,,,0,175,,9047,1,,,0,130,,9048,1,,,0,168,,9049,1,,,0,127,,9050,1,,,0
2400,'4653',1516,,9054,25,4,,0
2401,'4653',818,,9055,45,4,,0
2600,'4653',1531,,9056,62,4,,0
2601,'4653',815,,9057,73,4,,0
1000700,'5527',1012,,10220,64,4,,0,601,,10223,56,4,,0,593,,10226,64,4,,0
1002101,'4653',711,,10236,1,,,0
