300,'4653',556,,8453,19,,,0,71,,8454,19,,,0,30,,8455,19,,,0,73,,8456,19,,,0,73,,8457,19,,,0,35,,8458,19,,,0,75,,8459,19,,,0,35,,8460,19,,,0,75,,8461,19,,,0,35,,8462,19,,,0,75,,8463,19,,,0,74,,8464,19,,,0,35,,8465,19,,,0,75,,8466,19,,,0,39,,8467,19,,,0,75,,8468,19,,,0,73,,8469,19,,,0,40,,8470,19,,,0,74,,8471,19,,,0,35,,8472,19,,,0,79,,8473,19,,,0,76,,8474,19,,,0,36,,8475,19,,,0,76,,8476,19,,,0,31,,8477,19,,,0,102,,8478,19,,,0,100,,8479,19,,,0,104,,8480,19,,,0
300,'5475',2359,,8481,19,,,0,100,,8482,19,,,0,100,,8483,19,,,0,100,,8484,19,,,0
300,'5527',609,,8509,19,,,0,49,,8508,19,,,0,99,,8510,19,,,0,89,,8485,19,,,0,68,,8486,19,,,0,40,,8487,19,,,0,75,,8489,19,,,0,30,,8490,19,,,0,74,,8491,19,,,0,74,,8488,19,,,0,35,,8492,19,,,0,80,,8493,19,,,0,35,,8494,19,,,0,75,,8495,19,,,0,80,,8496,19,,,0,35,,8497,19,,,0,70,,8498,19,,,0,35,,8499,19,,,0,76,,8500,19,,,0,76,,8501,19,,,0,47,,8502,19,,,0,75,,8503,19,,,0,76,,8504,19,,,0,50,,8505,19,,,0,101,,8506,19,,,0,100,,8507,19,,,0
300,'5565',638,,8511,19,,,0,95,,8512,19,,,0,88,,8525,19,,,0,94,,8514,19,,,0,94,,8515,19,,,0,95,,8516,19,,,0,55,,8513,19,,,0,99,,8517,19,,,0,100,,8518,19,,,0,100,,8519,19,,,0,100,,8520,19,,,0,145,,8521,19,,,0,56,,8522,19,,,0,97,,8523,19,,,0,102,,8524,19,,,0
601,'4653',547,,8801,4,0,58,0,77,,8802,4,0,58,0,77,,8803,4,0,58,0,37,,8804,4,0,58,0,85,,8805,4,0,58,0,79,,8806,4,0,58,0,35,,8807,4,0,58,0,115,,8808,4,0,58,0,160,,8809,4,0,58,0,125,,8810,4,0,58,0,84,,8811,4,0,58,0,87,,8812,4,0,58,0,47,,8813,4,0,58,0,82,,8814,4,0,58,0,82,,8815,4,0,58,0,83,,8816,4,0,58,0,43,,8817,4,0,58,0,102,,8818,4,0,58,0,110,,8819,4,0,58,0,155,,8820,4,0,58,0,110,,8821,4,0,58,0
601,'5475',2427,,8822,4,0,58,0,100,,8823,4,0,58,0,100,,8824,4,0,58,0
601,'5527',552,,8827,4,0,58,0,95,,8828,4,0,58,0,100,,8826,4,0,58,0,100,,8829,4,0,58,0,102,,8830,4,0,58,0,93,,8831,4,0,58,0,100,,8832,4,0,58,0,100,,8833,4,0,58,0,100,,8834,4,0,58,0,100,,8835,4,0,58,0,100,,8836,4,0,58,0,100,,8837,4,0,58,0,105,,8838,4,0,58,0,105,,8839,4,0,58,0,95,,8840,4,0,58,0,110,,8841,4,0,58,0,155,,8842,4,0,58,0,110,,8825,4,0,58,0
601,'5565',547,,8843,4,0,58,0,110,,8844,4,0,58,0,145,,8845,4,0,58,0,110,,8846,4,0,58,0,40,,8848,4,0,58,0,100,,8849,4,0,58,0,90,,8850,4,0,58,0,100,,8847,4,0,58,0,100,,8851,4,0,58,0,100,,8852,4,0,58,0,100,,8853,4,0,58,0,100,,8854,4,0,58,0,105,,8855,4,0,58,0,160,,8856,4,0,58,0,110,,8857,4,0,58,0
2401,'4653',738,,9055,4,0,15 16 11,0
3100,'4653',725,,9058,4,,,0,33,,9059,4,,,0,71,,9060,4,,,0,104,,9061,4,,,0,106,,9062,4,,,0,110,,9063,4,,,0,109,,9064,4,,,0,154,,9065,4,,,0,96,,9066,4,,,0,37,,9067,4,,,0,77,,9068,4,,,0,35,,9069,4,,,0,76,,9070,4,,,0,75,,9071,4,,,0
3100,'5527',904,,9075,4,,,0,105,,9079,4,,,0,110,,9073,4,,,0,109,,9072,4,,,0,109,,9074,4,,,0,115,,9076,4,,,0,156,,9078,4,,,0,110,,9077,4,,,0
3100,'5565',1009,,9086,4,,,0,110,,9080,4,,,0,109,,9081,4,,,0,110,,9082,4,,,0,115,,9083,4,,,0,156,,9085,4,,,0,110,,9084,4,,,0
1003100,'4653',638,,10237,4,,,0,68,,10238,4,,,0,31,,10239,4,,,0,71,,10240,4,,,0,50,,10241,4,,,0,144,,10242,4,,,0,109,,10243,4,,,0,109,,10244,4,,,0,115,,10245,4,,,0,109,,10246,4,,,0,81,,10247,4,,,0,75,,10248,4,,,0,37,,10249,4,,,0,75,,10250,4,,,0,34,,10251,4,,,0,80,,10252,4,,,0,86,,10253,4,,,0,122,,10254,4,,,0,103,,10255,4,,,0,110,,10256,4,,,0
1003100,'5475',2354,,10257,4,,,0,100,,10258,4,,,0,100,,10259,4,,,0,100,,10260,4,,,0
1003100,'5527',731,,10274,4,,,0,101,,10263,4,,,0,99,,10262,4,,,0,110,,10261,4,,,0,110,,10269,4,,,0,150,,10273,4,,,0,114,,10266,4,,,0,114,,10270,4,,,0,111,,10267,4,,,0,111,,10268,4,,,0,75,,10264,4,,,0,115,,10265,4,,,0,102,,10272,4,,,0,98,,10271,4,,,0
1003100,'5565',729,,10286,4,,,0,102,,10278,4,,,0,102,,10276,4,,,0,108,,10280,4,,,0,110,,10277,4,,,0,150,,10275,4,,,0,115,,10281,4,,,0,114,,10282,4,,,0,111,,10279,4,,,0,180,,10283,4,,,0,120,,10284,4,,,0,103,,10285,4,,,0
24003100,'4653',532,,10334,4,,,0,68,,10335,4,,,0,29,,10336,4,,,0,27,,10337,4,,,0
