5100,'4653',531,,9378,30,,,0,81,,9379,30,,,0,26,,9380,30,,,0,66,,9381,30,,,0,15,,9382,30,,,0,14,,9377,30,,,0,24,,9383,30,,,0,55,,9384,30,,,0,18,,9385,30,,,0,7,,9386,30,,,0,7,,9387,30,,,0,12,,9389,30,,,0,55,,9390,30,,,0,14,,9391,30,,,0,20,,9392,30,,,0,66,,9393,30,,,0,26,,9394,30,,,0,66,,9395,30,,,0,25,,9396,30,,,0,27,,9397,30,,,0,64,,9398,30,,,0,25,,9399,30,,,0,57,,9400,30,,,0,20,,9401,30,,,0,20,,9402,30,,,0,18,,9403,30,,,0,60,,9404,30,,,0,22,,9405,30,,,0,64,,9406,30,,,0,21,,9408,30,,,0,11,,9409,30,,,0,6,,9410,30,,,0,16,,9411,30,,,0,56,,9412,30,,,0,16,,9413,30,,,0,16,,9414,30,,,0,56,,9415,30,,,0,14,,9416,30,,,0,16,,9417,30,,,0,13,,9418,30,,,0,54,,9419,30,,,0,14,,9420,30,,,0,15,,9421,30,,,0,19,,9422,30,,,0,59,,9423,30,,,0,20,,9424,30,,,0,24,,9425,30,,,0,64,,9426,30,,,0,28,,9427,30,,,0,68,,9428,30,,,0,29,,9429,30,,,0,67,,9430,30,,,0,28,,9431,30,,,0,69,,9432,30,,,0,30,,9433,30,,,0
5100,'5394',759,,9434,30,,,0,143,,9435,30,,,0,30,,9436,30,,,0,74,,9437,30,,,0,31,,9438,30,,,0,70,,9439,30,,,0,21,,9440,30,,,0,26,,9441,30,,,0,66,,9442,30,,,0,21,,9443,30,,,0,59,,9444,30,,,0,18,,9445,30,,,0,18,,9446,30,,,0,18,,9447,30,,,0,59,,9448,30,,,0,17,,9449,30,,,0,18,,9450,30,,,0,58,,9451,30,,,0,18,,9452,30,,,0,18,,9453,30,,,0,58,,9454,30,,,0,16,,9455,30,,,0,19,,9456,30,,,0,20,,9457,30,,,0,65,,9458,30,,,0,24,,9459,30,,,0,58,,9460,30,,,0,24,,9461,30,,,0,24,,9462,30,,,0,57,,9463,30,,,0,25,,9464,30,,,0,25,,9465,30,,,0,60,,9466,30,,,0,18,,9467,30,,,0,70,,9468,30,,,0,30,,9469,30,,,0,80,,9470,30,,,0,25,,9471,30,,,0,70,,9472,30,,,0,27,,9473,30,,,0
5100,'5565',801,,9475,30,,,0,101,,9476,30,,,0,30,,9477,30,,,0,72,,9478,30,,,0,35,,9479,30,,,0,72,,9474,30,,,0,36,,9480,30,,,0,76,,9481,30,,,0,36,,9482,30,,,0,76,,9483,30,,,0,80,,9484,30,,,0,35,,9485,30,,,0,80,,9486,30,,,0,75,,9487,30,,,0,35,,9488,30,,,0,75,,9489,30,,,0,33,,9490,30,,,0,74,,9491,30,,,0,33,,9492,30,,,0,72,,9493,30,,,0,30,,9494,30,,,0,73,,9495,30,,,0,70,,9496,30,,,0,35,,9497,30,,,0,97,,9498,30,,,0
5100,'5569',1533,,9504,30,,,0,18,,9501,30,,,0,57,,9499,30,,,0,37,,9506,30,,,0,62,,9502,30,,,0,24,,9500,30,,,0,22,,9508,30,,,0,61,,9503,30,,,0,25,,9507,30,,,0,61,,9509,30,,,0,20,,9505,30,,,0,24,,9512,30,,,0,63,,9510,30,,,0,18,,9511,30,,,0,25,,9513,30,,,0
5701,'4653',615,,9889,13,,,0,128,,9890,13,,,0,95,,9891,13,,,0,70,,9892,13,,,0,100,,9893,13,,,0,100,,9894,13,,,0,100,,9895,13,,,0,100,,9896,13,,,0,101,,9897,13,,,0,100,,9898,13,,,0,99,,9899,13,,,0,100,,9900,13,,,0,100,,9901,13,,,0,123,,9902,13,,,0,170,,9903,13,,,0
5701,'5394',859,,9904,13,,,0,100,,9905,13,,,0,99,,9906,13,,,0,98,,9907,13,,,0,99,,9908,13,,,0,101,,9909,13,,,0,99,,9910,13,,,0,100,,9911,13,,,0,102,,9912,13,,,0,102,,9913,13,,,0,170,,9914,13,,,0,171,,9915,13,,,0,100,,9916,13,,,0
5701,'5565',901,,9917,13,,,0,100,,9918,13,,,0,99,,9919,13,,,0,58,,9920,13,,,0,100,,9921,13,,,0,98,,9922,13,,,0,100,,9923,13,,,0,100,,9924,13,,,0,101,,9925,13,,,0,100,,9926,13,,,0,96,,9927,13,,,0,100,,9928,13,,,0
7101,'4619',2119,,10163,24,,,0,189,,10164,24,,,0
7101,'4653',708,,10166,24,,,0,95,,10167,24,,,0,104,,10165,24,,,0,34,,10175,16,,,0,67,,10168,24,,,0,111,,10169,24,,,0,315,,10170,24,,,0,171,,10171,24,,,0,104,,10172,24,,,0,103,,10173,24,,,0,103,,10174,24,,,0
7101,'5394',1026,,10182,24,,,0,117,,10188,16,,,0,84,,10181,24,,,0,206,,10180,24,,,0,274,,10183,24,,,0,118,,10187,16,,,0,85,,10184,24,,,0,229,,10185,24,,,0,190,,10186,24,,,0
