100,'4653',532,,8002,19,,,0,75,,8003,19,,,0,30,,8004,19,,,0,22,,8005,19,,,0,56,,8006,19,,,0,16,,8007,19,,,0,16,,8008,19,,,0,57,,8009,19,,,0,15,,8010,19,,,0,15,,8011,19,,,0,16,,8050,19,,,0,57,,8012,19,,,0,25,,8013,19,,,0,25,,8014,19,,,0,65,,8015,19,,,0,24,,8016,19,,,0,66,,8017,19,,,0,25,,8018,19,,,0,65,,8019,19,,,0,25,,8020,19,,,0,25,,8021,19,,,0,65,,8022,19,,,0,23,,8023,19,,,0,65,,8024,19,,,0,25,,8025,19,,,0,25,,8026,19,,,0,57,,8001,19,,,0,16,,8027,19,,,0,15,,8028,19,,,0,15,,8029,19,,,0,55,,8030,19,,,0,15,,8031,19,,,0,15,,8032,19,,,0,15,,8033,19,,,0,55,,8034,19,,,0,15,,8035,19,,,0,16,,8036,19,,,0,61,,8037,19,,,0,20,,8038,19,,,0,21,,8039,19,,,0,60,,8040,19,,,0,20,,8041,19,,,0,20,,8042,19,,,0,60,,8043,19,,,0,20,,8044,19,,,0,20,,8045,19,,,0,70,,8046,19,,,0,30,,8047,19,,,0,71,,8048,19,,,0,30,,8049,19,,,0
100,'5394',636,,8091,19,,,0,81,,8090,19,,,0,29,,8089,19,,,0,70,,8088,19,,,0,29,,8087,19,,,0,70,,8086,19,,,0,30,,8085,19,,,0,69,,8084,19,,,0,28,,8083,19,,,0,70,,8082,19,,,0,30,,8081,19,,,0,70,,8080,19,,,0,30,,8079,19,,,0,70,,8078,19,,,0,30,,8077,19,,,0,70,,8076,19,,,0,30,,8075,19,,,0,70,,8074,19,,,0,30,,8073,19,,,0,70,,8072,19,,,0,30,,8071,19,,,0,70,,8070,19,,,0,30,,8069,19,,,0,70,,8068,19,,,0,32,,8067,19,,,0,70,,8066,19,,,0,31,,8065,19,,,0,70,,8064,19,,,0,40,,8063,19,,,0,81,,8062,19,,,0,81,,8061,19,,,0,40,,8060,19,,,0
100,'5475',2317,,8051,19,,,0,30,,8052,19,,,0,70,,8053,19,,,0,30,,8054,19,,,0,70,,8055,19,,,0,30,,8056,19,,,0,70,,8057,19,,,0,30,,8058,19,,,0,70,,8059,19,,,0
100,'5565',628,,8114,19,,,0,85,,8113,19,,,0,44,,8112,19,,,0,85,,8111,19,,,0,85,,8110,19,,,0,85,,8109,19,,,0,44,,8108,19,,,0,81,,8092,19,,,0,79,,8093,19,,,0,40,,8094,19,,,0,80,,8095,19,,,0,80,,8096,19,,,0,40,,8097,19,,,0,80,,8098,19,,,0,80,,8099,19,,,0,41,,8100,19,,,0,81,,8101,19,,,0,81,,8102,19,,,0,82,,8103,19,,,0,40,,8104,19,,,0,80,,8105,19,,,0,80,,8106,19,,,0,38,,8107,19,,,0,81,,8115,19,,,0
200,'4653',551,,8228,24,,,0,71,,8229,24,,,0,28,,8230,24,,,0,58,,8231,24,,,0,16,,8232,24,,,0,15,,8233,24,,,0,17,,8234,24,,,0,56,,8235,24,,,0,15,,8236,24,,,0,15,,8237,24,,,0,17,,8276,24,,,0,61,,8238,24,,,0,24,,8239,24,,,0,65,,8240,24,,,0,25,,8241,24,,,0,25,,8242,24,,,0,66,,8243,24,,,0,25,,8244,24,,,0,65,,8245,24,,,0,25,,8246,24,,,0,66,,8247,24,,,0,23,,8248,24,,,0,23,,8249,24,,,0,65,,8250,24,,,0,25,,8251,24,,,0,63,,8252,24,,,0,15,,8253,24,,,0,16,,8254,24,,,0,15,,8255,24,,,0,55,,8256,24,,,0,15,,8257,24,,,0,15,,8258,24,,,0,15,,8259,24,,,0,55,,8260,24,,,0,16,,8261,24,,,0,15,,8262,24,,,0,18,,8263,24,,,0,60,,8264,24,,,0,20,,8265,24,,,0,21,,8266,24,,,0,60,,8267,24,,,0,20,,8268,24,,,0,20,,8269,24,,,0,60,,8270,24,,,0,20,,8271,24,,,0,65,,8272,24,,,0,31,,8273,24,,,0,70,,8274,24,,,0,30,,8275,24,,,0
200,'5394',614,,8287,24,,,0,44,,8288,24,,,0,74,,8289,24,,,0,69,,8290,24,,,0,30,,8291,24,,,0,69,,8292,24,,,0,30,,8293,24,,,0,70,,8294,24,,,0,29,,8295,24,,,0,28,,8296,24,,,0,70,,8297,24,,,0,30,,8298,24,,,0,70,,8299,24,,,0,30,,8300,24,,,0,70,,8301,24,,,0,30,,8302,24,,,0,70,,8303,24,,,0,30,,8304,24,,,0,70,,8305,24,,,0,30,,8306,24,,,0,70,,8307,24,,,0,30,,8308,24,,,0,70,,8309,24,,,0,30,,8310,24,,,0,72,,8311,24,,,0,30,,8312,24,,,0,71,,8313,24,,,0,70,,8314,24,,,0,35,,8315,24,,,0,83,,8316,24,,,0,82,,8317,24,,,0,36,,8318,24,,,0
200,'5475',2302,,8277,24,,,0,30,,8278,24,,,0,70,,8279,24,,,0,30,,8280,24,,,0,70,,8281,24,,,0,30,,8282,24,,,0,70,,8283,24,,,0,30,,8284,24,,,0,70,,8285,24,,,0,30,,8286,24,0,17 10,0
200,'5565',650,,8340,24,,,0,85,,8339,24,,,0,85,,8338,24,,,0,85,,8337,24,,,0,44,,8336,24,,,0,85,,8335,24,,,0,82,,8334,24,,,0,40,,8319,24,,,0,80,,8320,24,,,0,80,,8321,24,,,0,40,,8322,24,,,0,80,,8323,24,,,0,80,,8324,24,,,0,40,,8325,24,,,0,81,,8326,24,,,0,81,,8327,24,,,0,41,,8328,24,,,0,80,,8329,24,,,0,82,,8330,24,,,0,82,,8331,24,,,0,38,,8332,24,,,0,83,,8333,24,,,0
1701,'4653',650,,8973,36,,,0,76,,8974,36,,,0,95,,8975,36,,,0,729,,8976,36,,,0,84,,8977,36,,,0,86,,8978,36,,,0,81,,8979,36,,,0,41,,8980,36,,,0
2100,'4653',659,,8981,28,,,0,88,,8982,28,,,0,85,,8983,28,,,0,86,,8984,28,,,0,89,,8985,28,,,0,46,,8986,28,,,0,93,,8987,28,,,0,168,,8988,28,,,0,128,,8989,28,,,0,285,,8990,28,,,0,82,,8991,28,,,0,101,,8992,28,,,0,119,,8993,28,,,0
2100,'5394',830,,9004,28,,,0,126,,9006,28,,,0,181,,9005,28,,,0,170,,9000,28,,,0,125,,9001,28,,,0,106,,9002,28,,,0,100,,9003,28,,,0,100,,8998,28,,,0,168,,8999,28,,,0,132,,8997,28,,,0
2100,'5475',2137,,8994,28,,,0,170,,8995,28,,,0,135,,8996,28,,,0
2100,'5565',901,,9014,28,,,0,106,,9015,28,,,0,133,,9007,28,,,0,172,,9009,28,,,0,134,,9008,28,,,0,176,,9010,28,,,0,130,,9011,28,,,0,165,,9012,28,,,0,125,,9013,28,,,0
2201,'4653',812,,9052,28,,,0,691,,9053,28,,,0
1002100,'4653',1552,,10234,33,,,0,77,,10235,33,,,0
