200,'4528',558,,6418,39,,,0,74,,6419,39,,,0,69,,6420,39,,,0,32,,6421,39,,,0,17,,6422,39,,,0,55,,6423,39,,,0,23,,6424,39,,,0,16,,6425,39,,,0,58,,6426,39,,,0,21,,6427,39,,,0,21,,6428,39,,,0,63,,6429,39,,,0,21,,6430,39,,,0,21,,6431,39,,,0,62,,6432,39,,,0,23,,6433,39,,,0,23,,6434,39,,,0,62,,6435,39,,,0,23,,6436,39,,,0,62,,6437,39,,,0,21,,6438,39,,,0,23,,6439,39,,,0,66,,6440,39,,,0,26,,6441,39,,,0,60,,6442,39,,,0,26,,6443,39,,,0,18,,6444,39,,,0,15,,6445,39,,,0,56,,6446,39,,,0,15,,6447,39,,,0,14,,6448,39,,,0,15,,6449,39,,,0,55,,6450,39,,,0,14,,6451,39,,,0,15,,6452,39,,,0,14,,6453,39,,,0,55,,6454,39,,,0,18,,6455,39,,,0,19,,6456,39,,,0,60,,6457,39,,,0,20,,6458,39,,,0,19,,6459,39,,,0,60,,6465,39,,,0,29,,6460,39,,,0,64,,6461,39,,,0,25,,6462,39,,,0,23,,6466,39,,,0,61,,6463,39,,,0,29,,6464,39,,,0
200,'4532',706,,4076,39,,,0,248,,4081,39,,,0,362,,4088,39,,,0,329,,4095,39,,,0
200,'5560',630,,4106,39,,,0,75,,4107,39,,,0,41,,4108,39,,,0,86,,4109,39,,,0,81,,4110,39,,,0,43,,4111,39,,,0,82,,4112,39,,,0,96,,4113,39,,,0,90,,4114,39,,,0,86,,4115,39,,,0,41,,4116,39,,,0,80,,4117,39,,,0,80,,4118,39,,,0,40,,4119,39,,,0,80,,4120,39,,,0,80,,4121,39,,,0,38,,4122,39,,,0,80,,4123,39,,,0,79,,4124,39,,,0,38,,4125,39,,,0,79,,4126,39,,,0,80,,4128,39,,,0,38,,4127,39,,,0
200,'5562',631,,6467,39,,,0,110,,6468,39,,,0,72,,6469,39,,,0,33,,6470,39,,,0,71,,6471,39,,,0,121,,6472,39,,,0,76,,6473,39,,,0,33,,6474,39,,,0,71,,6476,39,,,0,30,,6477,39,,,0,98,,6475,39,,,0,70,,6478,39,,,0,30,,6479,39,,,0,70,,6480,39,,,0,29,,6481,39,,,0,70,,6482,39,,,0,99,,6484,39,,,0,29,,6483,39,,,0,68,,6485,39,,,0,27,,6486,39,,,0,68,,6487,39,,,0,35,,6488,39,,,0,78,,6489,39,,,0,35,,6490,39,,,0,75,,6491,39,,,0,74,,6492,39,,,0,33,,6493,39,,,0
200,'5563',630,,6494,39,,,0,75,,6495,39,,,0,41,,6496,39,,,0,86,,6497,39,,,0,81,,6498,39,,,0,43,,6499,39,,,0,82,,6500,39,,,0,96,,6501,39,,,0,90,,6502,39,,,0,86,,6503,39,,,0,41,,6504,39,,,0,80,,6505,39,,,0,80,,6506,39,,,0,40,,6507,39,,,0,80,,6508,39,,,0,80,,6509,39,,,0,38,,6510,39,,,0,80,,6511,39,,,0,79,,6512,39,,,0,38,,6513,39,,,0,79,,6514,39,,,0,80,,6516,39,,,0,38,,6515,39,,,0
900,'4528',545,,6995,2,0,34 2 13 14,0,107,,6989,2,0,34 2 13 14,0,94,,4648,2,0,34 2 13 14,0,107,,6990,2,0,34 2 13 14,0,100,,4650,2,0,34 2 13 14,0,100,,6991,2,0,34 2 13 14,0,100,,4652,2,0,34 2 13 14,0,100,,6992,2,0,34 2 13 14,0,100,,4654,2,0,34 2 13 14,0,100,,6993,2,0,34 2 13 14,0,100,,4656,2,0,34 2 13 14,0,100,,6994,2,0,34 2 13 14,0,100,,4643,2,0,34 2 13 14,0,100,,6987,2,0,34 2 13 14,0,100,,4645,2,0,34 2 13 14,0,100,,6988,2,0,34 2 13 14,0,100,,4642,2,0,34 2 13 14,0
900,'5221',745,,4677,2,0,34 2 13 14,0,200,,4675,2,0,34 2 13 14,0,201,,4680,2,0,34 2 13 14,0,205,,4682,2,0,34 2 13 14,0,200,,4684,2,0,34 2 13 14,0,200,,4686,2,0,34 2 13 14,0,195,,4688,2,0,34 2 13 14,0
900,'5560',645,,4676,2,0,34 2 13 14,0,200,,4678,2,0,34 2 13 14,0,206,,4679,2,0,34 2 13 14,0,200,,4681,2,0,34 2 13 14,0,200,,4683,2,0,34 2 13 14,0,200,,4685,2,0,34 2 13 14,0,200,,4687,2,0,34 2 13 14,0
900,'5562',645,,6996,2,0,34 2 13 14,0,100,,6997,2,0,34 2 13 14,0,100,,6998,2,0,34 2 13 14,0,101,,6999,2,0,34 2 13 14,0,105,,7000,2,0,34 2 13 14,0,95,,7001,2,0,34 2 13 14,0,105,,7002,2,0,34 2 13 14,0,100,,7003,2,0,34 2 13 14,0,100,,7004,2,0,34 2 13 14,0,100,,7005,2,0,34 2 13 14,0,104,,7006,11,0,34 2 13 14,0,96,,7007,2,0,34 2 13 14,0,100,,7008,2,0,34 2 13 14,0,95,,7009,2,0,34 2 13 14,0,100,,7010,2,0,34 2 13 14,0,105,,7011,2,0,34 2 13 14,0
900,'5563',645,,7012,2,0,34 2 13 14,0,200,,7013,2,0,34 2 13 14,0,206,,7014,2,0,34 2 13 14,0,200,,7015,2,0,34 2 13 14,0,200,,7016,2,0,34 2 13 14,0,200,,7017,2,0,34 2 13 14,0,200,,7018,2,0,34 2 13 14,0
