100,'4653',531,,8002,17,,,0,75,,8003,17,,,0,30,,8004,17,,,0,22,,8005,17,,,0,56,,8006,17,,,0,15,,8007,17,,,0,16,,8008,17,,,0,57,,8009,17,,,0,15,,8010,17,,,0,16,,8011,17,,,0,16,,8050,17,,,0,56,,8012,17,,,0,25,,8013,17,,,0,25,,8014,17,,,0,65,,8015,17,,,0,24,,8016,17,,,0,66,,8017,17,,,0,25,,8018,17,,,0,65,,8019,17,,,0,25,,8020,17,,,0,25,,8021,17,,,0,65,,8022,17,,,0,23,,8023,17,,,0,65,,8024,17,,,0,25,,8025,17,,,0,24,,8026,17,,,0,58,,8001,17,,,0,16,,8027,17,,,0,15,,8028,17,,,0,15,,8029,17,,,0,55,,8030,17,,,0,15,,8031,17,,,0,15,,8032,17,,,0,15,,8033,17,,,0,55,,8034,17,,,0,15,,8035,17,,,0,16,,8036,17,,,0,61,,8037,17,,,0,20,,8038,17,,,0,21,,8039,17,,,0,60,,8040,17,,,0,20,,8041,17,,,0,20,,8042,17,,,0,61,,8043,17,,,0,20,,8044,17,,,0,20,,8045,17,,,0,70,,8046,17,,,0,30,,8047,17,,,0,71,,8048,17,,,0,30,,8049,17,,,0
100,'5475',2316,,8051,17,,,0,30,,8052,17,,,0,70,,8053,17,,,0,30,,8054,17,,,0,70,,8055,17,,,0,30,,8056,17,,,0,70,,8057,17,,,0,30,,8058,17,,,0,70,,8059,17,,,0
100,'5527',635,,8091,17,,,0,81,,8090,17,,,0,29,,8089,17,,,0,70,,8088,17,,,0,29,,8087,17,,,0,69,,8086,17,,,0,30,,8085,17,,,0,69,,8084,17,,,0,28,,8083,17,,,0,70,,8082,17,,,0,30,,8081,17,,,0,70,,8080,17,,,0,30,,8079,17,,,0,70,,8078,17,,,0,30,,8077,17,,,0,70,,8076,17,,,0,30,,8075,17,,,0,70,,8074,17,,,0,30,,8073,17,,,0,70,,8072,17,,,0,30,,8071,17,,,0,70,,8070,17,,,0,30,,8069,17,,,0,70,,8068,17,,,0,32,,8067,17,,,0,70,,8066,17,,,0,32,,8065,17,,,0,70,,8064,17,,,0,40,,8063,17,,,0,81,,8062,17,,,0,81,,8061,17,,,0,40,,8060,17,,,0
100,'5565',627,,8114,17,,,0,85,,8113,17,,,0,44,,8112,17,,,0,85,,8111,17,,,0,85,,8110,17,,,0,84,,8109,17,,,0,44,,8108,17,,,0,81,,8092,17,,,0,79,,8093,17,,,0,40,,8094,17,,,0,80,,8095,17,,,0,80,,8096,17,,,0,40,,8097,17,,,0,80,,8098,17,,,0,80,,8099,17,,,0,41,,8100,17,,,0,81,,8101,17,,,0,81,,8102,17,,,0,42,,8103,17,,,0,81,,8104,17,,,0,80,,8105,17,,,0,80,,8106,17,,,0,38,,8107,17,,,0,81,,8115,17,,,0
200,'4653',550,,8228,22,,,0,71,,8229,22,,,0,28,,8230,22,,,0,58,,8231,22,,,0,16,,8232,22,,,0,15,,8233,22,,,0,17,,8234,22,,,0,55,,8235,22,,,0,15,,8236,22,,,0,15,,8237,22,,,0,17,,8276,22,,,0,61,,8238,22,,,0,24,,8239,22,,,0,65,,8240,22,,,0,25,,8241,22,,,0,25,,8242,22,,,0,66,,8243,22,,,0,25,,8244,22,,,0,65,,8245,22,,,0,25,,8246,22,,,0,65,,8247,22,,,0,23,,8248,22,,,0,23,,8249,22,,,0,65,,8250,22,,,0,25,,8251,22,,,0,63,,8252,22,,,0,16,,8253,22,,,0,16,,8254,22,,,0,15,,8255,22,,,0,55,,8256,22,,,0,15,,8257,22,,,0,15,,8258,22,,,0,15,,8259,22,,,0,55,,8260,22,,,0,16,,8261,22,,,0,15,,8262,22,,,0,18,,8263,22,,,0,60,,8264,22,,,0,20,,8265,22,,,0,22,,8266,22,,,0,60,,8267,22,,,0,20,,8268,22,,,0,20,,8269,22,,,0,60,,8270,22,,,0,20,,8271,22,,,0,65,,8272,22,,,0,31,,8273,22,,,0,70,,8274,22,,,0,30,,8275,22,,,0
200,'5475',2301,,8277,22,,,0,30,,8278,22,,,0,70,,8279,22,,,0,30,,8280,22,,,0,70,,8281,22,,,0,30,,8282,22,,,0,70,,8283,22,,,0,30,,8284,22,,,0,70,,8285,22,,,0,30,,8286,22,0,17 10,0
200,'5527',613,,8287,22,,,0,44,,8288,22,,,0,74,,8289,22,,,0,69,,8290,22,,,0,30,,8291,22,,,0,29,,8292,22,,,0,69,,8293,22,,,0,30,,8294,22,,,0,69,,8295,22,,,0,28,,8296,22,,,0,70,,8297,22,,,0,30,,8298,22,,,0,70,,8299,22,,,0,30,,8300,22,,,0,70,,8301,22,,,0,30,,8302,22,,,0,70,,8303,22,,,0,30,,8304,22,,,0,70,,8305,22,,,0,30,,8306,22,,,0,70,,8307,22,,,0,30,,8308,22,,,0,70,,8309,22,,,0,30,,8310,22,,,0,72,,8311,22,,,0,30,,8312,22,,,0,71,,8313,22,,,0,31,,8314,22,,,0,75,,8315,22,,,0,83,,8316,22,,,0,42,,8317,22,,,0,76,,8318,22,,,0
200,'5565',649,,8340,22,,,0,85,,8339,22,,,0,85,,8338,22,,,0,85,,8337,22,,,0,43,,8336,22,,,0,85,,8335,22,,,0,82,,8334,22,,,0,40,,8319,22,,,0,80,,8320,22,,,0,80,,8321,22,,,0,40,,8322,22,,,0,80,,8323,22,,,0,80,,8324,22,,,0,40,,8325,22,,,0,81,,8326,22,,,0,81,,8327,22,,,0,41,,8328,22,,,0,80,,8329,22,,,0,83,,8330,22,,,0,82,,8331,22,,,0,38,,8332,22,,,0,83,,8333,22,,,0
1701,'4653',649,,8973,34,,,0,75,,8974,34,,,0,95,,8975,34,,,0,728,,8976,34,,,0,84,,8977,34,,,0,86,,8978,34,,,0,42,,8979,34,,,0,81,,8980,34,,,0
2100,'4653',658,,8981,26,,,0,87,,8982,26,,,0,85,,8983,26,,,0,86,,8984,26,,,0,89,,8985,26,,,0,46,,8986,26,,,0,93,,8987,26,,,0,167,,8988,26,,,0,128,,8989,26,,,0,286,,8990,26,,,0,82,,8991,26,,,0,101,,8992,26,,,0,119,,8993,26,,,0
2100,'5475',2136,,8994,26,,,0,170,,8995,26,,,0,135,,8996,26,,,0
2100,'5527',829,,9004,26,,,0,125,,9006,26,,,0,181,,9005,26,,,0,170,,9000,26,,,0,125,,9001,26,,,0,106,,9002,26,,,0,100,,9003,26,,,0,100,,8998,26,,,0,168,,8999,26,,,0,133,,8997,26,,,0
2100,'5565',900,,9014,26,,,0,105,,9015,26,,,0,133,,9007,26,,,0,172,,9009,26,,,0,134,,9008,26,,,0,176,,9010,26,,,0,130,,9011,26,,,0,165,,9012,26,,,0,126,,9013,26,,,0
2400,'4653',1445,,9054,13,0,15 16 11,0
1002100,'4653',1549,,10234,31,,,0,77,,10235,31,,,0
