201,'4653',505,,8342,7,,,0,45,,8343,7,,,0,65,,8344,7,,,0,34,,8345,7,,,0,58,,8346,7,,,0,17,,8347,7,,,0,14,,8348,7,,,0,15,,8349,7,,,0,57,,8350,7,,,0,21,,8351,7,,,0,25,,8352,7,,,0,70,,8353,7,,,0,28,,8354,7,,,0,67,,8355,7,,,0,25,,8356,7,,,0,64,,8357,7,,,0,25,,8358,7,,,0,65,,8359,7,,,0,26,,8360,7,,,0,25,,8361,7,,,0,65,,8362,7,,,0,25,,8363,7,,,0,65,,8364,7,,,0,20,,8365,7,,,0,14,,8341,7,0,9 10,0,5,,8366,7,,,0,55,,8367,7,,,0,15,,8368,7,,,0,15,,8369,7,,,0,16,,8370,7,,,0,55,,8371,7,,,0,15,,8372,7,,,0,15,,8373,7,,,0,14,,8374,7,,,0,56,,8375,7,,,0,15,,8376,7,,,0,16,,8377,7,,,0,15,,8378,7,,,0,60,,8379,7,,,0,20,,8380,7,,,0,20,,8381,7,,,0,60,,8382,7,,,0,20,,8383,7,,,0,20,,8384,7,,,0,60,,8385,7,,,0,25,,8386,7,,,0,70,,8387,7,,,0,28,,8388,7,,,0,70,,8389,7,,,0,30,,8390,7,,,0
201,'5475',2300,,8391,7,,,0,30,,8392,7,,,0,70,,8393,7,,,0,30,,8394,7,,,0,70,,8395,7,,,0,30,,8396,7,,,0,70,,8397,7,,,0,30,,8398,7,,,0,70,,8399,7,,,0
201,'5527',637,,8400,7,,,0,85,,8401,7,,,0,78,,8402,7,,,0,29,,8403,7,,,0,30,,8404,7,,,0,71,,8405,7,,,0,70,,8406,7,,,0,30,,8407,7,,,0,70,,8408,7,,,0,32,,8409,7,,,0,69,,8410,7,,,0,31,,8411,7,,,0,70,,8412,7,,,0,30,,8413,7,,,0,71,,8414,7,,,0,30,,8415,7,,,0,69,,8416,7,,,0,30,,8417,7,,,0,71,,8418,7,,,0,30,,8419,7,,,0,69,,8420,7,,,0,30,,8421,7,,,0,70,,8422,7,,,0,30,,8423,7,,,0,69,,8424,7,,,0,28,,8425,7,,,0,29,,8426,7,,,0,71,,8427,7,,,0,75,,8428,7,,,0,40,,8429,7,,,0,81,,8430,7,,,0
201,'5565',637,,8431,7,,,0,85,,8432,7,,,0,85,,8433,7,,,0,44,,8434,7,,,0,85,,8435,7,,,0,85,,8436,7,,,0,84,,8437,7,,,0,45,,8438,7,,,0,81,,8439,7,,,0,80,,8440,7,,,0,40,,8441,7,,,0,80,,8442,7,,,0,80,,8443,7,,,0,40,,8444,7,,,0,80,,8445,7,,,0,80,,8446,7,,,0,40,,8447,7,,,0,80,,8448,7,,,0,80,,8449,7,,,0,41,,8450,7,,,0,78,,8451,7,,,0,92,,8452,7,,,0
900,'4653',609,,8885,47,0,17 10,0,109,,8886,47,0,17 10,0,99,,8887,47,0,17 10,0,103,,8888,47,0,17 10,0,99,,8889,47,0,17 10,0,101,,8890,47,0,17 10,0,100,,8891,47,0,17 10,0,100,,8892,47,0,17 10,0,101,,8893,47,0,17 10,0,100,,8894,47,0,17 10,0,100,,8895,47,0,17 10,0,101,,8896,47,0,17 10,0,100,,8897,47,0,17 10,0,98,,8898,47,0,17 10,0,98,,8899,47,0,17 10,0,99,,8900,47,0,17 10,0,99,,8901,47,0,17 10,0
900,'5475',2324,,8902,47,0,17 10,0,100,,8903,47,0,17 10,0,100,,8904,47,0,17 10,0,100,,8905,47,0,17 10,0,100,,8906,47,0,17 10,0
900,'5527',708,,8907,47,,,0,101,,8908,47,,,0,100,,8909,47,,,0,102,,8910,47,,,0,107,,8911,47,,,0,95,,8912,47,,,0,106,,8913,47,,,0,100,,8914,47,0,17 10,0,100,,8915,47,0,17 10,0,100,,8916,47,,,0,104,,8917,56,,,0,95,,8918,47,0,17 10,0,99,,8919,47,,,0,94,,8920,47,,,0,99,,8921,47,,,0,105,,8922,47,0,17 10,0
900,'5565',710,,8924,47,0,17 10,0,100,,8925,47,0,17 10,0,101,,8926,47,0,17 10,0,100,,8923,47,0,17 10,0,107,,8927,47,0,17 10,0,95,,8928,47,0,17 10,0,105,,8929,47,0,17 10,0,99,,8930,47,0,17 10,0,100,,8931,47,0,17 10,0,100,,8932,47,0,17 10,0,100,,8933,47,0,17 10,0,99,,8934,47,0,17 10,0,100,,8935,47,0,17 10,0,95,,8936,47,0,17 10,0
2600,'4653',1520,,9056,49,0,9 10 11,0
2601,'4653',802,,9057,60,0,9 10 11,0
