1701,'4528',625,,7055,1,0,29 23,0,75,,7056,1,0,29 23,0,50,,7057,1,0,29 23,0,765,,7051,1,0,29 23,0,85,,7052,1,0,29 23,0,45,,7053,1,0,29 23,0,85,,7054,1,0,29 23,0,85,,7050,1,0,29 23,0
3100,'4528',726,,7120,1,,,0,30,,7121,1,,,0,73,,7122,1,,,0,102,,7123,1,,,0,107,,7124,1,,,0,109,,7125,1,,,0,109,,7126,1,,,0,154,,7127,1,,,0,98,,7128,1,,,0,39,,4807,1,,,0,73,,7129,1,,,0,36,,7130,1,,,0,77,,4810,1,,,0,75,,7131,1,,,0
3100,'5560',1008,,4826,1,,,0,109,,4820,1,,,0,109,,4821,1,,,0,110,,4822,1,,,0,115,,4823,1,,,0,156,,4825,1,,,0,110,,4824,1,,,0
3100,'5562',902,,7135,1,,,0,105,,7139,1,,,0,109,,7133,1,,,0,110,,7132,1,,,0,109,,7134,1,,,0,115,,7136,1,,,0,155,,7138,1,,,0,111,,7137,1,,,0
3100,'5563',1008,,7146,1,,,0,109,,7140,1,,,0,109,,7141,1,,,0,110,,7142,1,,,0,115,,7143,1,,,0,156,,7145,1,,,0,110,,7144,1,,,0
1003100,'4528',638,,7915,1,,,0,69,,7916,1,,,0,30,,7917,1,,,0,71,,7918,1,,,0,49,,7919,1,,,0,144,,7920,1,,,0,110,,7921,1,,,0,108,,7922,1,,,0,115,,7923,1,,,0,112,,7924,1,,,0,80,,7925,1,,,0,33,,7912,1,,,0,76,,7913,1,,,0,77,,7911,1,,,0,34,,7914,1,,,0,79,,7926,1,,,0,86,,7927,1,,,0,121,,7928,1,,,0,104,,7929,1,,,0,109,,7930,1,,,0
1003100,'5560',728,,6168,1,,,0,102,,6160,1,,,0,102,,6158,1,,,0,107,,6162,1,,,0,110,,6159,1,,,0,110,,6157,1,,,0,154,,6163,1,,,0,115,,6164,1,,,0,111,,6161,1,,,0,181,,6165,1,,,0,120,,6166,1,,,0,104,,6167,1,,,0
1003100,'5562',730,,7944,1,,,0,100,,7933,1,,,0,100,,7932,1,,,0,108,,7931,1,,,0,110,,7939,1,,,0,111,,7943,1,,,0,154,,7936,1,,,0,114,,7940,1,,,0,111,,7937,1,,,0,111,,7938,1,,,0,75,,7934,1,,,0,115,,7935,1,,,0,102,,7942,1,,,0,100,,7941,1,,,0
1003100,'5563',728,,7956,1,,,0,102,,7948,1,,,0,102,,7946,1,,,0,107,,7950,1,,,0,110,,7947,1,,,0,110,,7945,1,,,0,154,,7951,1,,,0,115,,7952,1,,,0,111,,7949,1,,,0,181,,7953,1,,,0,120,,7954,1,,,0,104,,7955,1,,,0
24003100,'4528',530,,8000,1,,,0,29,,7997,1,,,0,70,,7998,1,,,0,29,,7999,1,,,0
