300,'4528',543,,6618,1,,,0,70,,6619,1,,,0,30,,6620,1,,,0,74,,6621,1,,,0,32,,6622,1,,,0,75,,6623,1,,,0,34,,6624,1,,,0,74,,6625,1,,,0,74,,6626,1,,,0,34,,6617,1,,,0,74,,6627,1,,,0,34,,6628,1,,,0,75,,6629,1,,,0,34,,6630,1,,,0,80,,6631,1,,,0,75,,6632,1,,,0,35,,6633,1,,,0,80,,6634,1,,,0,76,,6635,1,,,0,34,,6636,1,,,0,79,,4255,1,,,0,37,,6637,1,,,0,76,,6639,1,,,0,76,,6638,1,,,0,30,,6640,1,,,0,101,,6641,1,,,0,104,,6642,1,,,0,103,,6643,1,,,0
300,'5560',627,,4289,1,,,0,95,,4290,1,,,0,88,,4303,1,,,0,92,,4292,1,,,0,50,,4293,1,,,0,97,,4294,1,,,0,94,,4291,1,,,0,99,,4295,1,,,0,101,,4296,1,,,0,100,,4297,1,,,0,100,,4298,1,,,0,104,,4299,1,,,0,100,,4300,1,,,0,96,,4301,1,,,0,100,,4302,1,,,0
300,'5562',558,,6668,1,,,0,90,,6667,1,,,0,98,,6669,1,,,0,87,,6644,1,,,0,67,,6645,1,,,0,40,,6646,1,,,0,75,,6648,1,,,0,29,,6649,1,,,0,75,,6650,1,,,0,35,,6647,1,,,0,73,,6651,1,,,0,79,,6652,1,,,0,35,,6653,1,,,0,75,,6654,1,,,0,41,,6655,1,,,0,75,,6656,1,,,0,71,,6657,1,,,0,36,,6658,1,,,0,76,,6659,1,,,0,36,,6660,1,,,0,86,,6661,1,,,0,75,,6662,1,,,0,36,,6663,1,,,0,90,,6664,1,,,0,102,,6665,1,,,0,101,,6666,1,,,0
300,'5563',627,,6670,1,,,0,95,,6671,1,,,0,88,,6684,1,,,0,92,,6673,1,,,0,50,,6674,1,,,0,97,,6675,1,,,0,94,,6672,1,,,0,99,,6676,1,,,0,101,,6677,1,,,0,100,,6678,1,,,0,100,,6679,1,,,0,104,,6680,1,,,0,100,,6681,1,,,0,96,,6682,1,,,0,100,,6683,1,,,0
301,'4528',608,,6686,42,4,,0,43,,6687,42,4,,0,76,,6688,42,4,,0,75,,6689,42,4,,0,35,,6690,42,4,,0,74,,6691,42,4,,0,36,,6692,42,4,,0,76,,6693,42,4,,0,77,,6685,42,4,,0,36,,6694,42,4,,0,76,,6695,42,4,,0,35,,6696,42,4,,0,76,,6697,42,4,,0,35,,6698,42,4,,0,77,,6699,42,4,,0,80,,6700,42,4,,0,35,,6701,42,4,,0,74,,6702,42,4,,0,80,,6703,42,4,,0,35,,6704,42,4,,0,70,,6705,42,4,,0,35,,4325,42,4,,0,74,,6706,42,4,,0,33,,6707,42,4,,0,75,,6708,42,4,,0,29,,6709,42,4,,0,98,,6710,42,4,,0,100,,6711,42,4,,0
301,'5560',635,,4363,42,4,,0,102,,4364,42,4,,0,96,,4366,42,4,,0,92,,4375,42,4,,0,96,,4361,42,4,,0,90,,4367,42,4,,0,102,,4368,42,4,,0,96,,4365,42,4,,0,101,,4369,42,4,,0,102,,4370,42,4,,0,100,,4371,42,4,,0,97,,4372,42,4,,0,104,,4373,42,4,,0,95,,4374,42,4,,0,93,,4360,42,4,,0
301,'5562',611,,6738,42,4,,0,95,,6737,42,4,,0,52,,6736,42,4,,0,101,,6739,42,4,,0,92,,6713,42,4,,0,73,,6714,42,4,,0,80,,6715,42,4,,0,37,,6716,42,4,,0,70,,6717,42,4,,0,35,,6718,42,4,,0,75,,6719,42,4,,0,35,,6720,42,4,,0,80,,6721,42,4,,0,77,,6722,42,4,,0,35,,6723,42,4,,0,80,,6724,42,4,,0,75,,6725,42,4,,0,28,,6726,42,4,,0,75,,6727,42,4,,0,34,,6728,42,4,,0,73,,6729,42,4,,0,43,,6730,42,4,,0,75,,6731,42,4,,0,75,,6732,42,4,,0,48,,6733,42,4,,0,99,,6734,42,4,,0
301,'5563',635,,6743,42,4,,0,102,,6744,42,4,,0,96,,6746,42,4,,0,92,,6755,42,4,,0,96,,6741,42,4,,0,90,,6747,42,4,,0,102,,6748,42,4,,0,96,,6745,42,4,,0,101,,6749,42,4,,0,102,,6750,42,4,,0,100,,6751,42,4,,0,97,,6752,42,4,,0,104,,6753,42,4,,0,95,,6754,42,4,,0,93,,6740,42,4,,0
500,'4528',608,,6788,1,,,0,43,,6789,1,,,0,76,,6790,1,,,0,75,,6791,1,,,0,35,,6792,1,,,0,74,,6793,1,,,0,36,,6794,1,,,0,76,,6795,1,,,0,77,,6796,1,,,0,36,,6797,1,,,0,76,,6798,1,,,0,35,,6799,1,,,0,76,,6800,1,,,0,35,,6801,1,,,0,77,,6802,1,,,0,80,,6803,1,,,0,35,,6804,1,,,0,74,,6805,1,,,0,80,,6806,1,,,0,35,,6807,1,,,0,70,,6808,1,,,0,35,,4446,1,,,0,74,,6809,1,,,0,33,,6810,1,,,0,75,,6811,1,,,0,29,,6812,1,,,0,98,,6813,1,,,0,100,,6814,1,,,0
500,'5560',635,,4479,1,,,0,102,,4480,1,,,0,96,,4481,1,,,0,92,,4493,1,,,0,96,,4482,1,,,0,90,,4483,1,,,0,102,,4485,1,,,0,96,,4486,1,,,0,101,,4487,1,,,0,102,,4484,1,,,0,100,,4488,1,,,0,97,,4489,1,,,0,104,,4490,1,,,0,95,,4491,1,,,0,93,,4492,1,,,0
500,'5562',611,,6839,1,,,0,95,,6838,1,,,0,52,,6837,1,,,0,101,,6840,1,,,0,92,,6815,1,,,0,73,,6816,1,,,0,80,,6817,1,,,0,37,,6818,1,,,0,70,,6820,1,,,0,35,,6821,1,,,0,75,,6822,1,,,0,35,,6819,1,,,0,80,,6823,1,,,0,77,,6824,1,,,0,35,,6825,1,,,0,80,,6826,1,,,0,75,,6827,1,,,0,28,,6828,1,,,0,75,,6829,1,,,0,34,,6830,1,,,0,73,,6831,1,,,0,43,,6832,1,,,0,75,,6833,1,,,0,75,,6834,1,,,0,48,,6835,1,,,0,99,,6836,1,,,0
500,'5563',635,,6841,1,,,0,102,,6842,1,,,0,96,,6843,1,,,0,92,,6855,1,,,0,96,,6844,1,,,0,90,,6845,1,,,0,102,,6847,1,,,0,96,,6848,1,,,0,101,,6849,1,,,0,102,,6846,1,,,0,100,,6850,1,,,0,97,,6851,1,,,0,104,,6852,1,,,0,95,,6853,1,,,0,93,,6854,1,,,0
501,'4528',613,,6856,21,4,,0,30,,6857,21,4,,0,74,,6858,21,4,,0,32,,6859,21,4,,0,75,,6860,21,4,,0,34,,6862,21,4,,0,74,,6861,21,4,,0,74,,6863,21,4,,0,34,,6864,21,4,,0,74,,6865,21,4,,0,34,,6866,21,4,,0,75,,6867,21,4,,0,34,,6868,21,4,,0,80,,6869,21,4,,0,75,,6870,21,4,,0,35,,6871,21,4,,0,80,,6872,21,4,,0,76,,6873,21,4,,0,34,,6874,21,4,,0,79,,4513,21,4,,0,37,,6875,21,4,,0,76,,6876,21,4,,0,76,,6877,21,4,,0,30,,6878,21,4,,0,101,,6879,21,4,,0,104,,6880,21,4,,0,103,,6881,21,4,,0
501,'5560',627,,4547,21,4,,0,95,,4546,21,4,,0,88,,4560,21,4,,0,92,,4548,21,4,,0,50,,4549,21,4,,0,97,,4550,21,4,,0,94,,4551,21,4,,0,99,,4552,21,4,,0,101,,4554,21,4,,0,100,,4555,21,4,,0,100,,4556,21,4,,0,104,,4553,21,4,,0,100,,4557,21,4,,0,96,,4558,21,4,,0,100,,4559,21,4,,0
501,'5562',648,,6905,21,4,,0,98,,6906,21,4,,0,87,,6884,21,4,,0,67,,6885,21,4,,0,40,,6882,21,4,,0,75,,6883,21,4,,0,29,,6886,21,4,,0,75,,6887,21,4,,0,35,,6888,21,4,,0,73,,6889,21,4,,0,79,,6890,21,4,,0,35,,6891,21,4,,0,75,,6892,21,4,,0,41,,6893,21,4,,0,75,,6894,21,4,,0,71,,6895,21,4,,0,36,,6896,21,4,,0,76,,6897,21,4,,0,36,,6898,21,4,,0,86,,6899,21,4,,0,75,,6900,21,4,,0,36,,6902,21,4,,0,90,,6903,21,4,,0,102,,6904,21,4,,0,101,,6901,21,4,,0
501,'5563',627,,6908,21,4,,0,95,,6907,21,4,,0,88,,6921,21,4,,0,92,,6909,21,4,,0,50,,6910,21,4,,0,97,,6911,21,4,,0,94,,6912,21,4,,0,99,,6913,21,4,,0,101,,6915,21,4,,0,100,,6916,21,4,,0,100,,6917,21,4,,0,104,,6914,21,4,,0,100,,6918,21,4,,0,96,,6919,21,4,,0,100,,6920,21,4,,0
