300,'4653',557,,8453,21,,,0,71,,8454,21,,,0,30,,8455,21,,,0,73,,8456,21,,,0,74,,8457,21,,,0,35,,8458,21,,,0,75,,8459,21,,,0,35,,8460,21,,,0,75,,8461,21,,,0,75,,8462,21,,,0,34,,8463,21,,,0,74,,8464,21,,,0,35,,8465,21,,,0,75,,8466,21,,,0,39,,8467,21,,,0,75,,8468,21,,,0,74,,8469,21,,,0,40,,8470,21,,,0,74,,8471,21,,,0,35,,8472,21,,,0,79,,8473,21,,,0,76,,8474,21,,,0,36,,8475,21,,,0,75,,8476,21,,,0,31,,8477,21,,,0,102,,8478,21,,,0,100,,8479,21,,,0,104,,8480,21,,,0
300,'5475',2400,,8481,21,,,0,100,,8482,21,,,0,100,,8483,21,,,0,100,,8484,21,,,0
300,'5527',610,,8509,21,,,0,49,,8508,21,,,0,99,,8510,21,,,0,89,,8485,21,,,0,68,,8486,21,,,0,40,,8487,21,,,0,75,,8489,21,,,0,70,,8490,21,,,0,35,,8491,21,,,0,74,,8488,21,,,0,34,,8492,21,,,0,80,,8493,21,,,0,35,,8494,21,,,0,75,,8495,21,,,0,81,,8496,21,,,0,35,,8497,21,,,0,70,,8498,21,,,0,35,,8499,21,,,0,76,,8500,21,,,0,75,,8501,21,,,0,47,,8502,21,,,0,75,,8503,21,,,0,76,,8504,21,,,0,50,,8505,21,,,0,101,,8506,21,,,0,100,,8507,21,,,0
300,'5565',639,,8511,21,,,0,95,,8512,21,,,0,88,,8525,21,,,0,94,,8514,21,,,0,94,,8515,21,,,0,95,,8516,21,,,0,95,,8513,21,,,0,59,,8517,21,,,0,100,,8518,21,,,0,100,,8519,21,,,0,100,,8520,21,,,0,145,,8521,21,,,0,96,,8522,21,,,0,57,,8523,21,,,0,102,,8524,21,,,0
601,'4653',548,,8801,6,0,58,0,77,,8802,6,0,58,0,77,,8803,6,0,58,0,37,,8804,6,0,58,0,85,,8805,6,0,58,0,79,,8806,6,0,58,0,35,,8807,6,0,58,0,115,,8808,6,0,58,0,160,,8809,6,0,58,0,125,,8810,6,0,58,0,84,,8811,6,0,58,0,87,,8812,6,0,58,0,47,,8813,6,0,58,0,82,,8814,6,0,58,0,82,,8815,6,0,58,0,83,,8816,6,0,58,0,43,,8817,6,0,58,0,102,,8818,6,0,58,0,110,,8819,6,0,58,0,154,,8820,6,0,58,0,110,,8821,6,0,58,0
601,'5475',2427,,8822,6,0,58,0,100,,8823,6,0,58,0,100,,8824,6,0,58,0
601,'5527',552,,8827,6,0,58,0,95,,8828,6,0,58,0,100,,8826,6,0,58,0,101,,8829,6,0,58,0,102,,8830,6,0,58,0,93,,8831,6,0,58,0,100,,8832,6,0,58,0,100,,8833,6,0,58,0,100,,8834,6,0,58,0,100,,8835,6,0,58,0,100,,8836,6,0,58,0,100,,8837,6,0,58,0,105,,8838,6,0,58,0,105,,8839,6,0,58,0,95,,8840,6,0,58,0,110,,8841,6,0,58,0,154,,8842,6,0,58,0,110,,8825,6,0,58,0
601,'5565',547,,8843,6,0,58,0,110,,8844,6,0,58,0,145,,8845,6,0,58,0,111,,8846,6,0,58,0,40,,8848,6,0,58,0,100,,8849,6,0,58,0,90,,8850,6,0,58,0,100,,8847,6,0,58,0,100,,8851,6,0,58,0,100,,8852,6,0,58,0,100,,8853,6,0,58,0,100,,8854,6,0,58,0,105,,8855,6,0,58,0,160,,8856,6,0,58,0,110,,8857,6,0,58,0
2401,'4653',739,,9055,6,0,15 16 11,0
3100,'4653',726,,9058,6,,,0,33,,9059,6,,,0,71,,9060,6,,,0,104,,9061,6,,,0,106,,9062,6,,,0,110,,9063,6,,,0,109,,9064,6,,,0,154,,9065,6,,,0,97,,9066,6,,,0,36,,9067,6,,,0,77,,9068,6,,,0,35,,9069,6,,,0,76,,9070,6,,,0,75,,9071,6,,,0
3100,'5527',905,,9075,6,,,0,105,,9079,6,,,0,110,,9073,6,,,0,109,,9072,6,,,0,109,,9074,6,,,0,115,,9076,6,,,0,156,,9078,6,,,0,110,,9077,6,,,0
3100,'5565',1010,,9086,6,,,0,110,,9080,6,,,0,109,,9081,6,,,0,110,,9082,6,,,0,115,,9083,6,,,0,156,,9085,6,,,0,110,,9084,6,,,0
1003100,'4653',639,,10237,6,,,0,68,,10238,6,,,0,31,,10239,6,,,0,71,,10240,6,,,0,50,,10241,6,,,0,144,,10242,6,,,0,109,,10243,6,,,0,109,,10244,6,,,0,115,,10245,6,,,0,110,,10246,6,,,0,80,,10247,6,,,0,75,,10248,6,,,0,37,,10249,6,,,0,75,,10250,6,,,0,34,,10251,6,,,0,80,,10252,6,,,0,86,,10253,6,,,0,122,,10254,6,,,0,103,,10255,6,,,0,110,,10256,6,,,0
1003100,'5475',2355,,10257,6,,,0,100,,10258,6,,,0,100,,10259,6,,,0,100,,10260,6,,,0
1003100,'5527',732,,10274,6,,,0,101,,10263,6,,,0,99,,10262,6,,,0,110,,10261,6,,,0,110,,10269,6,,,0,150,,10273,6,,,0,114,,10266,6,,,0,114,,10270,6,,,0,111,,10267,6,,,0,111,,10268,6,,,0,75,,10264,6,,,0,115,,10265,6,,,0,102,,10272,6,,,0,98,,10271,6,,,0
1003100,'5565',730,,10286,6,,,0,102,,10278,6,,,0,102,,10276,6,,,0,108,,10280,6,,,0,110,,10277,6,,,0,150,,10275,6,,,0,115,,10281,6,,,0,114,,10282,6,,,0,111,,10279,6,,,0,180,,10283,6,,,0,120,,10284,6,,,0,103,,10285,6,,,0
24003100,'4653',533,,10334,6,,,0,68,,10335,6,,,0,29,,10336,6,,,0,27,,10337,6,,,0
