300,'4528',544,,6618,4,,,0,71,,6619,4,,,0,30,,6620,4,,,0,74,,6621,4,,,0,32,,6622,4,,,0,75,,6623,4,,,0,74,,6624,4,,,0,34,,6625,4,,,0,74,,6626,4,,,0,35,,6617,4,,,0,74,,6627,4,,,0,34,,6628,4,,,0,75,,6629,4,,,0,74,,6630,4,,,0,40,,6631,4,,,0,75,,6632,4,,,0,35,,6633,4,,,0,80,,6634,4,,,0,76,,6635,4,,,0,34,,6636,4,,,0,78,,4255,4,,,0,37,,6637,4,,,0,76,,6639,4,,,0,76,,6638,4,,,0,30,,6640,4,,,0,100,,6641,4,,,0,104,,6642,4,,,0,103,,6643,4,,,0
300,'4532',559,,6668,4,,,0,90,,6667,4,,,0,98,,6669,4,,,0,87,,6644,4,,,0,68,,6645,4,,,0,40,,6646,4,,,0,75,,6648,4,,,0,29,,6649,4,,,0,75,,6650,4,,,0,35,,6647,4,,,0,73,,6651,4,,,0,80,,6652,4,,,0,35,,6653,4,,,0,75,,6654,4,,,0,81,,6655,4,,,0,35,,6656,4,,,0,70,,6657,4,,,0,36,,6658,4,,,0,76,,6659,4,,,0,36,,6660,4,,,0,86,,6661,4,,,0,75,,6662,4,,,0,36,,6663,4,,,0,90,,6664,4,,,0,102,,6665,4,,,0,101,,6666,4,,,0
300,'5221',628,,6670,4,,,0,95,,6671,4,,,0,88,,6684,4,,,0,93,,6673,4,,,0,50,,6674,4,,,0,97,,6675,4,,,0,95,,6672,4,,,0,99,,6676,4,,,0,101,,6677,4,,,0,100,,6678,4,,,0,100,,6679,4,,,0,104,,6680,4,,,0,99,,6681,4,,,0,96,,6682,4,,,0,100,,6683,4,,,0
500,'4528',610,,6788,4,,,0,43,,6789,4,,,0,76,,6790,4,,,0,75,,6791,4,,,0,35,,6792,4,,,0,74,,6793,4,,,0,36,,6794,4,,,0,76,,6795,4,,,0,77,,6796,4,,,0,36,,6797,4,,,0,76,,6798,4,,,0,35,,6799,4,,,0,76,,6800,4,,,0,75,,6801,4,,,0,37,,6802,4,,,0,80,,6803,4,,,0,35,,6804,4,,,0,74,,6805,4,,,0,80,,6806,4,,,0,35,,6807,4,,,0,70,,6808,4,,,0,35,,4446,4,,,0,74,,6809,4,,,0,33,,6810,4,,,0,75,,6811,4,,,0,29,,6812,4,,,0,98,,6813,4,,,0,100,,6814,4,,,0
500,'4532',612,,6839,4,,,0,95,,6838,4,,,0,52,,6837,4,,,0,142,,6840,4,,,0,52,,6815,4,,,0,73,,6816,4,,,0,80,,6817,4,,,0,37,,6818,4,,,0,70,,6820,4,,,0,35,,6821,4,,,0,75,,6822,4,,,0,35,,6819,4,,,0,80,,6823,4,,,0,77,,6824,4,,,0,35,,6825,4,,,0,80,,6826,4,,,0,75,,6827,4,,,0,28,,6828,4,,,0,75,,6829,4,,,0,34,,6830,4,,,0,73,,6831,4,,,0,43,,6832,4,,,0,75,,6833,4,,,0,75,,6834,4,,,0,48,,6835,4,,,0,99,,6836,4,,,0
500,'5221',636,,6841,4,,,0,103,,6842,4,,,0,96,,6843,4,,,0,92,,6855,4,,,0,96,,6844,4,,,0,90,,6845,4,,,0,102,,6847,4,,,0,96,,6848,4,,,0,101,,6849,4,,,0,102,,6846,4,,,0,100,,6850,4,,,0,97,,6851,4,,,0,104,,6852,4,,,0,95,,6853,4,,,0,93,,6854,4,,,0
1701,'4528',647,,7055,32,,,0,76,,7056,32,,,0,92,,7057,32,,,0,726,,7051,32,,,0,88,,7052,32,,,0,85,,7053,32,,,0,41,,7054,32,,,0,84,,7050,32,,,0
2100,'4528',652,,7068,23,,,0,86,,7064,23,,,0,84,,7065,23,,,0,96,,7066,23,,,0,85,,7067,23,,,0,33,,7069,23,,,0,99,,7063,23,,,0,165,,7061,23,,,0,132,,7062,23,,,0,282,,4736,23,,,0,44,,7059,23,,,0,144,,7060,23,,,0,120,,7058,23,,,0
2100,'4532',816,,7077,23,,,0,133,,7079,23,,,0,179,,7078,23,,,0,183,,7073,23,,,0,118,,7074,23,,,0,103,,7075,23,,,0,98,,7076,23,,,0,99,,7071,23,,,0,176,,7072,23,,,0,133,,7070,23,,,0
2100,'5221',853,,7087,23,,,0,100,,7088,23,,,0,175,,7080,23,,,0,172,,7082,23,,,0,133,,7081,23,,,0,173,,7083,23,,,0,129,,7084,23,,,0,171,,7085,23,,,0,129,,7086,23,,,0
1002100,'4528',1536,,6120,28,,,0,80,,7909,28,,,0
