101,'4528',550,,6319,21,,,0,67,,6320,21,,,0,30,,6321,21,,,0,70,,6322,21,,,0,22,,6318,21,,,0,15,,6323,21,,,0,56,,6324,21,,,0,21,,6325,21,,,0,21,,6326,21,,,0,63,,6327,21,,,0,21,,6328,21,,,0,21,,6329,21,,,0,61,,6330,21,,,0,22,,6331,21,,,0,61,,6332,21,,,0,22,,6333,21,,,0,23,,6334,21,,,0,61,,6335,21,,,0,21,,6336,21,,,0,23,,6337,21,,,0,66,,6338,21,,,0,26,,6339,21,,,0,60,,6340,21,,,0,24,,6341,21,,,0,18,,6342,21,,,0,55,,6343,21,,,0,16,,6344,21,,,0,15,,6345,21,,,0,15,,6346,21,,,0,55,,6347,21,,,0,15,,6348,21,,,0,15,,6349,21,,,0,15,,6350,21,,,0,54,,6351,21,,,0,15,,6352,21,,,0,15,,6353,21,,,0,12,,6354,21,,,0,13,,6355,21,,,0,61,,6356,21,,,0,20,,6357,21,,,0,20,,6358,21,,,0,60,,6366,21,,,0,29,,6359,21,,,0,65,,6360,21,,,0,25,,6361,21,,,0,24,,6367,21,,,0,63,,6362,21,,,0,30,,6363,21,,,0,76,,6364,21,,,0,72,,6365,21,,,0
101,'4532',625,,3973,21,,,0,280,,3977,21,,,0,314,,3983,21,,,0,329,,3990,21,,,0
101,'5560',625,,4004,21,,,0,80,,4005,21,,,0,45,,4006,21,,,0,80,,4007,21,,,0,79,,4008,21,,,0,38,,4009,21,,,0,94,,4010,21,,,0,88,,4011,21,,,0,85,,4012,21,,,0,40,,4013,21,,,0,80,,4014,21,,,0,79,,4015,21,,,0,40,,4016,21,,,0,80,,4017,21,,,0,80,,4018,21,,,0,40,,4019,21,,,0,81,,4020,21,,,0,81,,4021,21,,,0,41,,4022,21,,,0,80,,4023,21,,,0,81,,4024,21,,,0,83,,4025,21,,,0
101,'5562',700,,6368,21,,,0,30,,6369,21,,,0,72,,6370,21,,,0,28,,6371,21,,,0,118,,6372,21,,,0,74,,6373,21,,,0,32,,6374,21,,,0,69,,6375,21,,,0,29,,6376,21,,,0,95,,6377,21,,,0,70,,6378,21,,,0,30,,6379,21,,,0,70,,6380,21,,,0,30,,6381,21,,,0,70,,6382,21,,,0,101,,6383,21,,,0,30,,6384,21,,,0,69,,6385,21,,,0,28,,6386,21,,,0,69,,6387,21,,,0,38,,6388,21,,,0,79,,6389,21,,,0,77,,6390,21,,,0,35,,6391,21,,,0,76,,6392,21,,,0,35,,6393,21,,,0,72,,6395,21,,,0,75,,6394,21,,,0
101,'5563',625,,6396,21,,,0,80,,6397,21,,,0,45,,6398,21,,,0,80,,6399,21,,,0,79,,6400,21,,,0,38,,6401,21,,,0,94,,6402,21,,,0,88,,6403,21,,,0,85,,6404,21,,,0,40,,6405,21,,,0,80,,6406,21,,,0,79,,6407,21,,,0,40,,6408,21,,,0,80,,6409,21,,,0,80,,6410,21,,,0,40,,6411,21,,,0,81,,6412,21,,,0,81,,6413,21,,,0,41,,6414,21,,,0,80,,6415,21,,,0,81,,6416,21,,,0,83,,6417,21,,,0
201,'4528',515,,6517,22,,,0,35,,6518,22,,,0,78,,6519,22,,,0,75,,6520,22,,,0,18,,4134,22,,,0,16,,6521,22,,,0,17,,6522,22,,,0,55,,6523,22,,,0,15,,6524,22,,,0,18,,6525,22,,,0,16,,6526,22,,,0,59,,6527,22,,,0,19,,6528,22,,,0,20,,6529,22,,,0,62,,6530,22,,,0,22,,6531,22,,,0,65,,6532,22,,,0,24,,6533,22,,,0,21,,6534,22,,,0,62,,6535,22,,,0,23,,6536,22,,,0,23,,6537,22,,,0,62,,6538,22,,,0,22,,6539,22,,,0,62,,6540,22,,,0,25,,6541,22,,,0,16,,6542,22,,,0,55,,6543,22,,,0,14,,6544,22,,,0,15,,6545,22,,,0,15,,6546,22,,,0,15,,6547,22,,,0,54,,6549,22,,,0,14,,6548,22,,,0,14,,6550,22,,,0,15,,6551,22,,,0,55,,6552,22,,,0,17,,6553,22,,,0,22,,6554,22,,,0,60,,6555,22,,,0,25,,6556,22,,,0,23,,6564,22,,,0,64,,6557,22,,,0,25,,6558,22,,,0,65,,6559,22,,,0,25,,6565,22,,,0,65,,6560,22,,,0,28,,6561,22,,,0,72,,6562,22,,,0,34,,6563,22,,,0
201,'4532',736,,4184,22,,,0,292,,4188,22,,,0,325,,4192,22,,,0,367,,4202,22,,,0
201,'5560',618,,4212,22,,,0,40,,4213,22,,,0,79,,4214,22,,,0,80,,4215,22,,,0,86,,4216,22,,,0,46,,4217,22,,,0,79,,4218,22,,,0,83,,4219,22,,,0,37,,4232,22,,,0,80,,4220,22,,,0,79,,4221,22,,,0,38,,4222,22,,,0,80,,4223,22,,,0,80,,4224,22,,,0,40,,4225,22,,,0,80,,4226,22,,,0,80,,4227,22,,,0,41,,4229,22,,,0,79,,4228,22,,,0,80,,4230,22,,,0,39,,4231,22,,,0,85,,4234,22,,,0,98,,4233,22,,,0
201,'5562',602,,6567,22,,,0,31,,6568,22,,,0,68,,6569,22,,,0,110,,6570,22,,,0,34,,6566,22,,,0,71,,6571,22,,,0,34,,6572,22,,,0,108,,6573,22,,,0,70,,6574,22,,,0,29,,6575,22,,,0,70,,6576,22,,,0,28,,6577,22,,,0,69,,6578,22,,,0,99,,6579,22,,,0,30,,6580,22,,,0,70,,6581,22,,,0,31,,6582,22,,,0,70,,6583,22,,,0,26,,6584,22,,,0,100,,6586,22,,,0,76,,6587,22,,,0,76,,6588,22,,,0,36,,6585,22,,,0,75,,6589,22,,,0,37,,6591,22,,,0,75,,6590,22,,,0,75,,6592,22,,,0,36,,6593,22,,,0
201,'5563',618,,6594,22,,,0,40,,6595,22,,,0,79,,6596,22,,,0,80,,6597,22,,,0,86,,6598,22,,,0,46,,6599,22,,,0,79,,6600,22,,,0,83,,6601,22,,,0,37,,6614,22,,,0,80,,6602,22,,,0,79,,6603,22,,,0,38,,6604,22,,,0,80,,6605,22,,,0,80,,6606,22,,,0,40,,6607,22,,,0,80,,6608,22,,,0,80,,6609,22,,,0,41,,6611,22,,,0,79,,6610,22,,,0,80,,6612,22,,,0,39,,6613,22,,,0,85,,6616,22,,,0,98,,6615,22,,,0
1701,'4528',627,,7055,3,0,29 23,0,75,,7056,3,0,29 23,0,50,,7057,3,0,29 23,0,766,,7051,3,0,29 23,0,85,,7052,3,0,29 23,0,45,,7053,3,0,29 23,0,85,,7054,3,0,29 23,0,84,,7050,3,0,29 23,0
2101,'4528',601,,7098,3,,,0,43,,7099,3,,,0,166,,7097,3,,,0,97,,7096,3,,,0,32,,7100,3,,,0,99,,7095,3,,,0,162,,7090,3,,,0,130,,7094,3,,,0,91,,4767,3,,,0,81,,7091,3,,,0,107,,4772,3,,,0,49,,7093,3,,,0,149,,7089,3,,,0,122,,7092,3,,,0
2101,'5560',802,,4797,3,,,0,99,,4789,3,,,0,135,,4790,3,,,0,170,,4791,3,,,0,132,,4792,3,,,0,173,,4793,3,,,0,130,,4794,3,,,0,174,,4795,3,,,0,129,,4796,3,,,0
2101,'5562',725,,7109,3,,,0,129,,7110,3,,,0,179,,7108,3,,,0,122,,7104,3,,,0,172,,7102,3,,,0,105,,7103,3,,,0,100,,7105,3,,,0,100,,7106,3,,,0,169,,7107,3,,,0,131,,7101,3,,,0
2101,'5563',802,,7119,3,,,0,99,,7111,3,,,0,135,,7112,3,,,0,170,,7113,3,,,0,132,,7114,3,,,0,173,,7115,3,,,0,130,,7116,3,,,0,174,,7117,3,,,0,129,,7118,3,,,0
1002101,'4528',719,,7910,3,,,0
