300,'4653',559,,8453,23,,,0,71,,8454,23,,,0,70,,8455,23,,,0,33,,8456,23,,,0,74,,8457,23,,,0,35,,8458,23,,,0,75,,8459,23,,,0,35,,8460,23,,,0,75,,8461,23,,,0,75,,8462,23,,,0,35,,8463,23,,,0,74,,8464,23,,,0,35,,8465,23,,,0,75,,8466,23,,,0,79,,8467,23,,,0,35,,8468,23,,,0,73,,8469,23,,,0,40,,8470,23,,,0,74,,8471,23,,,0,35,,8472,23,,,0,79,,8473,23,,,0,76,,8474,23,,,0,36,,8475,23,,,0,75,,8476,23,,,0,31,,8477,23,,,0,102,,8478,23,,,0,100,,8479,23,,,0,144,,8480,23,,,0
300,'5475',2402,,8481,23,,,0,100,,8482,23,,,0,100,,8483,23,,,0,100,,8484,23,,,0
300,'5527',612,,8509,23,,,0,89,,8508,23,,,0,99,,8510,23,,,0,49,,8485,23,,,0,68,,8486,23,,,0,40,,8487,23,,,0,75,,8489,23,,,0,70,,8490,23,,,0,35,,8491,23,,,0,74,,8488,23,,,0,35,,8492,23,,,0,80,,8493,23,,,0,75,,8494,23,,,0,35,,8495,23,,,0,80,,8496,23,,,0,35,,8497,23,,,0,70,,8498,23,,,0,35,,8499,23,,,0,76,,8500,23,,,0,75,,8501,23,,,0,47,,8502,23,,,0,75,,8503,23,,,0,76,,8504,23,,,0,50,,8505,23,,,0,101,,8506,23,,,0,100,,8507,23,,,0
300,'5565',641,,8511,23,,,0,95,,8512,23,,,0,88,,8525,23,,,0,94,,8514,23,,,0,94,,8515,23,,,0,95,,8516,23,,,0,95,,8513,23,,,0,99,,8517,23,,,0,100,,8518,23,,,0,100,,8519,23,,,0,100,,8520,23,,,0,105,,8521,23,,,0,96,,8522,23,,,0,57,,8523,23,,,0,142,,8524,23,,,0
3100,'4653',727,,9058,8,,,0,73,,9059,8,,,0,32,,9060,8,,,0,103,,9061,8,,,0,106,,9062,8,,,0,110,,9063,8,,,0,150,,9064,8,,,0,114,,9065,8,,,0,97,,9066,8,,,0,36,,9067,8,,,0,77,,9068,8,,,0,75,,9069,8,,,0,35,,9070,8,,,0,75,,9071,8,,,0
3100,'5527',906,,9075,8,,,0,105,,9079,8,,,0,110,,9073,8,,,0,109,,9072,8,,,0,110,,9074,8,,,0,115,,9076,8,,,0,156,,9078,8,,,0,110,,9077,8,,,0
3100,'5565',1011,,9086,8,,,0,110,,9080,8,,,0,109,,9081,8,,,0,110,,9082,8,,,0,115,,9083,8,,,0,156,,9085,8,,,0,110,,9084,8,,,0
1003100,'4653',640,,10237,8,,,0,68,,10238,8,,,0,31,,10239,8,,,0,71,,10240,8,,,0,90,,10241,8,,,0,104,,10242,8,,,0,109,,10243,8,,,0,110,,10244,8,,,0,115,,10245,8,,,0,110,,10246,8,,,0,80,,10247,8,,,0,75,,10248,8,,,0,37,,10249,8,,,0,75,,10250,8,,,0,33,,10251,8,,,0,80,,10252,8,,,0,86,,10253,8,,,0,122,,10254,8,,,0,103,,10255,8,,,0,110,,10256,8,,,0
1003100,'5475',2356,,10257,8,,,0,100,,10258,8,,,0,100,,10259,8,,,0,100,,10260,8,,,0
1003100,'5527',733,,10274,8,,,0,101,,10263,8,,,0,99,,10262,8,,,0,110,,10261,8,,,0,110,,10269,8,,,0,150,,10273,8,,,0,115,,10266,8,,,0,114,,10270,8,,,0,111,,10267,8,,,0,110,,10268,8,,,0,75,,10264,8,,,0,115,,10265,8,,,0,102,,10272,8,,,0,98,,10271,8,,,0
1003100,'5565',731,,10286,8,,,0,102,,10278,8,,,0,102,,10276,8,,,0,108,,10280,8,,,0,110,,10277,8,,,0,150,,10275,8,,,0,115,,10281,8,,,0,114,,10282,8,,,0,111,,10279,8,,,0,180,,10283,8,,,0,120,,10284,8,,,0,103,,10285,8,,,0
24003100,'4653',534,,10334,8,,,0,68,,10335,8,,,0,29,,10336,8,,,0,27,,10337,8,,,0
