100,'4528',527,,6216,16,,,0,31,,6217,16,,,0,70,,6215,16,,,0,20,,6219,16,,,0,61,,6220,16,,,0,20,,6218,16,,,0,17,,6221,16,,,0,60,,3821,16,,,0,16,,6222,16,,,0,17,,6223,16,,,0,15,,6224,16,,,0,56,,6226,16,,,0,18,,6225,16,,,0,16,,6227,16,,,0,59,,6228,16,,,0,19,,6229,16,,,0,20,,6230,16,,,0,62,,6231,16,,,0,22,,6232,16,,,0,26,,6233,16,,,0,64,,6235,16,,,0,22,,6234,16,,,0,62,,6236,16,,,0,24,,6237,16,,,0,23,,6239,16,,,0,61,,6238,16,,,0,23,,6240,16,,,0,22,,6241,16,,,0,66,,6242,16,,,0,16,,6243,16,,,0,15,,6244,16,,,0,55,,6245,16,,,0,15,,6246,16,,,0,15,,6247,16,,,0,15,,6248,16,,,0,55,,6249,16,,,0,13,,6250,16,,,0,14,,6251,16,,,0,14,,6252,16,,,0,55,,6253,16,,,0,15,,6254,16,,,0,20,,6255,16,,,0,20,,6256,16,,,0,64,,6257,16,,,0,23,,6264,16,,,0,64,,6258,16,,,0,25,,6259,16,,,0,23,,6260,16,,,0,65,,6265,16,,,0,25,,6261,16,,,0,66,,6262,16,,,0,30,,6263,16,,,0
100,'4532',610,,6266,16,,,0,32,,6267,16,,,0,70,,6268,16,,,0,30,,6269,16,,,0,75,,3870,16,,,0,35,,6270,16,,,0,77,,6271,16,,,0,72,,6272,16,,,0,36,,6273,16,,,0,77,,3873,16,,,0,31,,6274,16,,,0,70,,6275,16,,,0,30,,6276,16,,,0,71,,6277,16,,,0,30,,6278,16,,,0,70,,6279,16,,,0,30,,3882,16,,,0,70,,6280,16,,,0,30,,6281,16,,,0,70,,6282,16,,,0,30,,6283,16,,,0,69,,6284,16,,,0,24,,6285,16,,,0,70,,3889,16,,,0,30,,6286,16,,,0,75,,6287,16,,,0,34,,6288,16,,,0,74,,6289,16,,,0,35,,6290,16,,,0,75,,6291,16,,,0,75,,6292,16,,,0,34,,6293,16,,,0
100,'5221',616,,6294,16,,,0,41,,6295,16,,,0,80,,6296,16,,,0,80,,6297,16,,,0,40,,6298,16,,,0,90,,6299,16,,,0,87,,6300,16,,,0,80,,6301,16,,,0,44,,6302,16,,,0,78,,6315,16,,,0,80,,6303,16,,,0,40,,6304,16,,,0,81,,6305,16,,,0,80,,6306,16,,,0,40,,6307,16,,,0,80,,6308,16,,,0,79,,6309,16,,,0,40,,6310,16,,,0,80,,6311,16,,,0,77,,6312,16,,,0,39,,6313,16,,,0,76,,6314,16,,,0,85,,6316,16,,,0,95,,6317,16,,,0
200,'4528',546,,6418,21,,,0,74,,6419,21,,,0,29,,6420,21,,,0,71,,6421,21,,,0,16,,6422,21,,,0,15,,6423,21,,,0,63,,6424,21,,,0,16,,6425,21,,,0,17,,6426,21,,,0,61,,6427,21,,,0,20,,6428,21,,,0,23,,6429,21,,,0,61,,6430,21,,,0,21,,6431,21,,,0,22,,6432,21,,,0,63,,6433,21,,,0,23,,6434,21,,,0,62,,6435,21,,,0,23,,6436,21,,,0,22,,6437,21,,,0,61,,6438,21,,,0,23,,6439,21,,,0,26,,6440,21,,,0,66,,6441,21,,,0,20,,6442,21,,,0,66,,6443,21,,,0,18,,6444,21,,,0,15,,6445,21,,,0,16,,6446,21,,,0,55,,6447,21,,,0,14,,6448,21,,,0,15,,6449,21,,,0,15,,6450,21,,,0,54,,6451,21,,,0,15,,6452,21,,,0,14,,6453,21,,,0,15,,6454,21,,,0,58,,6455,21,,,0,20,,6456,21,,,0,20,,6457,21,,,0,60,,6458,21,,,0,19,,6459,21,,,0,20,,6465,21,,,0,69,,6460,21,,,0,24,,6461,21,,,0,65,,6462,21,,,0,23,,6466,21,,,0,23,,6463,21,,,0,69,,6464,21,,,0
200,'4532',620,,6467,21,,,0,35,,4076,21,,,0,75,,6468,21,,,0,71,,6469,21,,,0,33,,6470,21,,,0,71,,6471,21,,,0,36,,4081,21,,,0,84,,6472,21,,,0,75,,6473,21,,,0,33,,6474,21,,,0,70,,6476,21,,,0,30,,6477,21,,,0,68,,4088,21,,,0,30,,6475,21,,,0,70,,6478,21,,,0,30,,6479,21,,,0,70,,6480,21,,,0,29,,6481,21,,,0,70,,6482,21,,,0,30,,4095,21,,,0,29,,6484,21,,,0,70,,6483,21,,,0,28,,6485,21,,,0,67,,6486,21,,,0,29,,6487,21,,,0,76,,6488,21,,,0,78,,6489,21,,,0,35,,6490,21,,,0,75,,6491,21,,,0,34,,6492,21,,,0,74,,6493,21,,,0
200,'5221',619,,6494,21,,,0,35,,6495,21,,,0,81,,6496,21,,,0,86,,6497,21,,,0,80,,6498,21,,,0,42,,6499,21,,,0,82,,6500,21,,,0,95,,6501,21,,,0,89,,6502,21,,,0,46,,6503,21,,,0,81,,6504,21,,,0,80,,6505,21,,,0,40,,6506,21,,,0,80,,6507,21,,,0,80,,6508,21,,,0,40,,6509,21,,,0,79,,6510,21,,,0,80,,6511,21,,,0,39,,6512,21,,,0,79,,6513,21,,,0,80,,6514,21,,,0,40,,6516,21,,,0,78,,6515,21,,,0
1701,'4528',647,,7055,33,,,0,76,,7056,33,,,0,92,,7057,33,,,0,727,,7051,33,,,0,88,,7052,33,,,0,85,,7053,33,,,0,40,,7054,33,,,0,84,,7050,33,,,0
2100,'4528',652,,7068,24,,,0,87,,7064,24,,,0,84,,7065,24,,,0,96,,7066,24,,,0,85,,7067,24,,,0,33,,7069,24,,,0,99,,7063,24,,,0,165,,7061,24,,,0,132,,7062,24,,,0,282,,4736,24,,,0,44,,7059,24,,,0,143,,7060,24,,,0,120,,7058,24,,,0
2100,'4532',816,,7077,24,,,0,134,,7079,24,,,0,179,,7078,24,,,0,183,,7073,24,,,0,118,,7074,24,,,0,103,,7075,24,,,0,98,,7076,24,,,0,99,,7071,24,,,0,175,,7072,24,,,0,133,,7070,24,,,0
2100,'5221',854,,7087,24,,,0,100,,7088,24,,,0,175,,7080,24,,,0,172,,7082,24,,,0,133,,7081,24,,,0,173,,7083,24,,,0,129,,7084,24,,,0,170,,7085,24,,,0,129,,7086,24,,,0
1002100,'4528',1537,,6120,29,,,0,80,,7909,29,,,0
