200,'4653',601,,8228,40,,,0,31,,8229,40,,,0,69,,8230,40,,,0,18,,8231,40,,,0,16,,8232,40,,,0,17,,8233,40,,,0,57,,8234,40,,,0,16,,8235,40,,,0,15,,8236,40,,,0,15,,8237,40,,,0,56,,8276,40,,,0,21,,8238,40,,,0,25,,8239,40,,,0,65,,8240,40,,,0,25,,8241,40,,,0,65,,8242,40,,,0,26,,8243,40,,,0,65,,8244,40,,,0,25,,8245,40,,,0,25,,8246,40,,,0,66,,8247,40,,,0,23,,8248,40,,,0,63,,8249,40,,,0,27,,8250,40,,,0,25,,8251,40,,,0,62,,8252,40,,,0,15,,8253,40,,,0,16,,8254,40,,,0,55,,8255,40,,,0,15,,8256,40,,,0,15,,8257,40,,,0,15,,8258,40,,,0,55,,8259,40,,,0,15,,8260,40,,,0,15,,8261,40,,,0,14,,8262,40,,,0,58,,8263,40,,,0,20,,8264,40,,,0,20,,8265,40,,,0,61,,8266,40,,,0,20,,8267,40,,,0,20,,8268,40,,,0,60,,8269,40,,,0,20,,8270,40,,,0,20,,8271,40,,,0,65,,8272,40,,,0,29,,8273,40,,,0,70,,8274,40,,,0,30,,8275,40,,,0
200,'5475',2312,,8277,40,,,0,30,,8278,40,,,0,70,,8279,40,,,0,30,,8280,40,,,0,70,,8281,40,,,0,30,,8282,40,,,0,70,,8283,40,,,0,30,,8284,40,,,0,70,,8285,40,,,0
200,'5527',623,,8287,40,,,0,84,,8288,40,,,0,34,,8289,40,,,0,70,,8290,40,,,0,30,,8291,40,,,0,70,,8292,40,,,0,30,,8293,40,,,0,70,,8294,40,,,0,30,,8295,40,,,0,68,,8296,40,,,0,30,,8297,40,,,0,71,,8298,40,,,0,30,,8299,40,,,0,70,,8300,40,,,0,30,,8301,40,,,0,70,,8302,40,,,0,30,,8303,40,,,0,70,,8304,40,,,0,30,,8305,40,,,0,70,,8306,40,,,0,30,,8307,40,,,0,70,,8308,40,,,0,30,,8309,40,,,0,70,,8310,40,,,0,31,,8311,40,,,0,69,,8312,40,,,0,31,,8313,40,,,0,70,,8314,40,,,0,35,,8315,40,,,0,83,,8316,40,,,0,81,,8317,40,,,0,36,,8318,40,,,0
200,'5565',659,,8340,40,,,0,85,,8339,40,,,0,85,,8338,40,,,0,85,,8337,40,,,0,45,,8336,40,,,0,85,,8335,40,,,0,84,,8334,40,,,0,81,,8319,40,,,0,40,,8320,40,,,0,80,,8321,40,,,0,80,,8322,40,,,0,40,,8323,40,,,0,80,,8324,40,,,0,80,,8325,40,,,0,41,,8326,40,,,0,81,,8327,40,,,0,80,,8328,40,,,0,40,,8329,40,,,0,82,,8330,40,,,0,81,,8331,40,,,0,37,,8332,40,,,0,82,,8333,40,,,0
900,'4653',545,,8885,3,0,34 2 13 14,0,108,,8886,3,0,34 2 13 14,0,93,,8887,3,0,34 2 13 14,0,107,,8888,3,0,34 2 13 14,0,100,,8889,3,0,34 2 13 14,0,100,,8890,3,0,34 2 13 14,0,100,,8891,3,0,34 2 13 14,0,100,,8892,3,0,34 2 13 14,0,100,,8893,3,0,34 2 13 14,0,96,,8894,3,0,34 2 13 14,0,102,,8895,3,0,34 2 13 14,0,101,,8896,3,0,34 2 13 14,0,102,,8897,3,0,34 2 13 14,0,99,,8898,3,0,34 2 13 14,0,100,,8899,3,0,34 2 13 14,0,100,,8900,3,0,34 2 13 14,0,100,,8901,3,0,34 2 13 14,0
900,'5475',2301,,8902,3,0,34 2 13 14,0,100,,8903,3,0,34 2 13 14,0,100,,8904,3,0,34 2 13 14,0,100,,8905,3,0,34 2 13 14,0,100,,8906,3,0,34 2 13 14,0
900,'5527',646,,8907,3,0,34 2 13 14,0,100,,8908,3,0,34 2 13 14,0,100,,8909,3,0,34 2 13 14,0,100,,8910,3,0,34 2 13 14,0,105,,8911,3,0,34 2 13 14,0,95,,8912,3,0,34 2 13 14,0,105,,8913,3,0,34 2 13 14,0,100,,8914,3,0,34 2 13 14,0,100,,8915,3,0,34 2 13 14,0,100,,8916,3,0,34 2 13 14,0,104,,8917,12,0,34 2 13 14,0,96,,8918,3,0,34 2 13 14,0,100,,8919,3,0,34 2 13 14,0,95,,8920,3,0,34 2 13 14,0,100,,8921,3,0,34 2 13 14,0,105,,8922,3,0,34 2 13 14,0
900,'5565',646,,8924,3,0,34 2 13 14,0,100,,8925,3,0,34 2 13 14,0,100,,8926,3,0,34 2 13 14,0,100,,8923,3,0,34 2 13 14,0,105,,8927,3,0,34 2 13 14,0,95,,8928,3,0,34 2 13 14,0,105,,8929,3,0,34 2 13 14,0,100,,8930,3,0,34 2 13 14,0,100,,8931,3,0,34 2 13 14,0,100,,8932,3,0,34 2 13 14,0,100,,8933,3,0,34 2 13 14,0,100,,8934,3,0,34 2 13 14,0,100,,8935,3,0,34 2 13 14,0,95,,8936,3,0,34 2 13 14,0
2600,'4653',1436,,9056,11,0,13 14 11,0
2601,'4653',721,,9057,11,0,13 14 11,0
