300,'4653',559,,8453,24,,,0,71,,8454,24,,,0,70,,8455,24,,,0,34,,8456,24,,,0,74,,8457,24,,,0,35,,8458,24,,,0,75,,8459,24,,,0,35,,8460,24,,,0,75,,8461,24,,,0,75,,8462,24,,,0,35,,8463,24,,,0,74,,8464,24,,,0,35,,8465,24,,,0,75,,8466,24,,,0,79,,8467,24,,,0,35,,8468,24,,,0,73,,8469,24,,,0,40,,8470,24,,,0,74,,8471,24,,,0,35,,8472,24,,,0,79,,8473,24,,,0,76,,8474,24,,,0,36,,8475,24,,,0,75,,8476,24,,,0,31,,8477,24,,,0,101,,8478,24,,,0,100,,8479,24,,,0,144,,8480,24,,,0
300,'5475',2402,,8481,24,,,0,100,,8482,24,,,0,100,,8483,24,,,0,100,,8484,24,,,0
300,'5527',612,,8509,24,,,0,89,,8508,24,,,0,99,,8510,24,,,0,49,,8485,24,,,0,69,,8486,24,,,0,40,,8487,24,,,0,75,,8489,24,,,0,70,,8490,24,,,0,35,,8491,24,,,0,74,,8488,24,,,0,35,,8492,24,,,0,80,,8493,24,,,0,75,,8494,24,,,0,35,,8495,24,,,0,80,,8496,24,,,0,35,,8497,24,,,0,70,,8498,24,,,0,35,,8499,24,,,0,76,,8500,24,,,0,75,,8501,24,,,0,47,,8502,24,,,0,75,,8503,24,,,0,75,,8504,24,,,0,50,,8505,24,,,0,101,,8506,24,,,0,100,,8507,24,,,0
300,'5565',641,,8511,24,,,0,95,,8512,24,,,0,88,,8525,24,,,0,94,,8514,24,,,0,95,,8515,24,,,0,95,,8516,24,,,0,95,,8513,24,,,0,99,,8517,24,,,0,100,,8518,24,,,0,100,,8519,24,,,0,100,,8520,24,,,0,105,,8521,24,,,0,96,,8522,24,,,0,56,,8523,24,,,0,142,,8524,24,,,0
3100,'4653',728,,9058,9,,,0,73,,9059,9,,,0,31,,9060,9,,,0,104,,9061,9,,,0,106,,9062,9,,,0,110,,9063,9,,,0,149,,9064,9,,,0,114,,9065,9,,,0,97,,9066,9,,,0,36,,9067,9,,,0,77,,9068,9,,,0,75,,9069,9,,,0,36,,9070,9,,,0,75,,9071,9,,,0
3100,'5527',907,,9075,9,,,0,105,,9079,9,,,0,110,,9073,9,,,0,109,,9072,9,,,0,109,,9074,9,,,0,115,,9076,9,,,0,156,,9078,9,,,0,110,,9077,9,,,0
3100,'5565',1012,,9086,9,,,0,110,,9080,9,,,0,109,,9081,9,,,0,110,,9082,9,,,0,115,,9083,9,,,0,156,,9085,9,,,0,110,,9084,9,,,0
1003100,'4653',641,,10237,9,,,0,68,,10238,9,,,0,31,,10239,9,,,0,71,,10240,9,,,0,90,,10241,9,,,0,104,,10242,9,,,0,109,,10243,9,,,0,109,,10244,9,,,0,115,,10245,9,,,0,110,,10246,9,,,0,80,,10247,9,,,0,75,,10248,9,,,0,37,,10249,9,,,0,75,,10250,9,,,0,34,,10251,9,,,0,80,,10252,9,,,0,86,,10253,9,,,0,122,,10254,9,,,0,103,,10255,9,,,0,110,,10256,9,,,0
1003100,'5475',2357,,10257,9,,,0,100,,10258,9,,,0,100,,10259,9,,,0,100,,10260,9,,,0
1003100,'5527',734,,10274,9,,,0,101,,10263,9,,,0,99,,10262,9,,,0,110,,10261,9,,,0,110,,10269,9,,,0,150,,10273,9,,,0,114,,10266,9,,,0,114,,10270,9,,,0,111,,10267,9,,,0,111,,10268,9,,,0,75,,10264,9,,,0,115,,10265,9,,,0,102,,10272,9,,,0,98,,10271,9,,,0
1003100,'5565',732,,10286,9,,,0,102,,10278,9,,,0,102,,10276,9,,,0,108,,10280,9,,,0,110,,10277,9,,,0,150,,10275,9,,,0,115,,10281,9,,,0,114,,10282,9,,,0,111,,10279,9,,,0,180,,10283,9,,,0,120,,10284,9,,,0,103,,10285,9,,,0
24003100,'4653',535,,10334,9,,,0,68,,10335,9,,,0,29,,10336,9,,,0,27,,10337,9,,,0
