201,'4653',505,,8342,8,,,0,46,,8343,8,,,0,65,,8344,8,,,0,34,,8345,8,,,0,58,,8346,8,,,0,16,,8347,8,,,0,14,,8348,8,,,0,15,,8349,8,,,0,57,,8350,8,,,0,21,,8351,8,,,0,25,,8352,8,,,0,70,,8353,8,,,0,28,,8354,8,,,0,67,,8355,8,,,0,25,,8356,8,,,0,64,,8357,8,,,0,25,,8358,8,,,0,65,,8359,8,,,0,26,,8360,8,,,0,25,,8361,8,,,0,65,,8362,8,,,0,25,,8363,8,,,0,65,,8364,8,,,0,21,,8365,8,,,0,14,,8341,8,0,9 10,0,5,,8366,8,,,0,55,,8367,8,,,0,15,,8368,8,,,0,15,,8369,8,,,0,15,,8370,8,,,0,55,,8371,8,,,0,15,,8372,8,,,0,15,,8373,8,,,0,15,,8374,8,,,0,56,,8375,8,,,0,15,,8376,8,,,0,15,,8377,8,,,0,15,,8378,8,,,0,60,,8379,8,,,0,20,,8380,8,,,0,20,,8381,8,,,0,60,,8382,8,,,0,20,,8383,8,,,0,20,,8384,8,,,0,61,,8385,8,,,0,25,,8386,8,,,0,70,,8387,8,,,0,28,,8388,8,,,0,70,,8389,8,,,0,29,,8390,8,,,0
201,'5475',2300,,8391,8,,,0,30,,8392,8,,,0,70,,8393,8,,,0,30,,8394,8,,,0,70,,8395,8,,,0,30,,8396,8,,,0,70,,8397,8,,,0,30,,8398,8,,,0,70,,8399,8,,,0
201,'5527',637,,8400,8,,,0,85,,8401,8,,,0,78,,8402,8,,,0,30,,8403,8,,,0,70,,8404,8,,,0,30,,8405,8,,,0,70,,8406,8,,,0,30,,8407,8,,,0,70,,8408,8,,,0,32,,8409,8,,,0,69,,8410,8,,,0,31,,8411,8,,,0,70,,8412,8,,,0,30,,8413,8,,,0,71,,8414,8,,,0,30,,8415,8,,,0,69,,8416,8,,,0,30,,8417,8,,,0,71,,8418,8,,,0,30,,8419,8,,,0,69,,8420,8,,,0,30,,8421,8,,,0,70,,8422,8,,,0,30,,8423,8,,,0,69,,8424,8,,,0,29,,8425,8,,,0,29,,8426,8,,,0,71,,8427,8,,,0,75,,8428,8,,,0,40,,8429,8,,,0,80,,8430,8,,,0
201,'5565',637,,8431,8,,,0,85,,8432,8,,,0,85,,8433,8,,,0,45,,8434,8,,,0,84,,8435,8,,,0,85,,8436,8,,,0,84,,8437,8,,,0,45,,8438,8,,,0,81,,8439,8,,,0,80,,8440,8,,,0,40,,8441,8,,,0,80,,8442,8,,,0,80,,8443,8,,,0,40,,8444,8,,,0,80,,8445,8,,,0,81,,8446,8,,,0,40,,8447,8,,,0,80,,8448,8,,,0,80,,8449,8,,,0,41,,8450,8,,,0,78,,8451,8,,,0,92,,8452,8,,,0
900,'4653',610,,8885,48,0,17 10,0,108,,8886,48,0,17 10,0,100,,8887,48,0,17 10,0,102,,8888,48,0,17 10,0,99,,8889,48,0,17 10,0,101,,8890,48,0,17 10,0,101,,8891,48,0,17 10,0,100,,8892,48,0,17 10,0,101,,8893,48,0,17 10,0,100,,8894,48,0,17 10,0,100,,8895,48,0,17 10,0,101,,8896,48,0,17 10,0,99,,8897,48,0,17 10,0,98,,8898,48,0,17 10,0,99,,8899,48,0,17 10,0,99,,8900,48,0,17 10,0,98,,8901,48,0,17 10,0
900,'5475',2324,,8902,48,0,17 10,0,100,,8903,48,0,17 10,0,100,,8904,48,0,17 10,0,100,,8905,48,0,17 10,0,100,,8906,48,0,17 10,0
900,'5527',709,,8907,48,,,0,101,,8908,48,,,0,100,,8909,48,,,0,102,,8910,48,,,0,106,,8911,48,,,0,95,,8912,48,,,0,107,,8913,48,,,0,99,,8914,48,0,17 10,0,100,,8915,48,0,17 10,0,100,,8916,48,,,0,104,,8917,57,,,0,96,,8918,48,0,17 10,0,99,,8919,48,,,0,94,,8920,48,,,0,99,,8921,48,,,0,104,,8922,48,0,17 10,0
900,'5565',710,,8924,48,0,17 10,0,100,,8925,48,0,17 10,0,101,,8926,48,0,17 10,0,100,,8923,48,0,17 10,0,107,,8927,48,0,17 10,0,95,,8928,48,0,17 10,0,105,,8929,48,0,17 10,0,99,,8930,48,0,17 10,0,100,,8931,48,0,17 10,0,100,,8932,48,0,17 10,0,100,,8933,48,0,17 10,0,100,,8934,48,0,17 10,0,100,,8935,48,0,17 10,0,94,,8936,48,0,17 10,0
2600,'4653',1521,,9056,50,0,9 10 11,0
2601,'4653',803,,9057,61,0,9 10 11,0
