101,'4528',553,,6319,26,,,0,67,,6320,26,,,0,31,,6321,26,,,0,70,,6322,26,,,0,22,,6318,26,,,0,15,,6323,26,,,0,56,,6324,26,,,0,21,,6325,26,,,0,21,,6326,26,,,0,63,,6327,26,,,0,21,,6328,26,,,0,61,,6329,26,,,0,22,,6330,26,,,0,22,,6331,26,,,0,61,,6332,26,,,0,22,,6333,26,,,0,23,,6334,26,,,0,62,,6335,26,,,0,21,,6336,26,,,0,23,,6337,26,,,0,66,,6338,26,,,0,26,,6339,26,,,0,60,,6340,26,,,0,24,,6341,26,,,0,18,,6342,26,,,0,55,,6343,26,,,0,16,,6344,26,,,0,15,,6345,26,,,0,15,,6346,26,,,0,55,,6347,26,,,0,15,,6348,26,,,0,15,,6349,26,,,0,15,,6350,26,,,0,54,,6351,26,,,0,15,,6352,26,,,0,14,,6353,26,,,0,12,,6354,26,,,0,53,,6355,26,,,0,20,,6356,26,,,0,20,,6357,26,,,0,60,,6358,26,,,0,20,,6366,26,,,0,29,,6359,26,,,0,65,,6360,26,,,0,25,,6361,26,,,0,64,,6367,26,,,0,23,,6362,26,,,0,30,,6363,26,,,0,75,,6364,26,,,0,72,,6365,26,,,0
101,'4532',628,,3973,26,,,0,281,,3977,26,,,0,315,,3983,26,,,0,329,,3990,26,,,0
101,'5560',628,,4004,26,,,0,80,,4005,26,,,0,45,,4006,26,,,0,80,,4007,26,,,0,80,,4008,26,,,0,38,,4009,26,,,0,94,,4010,26,,,0,88,,4011,26,,,0,86,,4012,26,,,0,40,,4013,26,,,0,80,,4014,26,,,0,79,,4015,26,,,0,40,,4016,26,,,0,80,,4017,26,,,0,80,,4018,26,,,0,40,,4019,26,,,0,81,,4020,26,,,0,80,,4021,26,,,0,81,,4022,26,,,0,40,,4023,26,,,0,81,,4024,26,,,0,82,,4025,26,,,0
101,'5562',703,,6368,26,,,0,30,,6369,26,,,0,72,,6370,26,,,0,29,,6371,26,,,0,118,,6372,26,,,0,74,,6373,26,,,0,32,,6374,26,,,0,69,,6375,26,,,0,30,,6376,26,,,0,96,,6377,26,,,0,70,,6378,26,,,0,30,,6379,26,,,0,70,,6380,26,,,0,30,,6381,26,,,0,70,,6382,26,,,0,100,,6383,26,,,0,30,,6384,26,,,0,69,,6385,26,,,0,27,,6386,26,,,0,69,,6387,26,,,0,38,,6388,26,,,0,79,,6389,26,,,0,77,,6390,26,,,0,35,,6391,26,,,0,75,,6392,26,,,0,35,,6393,26,,,0,72,,6395,26,,,0,75,,6394,26,,,0
101,'5563',628,,6396,26,,,0,80,,6397,26,,,0,45,,6398,26,,,0,80,,6399,26,,,0,80,,6400,26,,,0,38,,6401,26,,,0,94,,6402,26,,,0,88,,6403,26,,,0,86,,6404,26,,,0,40,,6405,26,,,0,80,,6406,26,,,0,79,,6407,26,,,0,40,,6408,26,,,0,80,,6409,26,,,0,80,,6410,26,,,0,40,,6411,26,,,0,81,,6412,26,,,0,80,,6413,26,,,0,81,,6414,26,,,0,40,,6415,26,,,0,81,,6416,26,,,0,82,,6417,26,,,0
201,'4528',518,,6517,27,,,0,35,,6518,27,,,0,78,,6519,27,,,0,75,,6520,27,,,0,18,,4134,27,,,0,16,,6521,27,,,0,17,,6522,27,,,0,55,,6523,27,,,0,16,,6524,27,,,0,18,,6525,27,,,0,56,,6526,27,,,0,19,,6527,27,,,0,19,,6528,27,,,0,60,,6529,27,,,0,22,,6530,27,,,0,22,,6531,27,,,0,65,,6532,27,,,0,24,,6533,27,,,0,22,,6534,27,,,0,62,,6535,27,,,0,23,,6536,27,,,0,63,,6537,27,,,0,22,,6538,27,,,0,22,,6539,27,,,0,62,,6540,27,,,0,25,,6541,27,,,0,16,,6542,27,,,0,55,,6543,27,,,0,14,,6544,27,,,0,15,,6545,27,,,0,15,,6546,27,,,0,55,,6547,27,,,0,14,,6549,27,,,0,14,,6548,27,,,0,14,,6550,27,,,0,55,,6551,27,,,0,15,,6552,27,,,0,17,,6553,27,,,0,22,,6554,27,,,0,60,,6555,27,,,0,24,,6556,27,,,0,63,,6564,27,,,0,24,,6557,27,,,0,25,,6558,27,,,0,65,,6559,27,,,0,25,,6565,27,,,0,65,,6560,27,,,0,28,,6561,27,,,0,72,,6562,27,,,0,33,,6563,27,,,0
201,'4532',739,,4184,27,,,0,293,,4188,27,,,0,327,,4192,27,,,0,366,,4202,27,,,0
201,'5560',621,,4212,27,,,0,80,,4213,27,,,0,39,,4214,27,,,0,80,,4215,27,,,0,87,,4216,27,,,0,46,,4217,27,,,0,79,,4218,27,,,0,83,,4219,27,,,0,37,,4232,27,,,0,80,,4220,27,,,0,79,,4221,27,,,0,39,,4222,27,,,0,80,,4223,27,,,0,80,,4224,27,,,0,40,,4225,27,,,0,80,,4226,27,,,0,80,,4227,27,,,0,41,,4229,27,,,0,79,,4228,27,,,0,79,,4230,27,,,0,39,,4231,27,,,0,85,,4234,27,,,0,98,,4233,27,,,0
201,'5562',604,,6567,27,,,0,31,,6568,27,,,0,69,,6569,27,,,0,110,,6570,27,,,0,35,,6566,27,,,0,71,,6571,27,,,0,34,,6572,27,,,0,148,,6573,27,,,0,30,,6574,27,,,0,70,,6575,27,,,0,30,,6576,27,,,0,68,,6577,27,,,0,29,,6578,27,,,0,100,,6579,27,,,0,30,,6580,27,,,0,70,,6581,27,,,0,30,,6582,27,,,0,70,,6583,27,,,0,26,,6584,27,,,0,100,,6586,27,,,0,75,,6587,27,,,0,76,,6588,27,,,0,36,,6585,27,,,0,75,,6589,27,,,0,37,,6591,27,,,0,75,,6590,27,,,0,75,,6592,27,,,0,36,,6593,27,,,0
201,'5563',621,,6594,27,,,0,80,,6595,27,,,0,39,,6596,27,,,0,80,,6597,27,,,0,87,,6598,27,,,0,46,,6599,27,,,0,79,,6600,27,,,0,83,,6601,27,,,0,37,,6614,27,,,0,80,,6602,27,,,0,79,,6603,27,,,0,39,,6604,27,,,0,80,,6605,27,,,0,80,,6606,27,,,0,40,,6607,27,,,0,80,,6608,27,,,0,80,,6609,27,,,0,41,,6611,27,,,0,79,,6610,27,,,0,79,,6612,27,,,0,39,,6613,27,,,0,85,,6616,27,,,0,98,,6615,27,,,0
