301,'4653',553,,8526,19,,,0,83,,8527,19,,,0,76,,8528,19,,,0,32,,8529,19,,,0,75,,8530,19,,,0,35,,8531,19,,,0,75,,8532,19,,,0,75,,8533,19,,,0,35,,8534,19,,,0,75,,8535,19,,,0,37,,8536,19,,,0,75,,8537,19,,,0,75,,8538,19,,,0,36,,8539,19,,,0,75,,8540,19,,,0,40,,8541,19,,,0,75,,8542,19,,,0,75,,8543,19,,,0,40,,8544,19,,,0,74,,8545,19,,,0,34,,8546,19,,,0,74,,8547,19,,,0,34,,8548,19,,,0,74,,8549,19,,,0,75,,8550,19,,,0,30,,8551,19,,,0,100,,8552,19,,,0,99,,8553,19,,,0
301,'5394',557,,8585,19,,,0,93,,8584,19,,,0,91,,8583,19,,,0,100,,8586,19,,,0,92,,8560,19,,,0,70,,8561,19,,,0,41,,8562,19,,,0,76,,8563,19,,,0,30,,8564,19,,,0,75,,8565,19,,,0,75,,8566,19,,,0,36,,8567,19,,,0,80,,8568,19,,,0,35,,8569,19,,,0,75,,8570,19,,,0,79,,8571,19,,,0,35,,8572,19,,,0,70,,8573,19,,,0,35,,8574,19,,,0,75,,8575,19,,,0,34,,8576,19,,,0,84,,8577,19,,,0,75,,8578,19,,,0,35,,8579,19,,,0,88,,8580,19,,,0,100,,8581,19,,,0
301,'5475',2339,,8559,2,,,0,100,,8555,19,,,0,100,,8556,19,,,0,100,,8557,19,,,0
301,'5565',619,,8590,19,,,0,101,,8591,19,,,0,95,,8593,19,,,0,90,,8602,19,,,0,98,,8588,19,,,0,55,,8594,19,,,0,97,,8595,19,,,0,95,,8592,19,,,0,100,,8596,19,,,0,100,,8597,19,,,0,101,,8598,19,,,0,99,,8599,19,,,0,105,,8600,19,,,0,95,,8601,19,,,0,93,,8587,19,,,0
401,'4653',600,,8603,2,0,27,0,108,,8604,2,0,27,0,18,,8605,2,0,27,0,85,,8606,2,0,27,0,99,,8607,2,0,27,0,100,,8608,2,0,27,0,100,,8609,2,0,27,0,100,,8610,2,0,27,0,99,,8611,2,0,27,0,101,,8612,2,0,27,0,21,,8613,2,0,27,0,80,,8614,2,0,27,0,102,,8615,2,0,27,0,98,,8616,2,0,27,0,100,,8617,2,0,27,0,98,,8618,2,0,27,0,100,,8619,2,0,27,0,99,,8620,2,0,27,0,122,,8621,2,0,27,0
401,'5394',600,,8636,2,0,27,0,108,,8639,2,0,27,0,100,,8640,2,0,27,0,100,,8626,2,0,27,0,100,,8641,2,0,27,0,101,,8637,2,0,27,0,100,,8635,2,0,27,0,100,,8634,2,0,27,0,100,,8633,2,0,27,0,100,,8630,2,0,27,0,100,,8642,2,0,27,0,100,,8632,2,0,27,0,100,,8631,2,0,27,0,100,,8629,2,0,27,0,99,,8628,2,0,27,0,100,,8627,2,0,27,0,121,,8638,2,0,27,0
401,'5475',2315,,8622,2,0,27,0,100,,8623,2,0,27,0,100,,8624,2,0,27,0,100,,8625,2,0,27,0
401,'5565',600,,8656,2,0,27,0,108,,8643,2,0,27,0,100,,8644,2,0,27,0,100,,8645,2,0,27,0,100,,8646,2,0,27,0,100,,8647,2,0,27,0,102,,8648,2,0,27,0,100,,8649,2,0,27,0,100,,8650,2,0,27,0,99,,8651,2,0,27,0,100,,8652,2,0,27,0,100,,8653,2,0,27,0,100,,8654,2,0,27,0,100,,8655,2,0,27,0
1501,'4653',615,,8963,2,0,18,0,40,,8964,2,0,18,0,160,,8962,2,0,18,0,686,,8960,2,0,18,0,205,,8961,2,0,18,0,49,,8959,2,0,18,0
1501,'5394',920,,8965,2,0,18,0,130,,8966,2,0,18,0,470,,8967,2,0,18,0,130,,8968,2,0,18,0
