5100,'4528',527,,7392,23,0,37,0,80,,7393,23,0,37,0,25,,7394,23,0,37,0,27,,7395,23,0,37,0,54,,5108,23,0,37,0,12,,7396,23,0,37,0,21,,7397,23,0,37,0,56,,7398,23,0,37,0,18,,5112,23,0,37,0,15,,7399,23,0,37,0,15,,7400,23,0,37,0,55,,7401,23,0,37,0,15,,7391,23,0,37,0,22,,7402,23,0,37,0,61,,7403,23,0,37,0,26,,7404,23,0,37,0,26,,7405,23,0,37,0,66,,7406,23,0,37,0,27,,7407,23,0,37,0,65,,7408,23,0,37,0,25,,7409,23,0,37,0,17,,7410,23,0,37,0,60,,7411,23,0,37,0,20,,7412,23,0,37,0,20,,7413,23,0,37,0,58,,7414,23,0,37,0,20,,7415,23,0,37,0,20,,7416,23,0,37,0,58,,7417,23,0,37,0,23,,7418,23,0,37,0,18,,7419,23,0,37,0,56,,7420,23,0,37,0,15,,7421,23,0,37,0,16,,7422,23,0,37,0,16,,7423,23,0,37,0,54,,7424,23,0,37,0,16,,7425,23,0,37,0,14,,7426,23,0,37,0,15,,7427,23,0,37,0,54,,7428,23,0,37,0,14,,7429,23,0,37,0,20,,7430,23,0,37,0,59,,7431,23,0,37,0,20,,7432,23,0,37,0,25,,7433,23,0,37,0,65,,7434,23,0,37,0,27,,7441,23,0,37,0,70,,7435,23,0,37,0,30,,7436,23,0,37,0,65,,7437,23,0,37,0,30,,7438,23,0,37,0,70,,7440,23,0,37,0,28,,7439,23,0,37,0
5100,'5221',753,,5220,23,0,37,0,101,,5205,23,0,37,0,70,,5219,23,0,37,0,31,,5196,23,0,37,0,75,,5209,23,0,37,0,72,,5197,23,0,37,0,37,,5210,23,0,37,0,77,,5198,23,0,37,0,36,,5211,23,0,37,0,75,,5199,23,0,37,0,80,,5212,23,0,37,0,34,,5200,23,0,37,0,80,,5202,23,0,37,0,35,,5203,23,0,37,0,75,,5213,23,0,37,0,75,,5204,23,0,37,0,35,,5214,23,0,37,0,74,,5201,23,0,37,0,33,,5215,23,0,37,0,73,,5208,23,0,37,0,29,,5216,23,0,37,0,75,,5207,23,0,37,0,30,,5218,23,0,37,0,73,,5206,23,0,37,0,99,,5217,23,0,37,0
5100,'5562',753,,7477,23,0,37,0,104,,7473,23,0,37,0,70,,7474,23,0,37,0,73,,7442,23,0,37,0,30,,7443,23,0,37,0,70,,7445,23,0,37,0,21,,7446,23,0,37,0,25,,7444,23,0,37,0,66,,7475,23,0,37,0,21,,7447,23,0,37,0,18,,7448,23,0,37,0,58,,7449,23,0,37,0,19,,7450,23,0,37,0,18,,7451,23,0,37,0,59,,7452,23,0,37,0,17,,7453,23,0,37,0,18,,7454,23,0,37,0,18,,7455,23,0,37,0,58,,7456,23,0,37,0,18,,7457,23,0,37,0,18,,7458,23,0,37,0,57,,7459,23,0,37,0,18,,7476,23,0,37,0,19,,7460,23,0,37,0,65,,7461,23,0,37,0,25,,7462,23,0,37,0,18,,7463,23,0,37,0,65,,7464,23,0,37,0,24,,7465,23,0,37,0,58,,7466,23,0,37,0,25,,7471,23,0,37,0,25,,7481,23,0,37,0,59,,7470,23,0,37,0,20,,7472,23,0,37,0,70,,7480,23,0,37,0,30,,7469,23,0,37,0,80,,7479,23,0,37,0,24,,7468,23,0,37,0,70,,7478,23,0,37,0,29,,7467,23,0,37,0
5200,'4528',617,,7583,18,4,,0,1398,,7574,18,4,,0,102,,7571,18,4,,0
5200,'5560',807,,5377,18,4,,0,99,,5375,18,4,,0,705,,5370,18,4,,0
5200,'5562',809,,7601,18,4,,0,100,,7600,18,4,,0,1101,,7588,18,4,,0,99,,7594,18,4,,0
5200,'5563',807,,7612,18,4,,0,99,,7610,18,4,,0,705,,7605,18,4,,0
5301,'4528',545,,7661,1,0,39 40,0,80,,7662,1,0,39 40,0,75,,7663,1,0,39 40,0,17,,7663,23,4,,0,13,,7664,1,0,39 40,0,18,,7664,23,4,,0,57,,7665,1,0,39 40,0,25,,7666,1,0,39 40,0,100,,7667,1,0,39 40,0,100,,7668,1,0,39 40,0,100,,7669,1,0,39 40,0,100,,7670,1,0,39 40,0,100,,7671,1,0,39 40,0,105,,7672,1,0,39 40,0,75,,7673,1,0,39 40,0,25,,7674,1,0,39 40,0,65,,7675,1,0,39 40,0,30,,7676,1,0,39 40,0,100,,7677,1,0,39 40,0,95,,7678,1,0,39 40,0,95,,7679,1,0,39 40,0,112,,7680,1,0,39 40,0,98,,7681,1,0,39 40,0
5301,'4532',1020,,5456,1,0,39 40,0,195,,5457,1,0,39 40,0
5301,'5560',811,,5473,1,0,39 40,0,104,,5471,1,0,39 40,0,100,,5470,1,0,39 40,0,100,,5462,1,0,39 40,0,100,,5463,1,0,39 40,0,100,,5464,1,0,39 40,0,100,,5465,1,0,39 40,0,100,,5466,1,0,39 40,0,100,,5468,1,0,39 40,0,100,,5469,1,0,39 40,0,100,,5467,1,0,39 40,0,100,,5472,1,0,39 40,0,100,,5474,1,0,39 40,0
5301,'5562',811,,7694,1,0,39 40,0,104,,7682,1,0,39 40,0,200,,7684,1,0,39 40,0,200,,7686,1,0,39 40,0,100,,7688,1,0,39 40,0,100,,7689,1,0,39 40,0,100,,7690,1,0,39 40,0,100,,7685,1,0,39 40,0,95,,7691,1,0,39 40,0,100,,7683,1,0,39 40,0,110,,7692,1,0,39 40,0,100,,7687,1,0,39 40,0,110,,7693,1,0,39 40,0
5301,'5563',811,,7706,1,0,39 40,0,104,,7704,1,0,39 40,0,100,,7703,1,0,39 40,0,100,,7695,1,0,39 40,0,100,,7696,1,0,39 40,0,100,,7697,1,0,39 40,0,100,,7698,1,0,39 40,0,100,,7699,1,0,39 40,0,100,,7701,1,0,39 40,0,100,,7702,1,0,39 40,0,100,,7700,1,0,39 40,0,100,,7705,1,0,39 40,0,100,,7707,1,0,39 40,0
