300,'4528',557,,6618,22,,,0,72,,6619,22,,,0,30,,6620,22,,,0,74,,6621,22,,,0,73,,6622,22,,,0,35,,6623,22,,,0,75,,6624,22,,,0,35,,6625,22,,,0,74,,6626,22,,,0,75,,6617,22,,,0,35,,6627,22,,,0,74,,6628,22,,,0,35,,6629,22,,,0,75,,6630,22,,,0,40,,6631,22,,,0,75,,6632,22,,,0,75,,6633,22,,,0,40,,6634,22,,,0,76,,6635,22,,,0,34,,6636,22,,,0,76,,4255,22,,,0,76,,6637,22,,,0,36,,6639,22,,,0,75,,6638,22,,,0,30,,6640,22,,,0,100,,6641,22,,,0,103,,6642,22,,,0,101,,6643,22,,,0
300,'4532',610,,6668,22,,,0,90,,6667,22,,,0,59,,6669,22,,,0,89,,6644,22,,,0,68,,6645,22,,,0,40,,6646,22,,,0,75,,6648,22,,,0,70,,6649,22,,,0,35,,6650,22,,,0,75,,6647,22,,,0,34,,6651,22,,,0,80,,6652,22,,,0,75,,6653,22,,,0,35,,6654,22,,,0,81,,6655,22,,,0,35,,6656,22,,,0,70,,6657,22,,,0,35,,6658,22,,,0,76,,6659,22,,,0,75,,6660,22,,,0,46,,6661,22,,,0,75,,6662,22,,,0,76,,6663,22,,,0,50,,6664,22,,,0,101,,6665,22,,,0,100,,6666,22,,,0
300,'5221',640,,6670,22,,,0,95,,6671,22,,,0,89,,6684,22,,,0,94,,6673,22,,,0,90,,6674,22,,,0,98,,6675,22,,,0,95,,6672,22,,,0,99,,6676,22,,,0,101,,6677,22,,,0,100,,6678,22,,,0,100,,6679,22,,,0,104,,6680,22,,,0,98,,6681,22,,,0,56,,6682,22,,,0,100,,6683,22,,,0
3100,'4528',729,,7120,7,,,0,30,,7121,7,,,0,73,,7122,7,,,0,102,,7123,7,,,0,107,,7124,7,,,0,110,,7125,7,,,0,149,,7126,7,,,0,114,,7127,7,,,0,98,,7128,7,,,0,39,,4807,7,,,0,73,,7129,7,,,0,76,,7130,7,,,0,36,,4810,7,,,0,75,,7131,7,,,0
3100,'4532',905,,7135,7,,,0,105,,7139,7,,,0,110,,7133,7,,,0,109,,7132,7,,,0,110,,7134,7,,,0,115,,7136,7,,,0,155,,7138,7,,,0,110,,7137,7,,,0
3100,'5221',1011,,7146,7,,,0,109,,7140,7,,,0,109,,7141,7,,,0,110,,7142,7,,,0,115,,7143,7,,,0,156,,7145,7,,,0,110,,7144,7,,,0
1003100,'4528',641,,7915,7,,,0,69,,7916,7,,,0,30,,7917,7,,,0,71,,7918,7,,,0,89,,7919,7,,,0,104,,7920,7,,,0,110,,7921,7,,,0,109,,7922,7,,,0,115,,7923,7,,,0,112,,7924,7,,,0,80,,7925,7,,,0,73,,7912,7,,,0,36,,7913,7,,,0,77,,7911,7,,,0,33,,7914,7,,,0,79,,7926,7,,,0,86,,7927,7,,,0,121,,7928,7,,,0,104,,7929,7,,,0,109,,7930,7,,,0
1003100,'4532',733,,7944,7,,,0,100,,7933,7,,,0,100,,7932,7,,,0,109,,7931,7,,,0,110,,7939,7,,,0,150,,7943,7,,,0,115,,7936,7,,,0,114,,7940,7,,,0,111,,7937,7,,,0,110,,7938,7,,,0,75,,7934,7,,,0,115,,7935,7,,,0,102,,7942,7,,,0,100,,7941,7,,,0
1003100,'5221',731,,7956,7,,,0,102,,7948,7,,,0,102,,7946,7,,,0,107,,7950,7,,,0,110,,7947,7,,,0,150,,7945,7,,,0,114,,7951,7,,,0,115,,7952,7,,,0,111,,7949,7,,,0,181,,7953,7,,,0,120,,7954,7,,,0,104,,7955,7,,,0
24003100,'4528',533,,8000,7,,,0,69,,7997,7,,,0,30,,7998,7,,,0,69,,7999,7,,,0
