300,'4653',553,,8453,15,,,0,70,,8454,15,,,0,30,,8455,15,,,0,73,,8456,15,,,0,33,,8457,15,,,0,75,,8458,15,,,0,75,,8459,15,,,0,35,,8460,15,,,0,75,,8461,15,,,0,35,,8462,15,,,0,74,,8463,15,,,0,74,,8464,15,,,0,35,,8465,15,,,0,75,,8466,15,,,0,39,,8467,15,,,0,74,,8468,15,,,0,33,,8469,15,,,0,81,,8470,15,,,0,74,,8471,15,,,0,35,,8472,15,,,0,80,,8473,15,,,0,76,,8474,15,,,0,36,,8475,15,,,0,76,,8476,15,,,0,31,,8477,15,,,0,102,,8478,15,,,0,100,,8479,15,,,0,105,,8480,15,,,0
300,'5394',606,,8509,15,,,0,49,,8508,15,,,0,99,,8510,15,,,0,88,,8485,15,,,0,68,,8486,15,,,0,40,,8487,15,,,0,75,,8489,15,,,0,30,,8490,15,,,0,74,,8491,15,,,0,74,,8488,15,,,0,34,,8492,15,,,0,80,,8493,15,,,0,35,,8494,15,,,0,75,,8495,15,,,0,81,,8496,15,,,0,35,,8497,15,,,0,70,,8498,15,,,0,35,,8499,15,,,0,76,,8500,15,,,0,76,,8501,15,,,0,47,,8502,15,,,0,75,,8503,15,,,0,36,,8504,15,,,0,90,,8505,15,,,0,101,,8506,15,,,0,101,,8507,15,,,0
300,'5475',2356,,8481,15,,,0,100,,8482,15,,,0,100,,8483,15,,,0,100,,8484,15,,,0
300,'5565',635,,8511,15,,,0,95,,8512,15,,,0,88,,8525,15,,,0,93,,8514,15,,,0,94,,8515,15,,,0,95,,8516,15,,,0,55,,8513,15,,,0,99,,8517,15,,,0,100,,8518,15,,,0,100,,8519,15,,,0,100,,8520,15,,,0,105,,8521,15,,,0,96,,8522,15,,,0,97,,8523,15,,,0,102,,8524,15,,,0
301,'4653',558,,8526,27,,,0,83,,8527,27,,,0,76,,8528,27,,,0,32,,8529,27,,,0,75,,8530,27,,,0,35,,8531,27,,,0,75,,8532,27,,,0,75,,8533,27,,,0,35,,8534,27,,,0,76,,8535,27,,,0,37,,8536,27,,,0,75,,8537,27,,,0,75,,8538,27,,,0,36,,8539,27,,,0,75,,8540,27,,,0,41,,8541,27,,,0,75,,8542,27,,,0,75,,8543,27,,,0,40,,8544,27,,,0,73,,8545,27,,,0,33,,8546,27,,,0,74,,8547,27,,,0,74,,8548,27,,,0,34,,8549,27,,,0,75,,8550,27,,,0,30,,8551,27,,,0,100,,8552,27,,,0,98,,8553,27,,,0
301,'5394',602,,8585,27,,,0,53,,8584,27,,,0,91,,8583,27,,,0,100,,8586,27,,,0,92,,8560,27,,,0,70,,8561,27,,,0,41,,8562,27,,,0,77,,8563,27,,,0,30,,8564,27,,,0,75,,8565,27,,,0,75,,8566,27,,,0,36,,8567,27,,,0,80,,8568,27,,,0,35,,8569,27,,,0,75,,8570,27,,,0,79,,8571,27,,,0,34,,8572,27,,,0,70,,8573,27,,,0,35,,8574,27,,,0,75,,8575,27,,,0,34,,8576,27,,,0,84,,8577,27,,,0,75,,8578,27,,,0,35,,8579,27,,,0,88,,8580,27,,,0,100,,8581,27,,,0
301,'5475',2343,,8559,10,,,0,100,,8555,27,,,0,100,,8556,27,,,0,100,,8557,27,,,0
301,'5565',624,,8590,27,,,0,101,,8591,27,,,0,95,,8593,27,,,0,90,,8602,27,,,0,98,,8588,27,,,0,95,,8594,27,,,0,97,,8595,27,,,0,56,,8592,27,,,0,100,,8596,27,,,0,100,,8597,27,,,0,101,,8598,27,,,0,98,,8599,27,,,0,145,,8600,27,,,0,55,,8601,27,,,0,93,,8587,27,,,0
2400,'4653',1514,,9054,24,0,15 16 11,0
3101,'4653',645,,9087,18,,,0,84,,9088,18,,,0,71,,9089,18,,,0,32,,9090,18,,,0,74,,9091,18,,,0,47,,9092,18,,,0,105,,9093,18,,,0,150,,9094,18,,,0,110,,9095,18,,,0,115,,9096,18,,,0,117,,9097,18,,,0,80,,9098,18,,,0,74,,9099,18,,,0,37,,9100,18,,,0,72,,9101,18,,,0,30,,9102,18,,,0,58,,9103,18,,,0
3101,'5394',818,,9107,18,,,0,104,,9106,18,,,0,103,,9104,18,,,0,112,,9111,18,,,0,111,,9112,18,,,0,110,,9105,18,,,0,155,,9110,18,,,0,114,,9108,18,,,0,109,,9109,18,,,0,109,,9113,18,,,0
3101,'5565',817,,9120,18,,,0,210,,9117,18,,,0,219,,9114,18,,,0,110,,9118,18,,,0,155,,9116,18,,,0,115,,9119,18,,,0,110,,9115,18,,,0
1003101,'4653',716,,10287,21,,,0,28,,10288,21,,,0,75,,10289,21,,,0,34,,10290,21,,,0,71,,10291,21,,,0,103,,10292,21,,,0,108,,10293,21,,,0,110,,10294,21,,,0,110,,10295,21,,,0,158,,10296,21,,,0,100,,10297,21,,,0,37,,10298,21,,,0,76,,10299,21,,,0,74,,10300,21,,,0,30,,10301,21,,,0,89,,10302,21,,,0,90,,10303,21,,,0,122,,10304,21,,,0,109,,10305,21,,,0
1003101,'5394',852,,10316,21,,,0,105,,10322,21,,,0,146,,10311,21,,,0,112,,10312,21,,,0,110,,10313,21,,,0,111,,10315,21,,,0,114,,10320,21,,,0,155,,10318,21,,,0,108,,10317,21,,,0,109,,10314,21,,,0,114,,10319,21,,,0,99,,10321,21,,,0
1003101,'5475',2315,,10306,21,,,0,100,,10307,21,,,0,100,,10308,21,,,0,100,,10309,21,,,0,100,,10310,21,,,0
1003101,'5565',924,,10330,21,,,0,214,,10329,21,,,0,75,,10323,21,,,0,110,,10325,21,,,0,110,,10326,21,,,0,115,,10327,21,,,0,154,,10328,21,,,0,110,,10324,21,,,0,110,,10331,21,,,0,114,,10332,21,,,0,99,,10333,21,,,0
