201,'4528',502,,6517,4,,,0,35,,6518,4,,,0,78,,6519,4,,,0,35,,6520,4,,,0,58,,4134,4,,,0,15,,6521,4,,,0,17,,6522,4,,,0,15,,6523,4,,,0,55,,6524,4,,,0,18,,6525,4,,,0,15,,6526,4,,,0,59,,6527,4,,,0,19,,6528,4,,,0,19,,6529,4,,,0,62,,6530,4,,,0,22,,6531,4,,,0,25,,6532,4,,,0,64,,6533,4,,,0,21,,6534,4,,,0,22,,6535,4,,,0,62,,6536,4,,,0,23,,6537,4,,,0,62,,6538,4,,,0,23,,6539,4,,,0,22,,6540,4,,,0,65,,6541,4,,,0,16,,6542,4,,,0,15,,6543,4,,,0,14,,6544,4,,,0,55,,6545,4,,,0,14,,6546,4,,,0,15,,6547,4,,,0,14,,6549,4,,,0,55,,6548,4,,,0,14,,6550,4,,,0,15,,6551,4,,,0,15,,6552,4,,,0,57,,6553,4,,,0,22,,6554,4,,,0,20,,6555,4,,,0,65,,6556,4,,,0,23,,6564,4,,,0,64,,6557,4,,,0,27,,6558,4,,,0,26,,6559,4,,,0,65,,6565,4,,,0,25,,6560,4,,,0,68,,6561,4,,,0,32,,6562,4,,,0,74,,6563,4,,,0
201,'4532',724,,4184,4,,,0,290,,4188,4,,,0,324,,4192,4,,,0,367,,4202,4,,,0
201,'5560',606,,4212,4,,,0,40,,4213,4,,,0,79,,4214,4,,,0,80,,4215,4,,,0,46,,4216,4,,,0,85,,4217,4,,,0,79,,4218,4,,,0,41,,4219,4,,,0,77,,4232,4,,,0,80,,4220,4,,,0,39,,4221,4,,,0,78,,4222,4,,,0,80,,4223,4,,,0,40,,4224,4,,,0,80,,4225,4,,,0,80,,4226,4,,,0,40,,4227,4,,,0,82,,4229,4,,,0,79,,4228,4,,,0,40,,4230,4,,,0,80,,4231,4,,,0,85,,4234,4,,,0,99,,4233,4,,,0
201,'5562',550,,6567,4,,,0,71,,6568,4,,,0,28,,6569,4,,,0,110,,6570,4,,,0,74,,6566,4,,,0,71,,6571,4,,,0,33,,6572,4,,,0,107,,6573,4,,,0,70,,6574,4,,,0,29,,6575,4,,,0,69,,6576,4,,,0,28,,6577,4,,,0,69,,6578,4,,,0,99,,6579,4,,,0,30,,6580,4,,,0,70,,6581,4,,,0,31,,6582,4,,,0,70,,6583,4,,,0,26,,6584,4,,,0,100,,6586,4,,,0,76,,6587,4,,,0,37,,6588,4,,,0,77,,6585,4,,,0,76,,6589,4,,,0,37,,6591,4,,,0,75,,6590,4,,,0,35,,6592,4,,,0,76,,6593,4,,,0
201,'5563',606,,6594,4,,,0,40,,6595,4,,,0,79,,6596,4,,,0,80,,6597,4,,,0,46,,6598,4,,,0,85,,6599,4,,,0,79,,6600,4,,,0,41,,6601,4,,,0,77,,6614,4,,,0,80,,6602,4,,,0,39,,6603,4,,,0,78,,6604,4,,,0,80,,6605,4,,,0,40,,6606,4,,,0,80,,6607,4,,,0,80,,6608,4,,,0,40,,6609,4,,,0,82,,6611,4,,,0,79,,6610,4,,,0,40,,6612,4,,,0,80,,6613,4,,,0,85,,6616,4,,,0,99,,6615,4,,,0
900,'4528',606,,6995,44,0,17 10,0,110,,6989,44,0,17 10,0,95,,4648,44,0,17 10,0,106,,6990,44,0,17 10,0,100,,4650,44,0,17 10,0,100,,6991,44,0,17 10,0,101,,4652,44,0,17 10,0,101,,6992,44,0,17 10,0,100,,4654,44,0,17 10,0,100,,6993,44,0,17 10,0,100,,4656,44,0,17 10,0,100,,6994,44,0,17 10,0,98,,4643,44,0,17 10,0,100,,6987,44,0,17 10,0,99,,4645,44,0,17 10,0,100,,6988,44,0,17 10,0,100,,4642,44,0,17 10,0
900,'5221',807,,4677,44,0,17 10,0,201,,4675,44,0,17 10,0,201,,4680,44,0,17 10,0,205,,4682,44,0,17 10,0,200,,4684,44,0,17 10,0,200,,4686,44,0,17 10,0,195,,4688,44,0,17 10,0
900,'5560',707,,4676,44,0,17 10,0,201,,4678,44,0,17 10,0,206,,4679,44,0,17 10,0,200,,4681,44,0,17 10,0,200,,4683,44,0,17 10,0,200,,4685,44,0,17 10,0,200,,4687,44,0,17 10,0
900,'5562',707,,6996,44,,,0,100,,6997,44,,,0,101,,6998,44,,,0,101,,6999,44,,,0,105,,7000,44,,,0,95,,7001,44,,,0,106,,7002,44,,,0,100,,7003,44,,,0,100,,7004,44,0,17 10,0,100,,7005,44,,,0,104,,7006,53,,,0,95,,7007,44,0,17 10,0,100,,7008,44,,,0,95,,7009,44,,,0,99,,7010,44,,,0,104,,7011,44,0,17 10,0
900,'5563',707,,7012,44,0,17 10,0,201,,7013,44,0,17 10,0,206,,7014,44,0,17 10,0,200,,7015,44,0,17 10,0,200,,7016,44,0,17 10,0,200,,7017,44,0,17 10,0,200,,7018,44,0,17 10,0
