3101,'4653',620,,9087,1,,,0,85,,9088,1,,,0,29,,9089,1,,,0,72,,9090,1,,,0,34,,9091,1,,,0,87,,9092,1,,,0,103,,9093,1,,,0,110,,9094,1,,,0,110,,9095,1,,,0,155,,9096,1,,,0,114,,9097,1,,,0,81,,9098,1,,,0,35,,9099,1,,,0,77,,9100,1,,,0,34,,9101,1,,,0,71,,9102,1,,,0,18,,9103,1,,,0
3101,'5394',755,,9107,1,,,0,103,,9106,1,,,0,142,,9104,1,,,0,110,,9111,1,,,0,110,,9112,1,,,0,110,,9105,1,,,0,115,,9110,1,,,0,155,,9108,1,,,0,110,,9109,1,,,0,110,,9113,1,,,0
3101,'5565',755,,9120,1,,,0,247,,9117,1,,,0,218,,9114,1,,,0,110,,9118,1,,,0,115,,9116,1,,,0,155,,9119,1,,,0,110,,9115,1,,,0
3201,'4653',550,,9121,1,0,5 49,0,70,,9122,1,0,5 49,0,30,,9123,1,0,5 49,0,68,,9124,1,0,5 49,0,31,,9125,1,0,5 49,0,74,,9126,1,0,5 49,0,33,,9127,1,0,5 49,0,71,,9128,1,0,5 49,0,31,,9129,1,0,5 49,0,72,,9130,1,0,5 49,0,75,,9131,1,0,5 49,0,35,,9132,1,0,5 49,0,75,,9133,1,0,5 49,0,35,,9134,1,0,5 49,0,75,,9135,1,0,5 49,0,80,,9136,1,0,5 49,0,37,,9137,1,0,5 49,0,78,,9138,1,0,5 49,0,80,,9139,1,0,5 49,0,35,,9140,1,0,5 49,0,77,,9141,1,0,5 49,0,33,,9142,1,0,5 49,0,72,,9143,1,0,5 49,0,38,,9144,1,0,5 49,0,86,,9145,1,0,5 49,0,70,,9146,1,0,5 49,0,94,,9147,1,0,5 49,0,105,,9148,1,0,5 49,0
3201,'5394',755,,9165,1,0,5 49,0,70,,9156,1,0,5 49,0,33,,9176,1,0,5 49,0,72,,9154,1,0,5 49,0,70,,9157,1,0,5 49,0,35,,9162,1,0,5 49,0,75,,9155,1,0,5 49,0,35,,9174,1,0,5 49,0,75,,9159,1,0,5 49,0,35,,9158,1,0,5 49,0,75,,9163,1,0,5 49,0,75,,9160,1,0,5 49,0,40,,9175,1,0,5 49,0,75,,9164,1,0,5 49,0,80,,9161,1,0,5 49,0,35,,9170,1,0,5 49,0,75,,9166,1,0,5 49,0,35,,9177,1,0,5 49,0,75,,9167,1,0,5 49,0,35,,9169,1,0,5 49,0,85,,9168,1,0,5 49,0,70,,9172,1,0,5 49,0,30,,9171,1,0,5 49,0,170,,9173,1,0,5 49,0
3201,'5475',2320,,9149,1,0,5 49,0,100,,9150,1,0,5 49,0,100,,9151,1,0,5 49,0,100,,9152,1,0,5 49,0,100,,9153,1,0,5 49,0
3201,'5565',755,,9192,1,0,5 49,0,103,,9191,1,0,5 49,0,144,,9186,1,0,5 49,0,33,,9193,1,0,5 49,0,75,,9180,1,0,5 49,0,35,,9179,1,0,5 49,0,75,,9187,1,0,5 49,0,35,,9178,1,0,5 49,0,75,,9188,1,0,5 49,0,75,,9183,1,0,5 49,0,40,,9189,1,0,5 49,0,75,,9184,1,0,5 49,0,80,,9185,1,0,5 49,0,35,,9182,1,0,5 49,0,75,,9190,1,0,5 49,0,35,,9181,1,0,5 49,0,110,,9194,1,0,5 49,0,155,,9195,1,0,5 49,0
1003101,'4653',650,,10287,1,,,0,68,,10288,1,,,0,31,,10289,1,,,0,74,,10290,1,,,0,33,,10291,1,,,0,102,,10292,1,,,0,147,,10293,1,,,0,110,,10294,1,,,0,110,,10295,1,,,0,115,,10296,1,,,0,100,,10297,1,,,0,77,,10298,1,,,0,37,,10299,1,,,0,75,,10300,1,,,0,72,,10301,1,,,0,51,,10302,1,,,0,90,,10303,1,,,0,163,,10304,1,,,0,110,,10305,1,,,0
1003101,'5394',825,,10316,1,,,0,105,,10322,1,,,0,105,,10311,1,,,0,110,,10312,1,,,0,110,,10313,1,,,0,150,,10315,1,,,0,115,,10320,1,,,0,115,,10318,1,,,0,110,,10317,1,,,0,110,,10314,1,,,0,155,,10319,1,,,0,100,,10321,1,,,0
1003101,'5475',2250,,10306,1,,,0,100,,10307,1,,,0,100,,10308,1,,,0,100,,10309,1,,,0,100,,10310,1,,,0
1003101,'5565',858,,10330,1,,,0,252,,10329,1,,,0,35,,10323,1,,,0,110,,10325,1,,,0,150,,10326,1,,,0,115,,10327,1,,,0,115,,10328,1,,,0,110,,10324,1,,,0,110,,10331,1,,,0,155,,10332,1,,,0,100,,10333,1,,,0
