301,'4653',555,,8526,22,,,0,83,,8527,22,,,0,76,,8528,22,,,0,32,,8529,22,,,0,75,,8530,22,,,0,35,,8531,22,,,0,75,,8532,22,,,0,75,,8533,22,,,0,35,,8534,22,,,0,76,,8535,22,,,0,37,,8536,22,,,0,75,,8537,22,,,0,75,,8538,22,,,0,36,,8539,22,,,0,75,,8540,22,,,0,40,,8541,22,,,0,75,,8542,22,,,0,75,,8543,22,,,0,40,,8544,22,,,0,74,,8545,22,,,0,33,,8546,22,,,0,74,,8547,22,,,0,74,,8548,22,,,0,34,,8549,22,,,0,75,,8550,22,,,0,30,,8551,22,,,0,100,,8552,22,,,0,98,,8553,22,,,0
301,'5475',2340,,8559,5,,,0,100,,8555,22,,,0,100,,8556,22,,,0,100,,8557,22,,,0
301,'5527',559,,8585,22,,,0,93,,8584,22,,,0,91,,8583,22,,,0,100,,8586,22,,,0,92,,8560,22,,,0,70,,8561,22,,,0,41,,8562,22,,,0,77,,8563,22,,,0,30,,8564,22,,,0,75,,8565,22,,,0,75,,8566,22,,,0,36,,8567,22,,,0,80,,8568,22,,,0,35,,8569,22,,,0,75,,8570,22,,,0,79,,8571,22,,,0,34,,8572,22,,,0,70,,8573,22,,,0,35,,8574,22,,,0,75,,8575,22,,,0,34,,8576,22,,,0,84,,8577,22,,,0,75,,8578,22,,,0,35,,8579,22,,,0,88,,8580,22,,,0,100,,8581,22,,,0
301,'5565',621,,8590,22,,,0,101,,8591,22,,,0,95,,8593,22,,,0,90,,8602,22,,,0,98,,8588,22,,,0,95,,8594,22,,,0,57,,8595,22,,,0,96,,8592,22,,,0,100,,8596,22,,,0,100,,8597,22,,,0,101,,8598,22,,,0,98,,8599,22,,,0,105,,8600,22,,,0,95,,8601,22,,,0,93,,8587,22,,,0
3101,'4653',642,,9087,13,,,0,84,,9088,13,,,0,30,,9089,13,,,0,72,,9090,13,,,0,75,,9091,13,,,0,47,,9092,13,,,0,104,,9093,13,,,0,150,,9094,13,,,0,110,,9095,13,,,0,115,,9096,13,,,0,117,,9097,13,,,0,80,,9098,13,,,0,74,,9099,13,,,0,37,,9100,13,,,0,72,,9101,13,,,0,30,,9102,13,,,0,18,,9103,13,,,0
3101,'5527',815,,9107,13,,,0,104,,9106,13,,,0,103,,9104,13,,,0,112,,9111,13,,,0,110,,9112,13,,,0,110,,9105,13,,,0,155,,9110,13,,,0,114,,9108,13,,,0,110,,9109,13,,,0,109,,9113,13,,,0
3101,'5565',815,,9120,13,,,0,209,,9117,13,,,0,219,,9114,13,,,0,110,,9118,13,,,0,155,,9116,13,,,0,115,,9119,13,,,0,110,,9115,13,,,0
1003101,'4653',713,,10287,16,,,0,28,,10288,16,,,0,74,,10289,16,,,0,34,,10290,16,,,0,72,,10291,16,,,0,102,,10292,16,,,0,108,,10293,16,,,0,110,,10294,16,,,0,110,,10295,16,,,0,158,,10296,16,,,0,100,,10297,16,,,0,37,,10298,16,,,0,76,,10299,16,,,0,34,,10300,16,,,0,70,,10301,16,,,0,90,,10302,16,,,0,90,,10303,16,,,0,122,,10304,16,,,0,109,,10305,16,,,0
1003101,'5475',2312,,10306,16,,,0,100,,10307,16,,,0,100,,10308,16,,,0,100,,10309,16,,,0,100,,10310,16,,,0
1003101,'5527',849,,10316,16,,,0,105,,10322,16,,,0,146,,10311,16,,,0,111,,10312,16,,,0,110,,10313,16,,,0,111,,10315,16,,,0,114,,10320,16,,,0,155,,10318,16,,,0,109,,10317,16,,,0,109,,10314,16,,,0,114,,10319,16,,,0,100,,10321,16,,,0
1003101,'5565',922,,10330,16,,,0,213,,10329,16,,,0,75,,10323,16,,,0,110,,10325,16,,,0,110,,10326,16,,,0,115,,10327,16,,,0,114,,10328,16,,,0,150,,10324,16,,,0,110,,10331,16,,,0,114,,10332,16,,,0,100,,10333,16,,,0
