201,'4653',506,,8342,11,,,0,46,,8343,11,,,0,65,,8344,11,,,0,34,,8345,11,,,0,58,,8346,11,,,0,17,,8347,11,,,0,14,,8348,11,,,0,15,,8349,11,,,0,57,,8350,11,,,0,21,,8351,11,,,0,25,,8352,11,,,0,70,,8353,11,,,0,28,,8354,11,,,0,67,,8355,11,,,0,25,,8356,11,,,0,64,,8357,11,,,0,25,,8358,11,,,0,65,,8359,11,,,0,26,,8360,11,,,0,25,,8361,11,,,0,65,,8362,11,,,0,25,,8363,11,,,0,65,,8364,11,,,0,21,,8365,11,,,0,14,,8341,11,0,9 10,0,5,,8366,11,,,0,55,,8367,11,,,0,15,,8368,11,,,0,15,,8369,11,,,0,15,,8370,11,,,0,55,,8371,11,,,0,15,,8372,11,,,0,15,,8373,11,,,0,15,,8374,11,,,0,56,,8375,11,,,0,15,,8376,11,,,0,15,,8377,11,,,0,15,,8378,11,,,0,60,,8379,11,,,0,20,,8380,11,,,0,20,,8381,11,,,0,60,,8382,11,,,0,20,,8383,11,,,0,20,,8384,11,,,0,60,,8385,11,,,0,25,,8386,11,,,0,70,,8387,11,,,0,28,,8388,11,,,0,70,,8389,11,,,0,29,,8390,11,,,0
201,'5394',638,,8400,11,,,0,85,,8401,11,,,0,78,,8402,11,,,0,30,,8403,11,,,0,70,,8404,11,,,0,31,,8405,11,,,0,70,,8406,11,,,0,30,,8407,11,,,0,70,,8408,11,,,0,32,,8409,11,,,0,69,,8410,11,,,0,31,,8411,11,,,0,70,,8412,11,,,0,30,,8413,11,,,0,71,,8414,11,,,0,30,,8415,11,,,0,69,,8416,11,,,0,30,,8417,11,,,0,71,,8418,11,,,0,30,,8419,11,,,0,69,,8420,11,,,0,30,,8421,11,,,0,70,,8422,11,,,0,30,,8423,11,,,0,69,,8424,11,,,0,28,,8425,11,,,0,69,,8426,11,,,0,31,,8427,11,,,0,75,,8428,11,,,0,40,,8429,11,,,0,80,,8430,11,,,0
201,'5475',2301,,8391,11,,,0,30,,8392,11,,,0,70,,8393,11,,,0,30,,8394,11,,,0,70,,8395,11,,,0,30,,8396,11,,,0,70,,8397,11,,,0,30,,8398,11,,,0,70,,8399,11,,,0
201,'5565',638,,8431,11,,,0,85,,8432,11,,,0,85,,8433,11,,,0,45,,8434,11,,,0,85,,8435,11,,,0,85,,8436,11,,,0,84,,8437,11,,,0,45,,8438,11,,,0,81,,8439,11,,,0,80,,8440,11,,,0,40,,8441,11,,,0,80,,8442,11,,,0,80,,8443,11,,,0,40,,8444,11,,,0,80,,8445,11,,,0,80,,8446,11,,,0,40,,8447,11,,,0,80,,8448,11,,,0,80,,8449,11,,,0,41,,8450,11,,,0,78,,8451,11,,,0,92,,8452,11,,,0
900,'4653',611,,8885,51,0,17 10,0,109,,8886,51,0,17 10,0,100,,8887,51,0,17 10,0,102,,8888,51,0,17 10,0,99,,8889,51,0,17 10,0,101,,8890,51,0,17 10,0,101,,8891,51,0,17 10,0,100,,8892,51,0,17 10,0,101,,8893,51,0,17 10,0,100,,8894,51,0,17 10,0,100,,8895,51,0,17 10,0,101,,8896,51,0,17 10,0,99,,8897,51,0,17 10,0,98,,8898,51,0,17 10,0,98,,8899,51,0,17 10,0,99,,8900,51,0,17 10,0,98,,8901,51,0,17 10,0
900,'5394',710,,8907,51,,,0,101,,8908,51,,,0,100,,8909,51,,,0,102,,8910,51,,,0,107,,8911,51,,,0,95,,8912,51,,,0,107,,8913,51,,,0,99,,8914,51,0,17 10,0,100,,8915,51,0,17 10,0,100,,8916,51,,,0,104,,8917,60,,,0,95,,8918,51,0,17 10,0,99,,8919,51,,,0,94,,8920,51,,,0,99,,8921,51,,,0,104,,8922,51,0,17 10,0
900,'5475',2325,,8902,51,0,17 10,0,100,,8903,51,0,17 10,0,100,,8904,51,0,17 10,0,100,,8905,51,0,17 10,0,100,,8906,51,0,17 10,0
900,'5565',711,,8924,51,0,17 10,0,100,,8925,51,0,17 10,0,102,,8926,51,0,17 10,0,100,,8923,51,0,17 10,0,107,,8927,51,0,17 10,0,95,,8928,51,0,17 10,0,105,,8929,51,0,17 10,0,99,,8930,51,0,17 10,0,100,,8931,51,0,17 10,0,100,,8932,51,0,17 10,0,100,,8933,51,0,17 10,0,99,,8934,51,0,17 10,0,100,,8935,51,0,17 10,0,94,,8936,51,0,17 10,0
1600,'4653',804,,8971,37,,,0,124,,8972,37,,,0,689,,8969,37,,,0,41,,8970,37,,,0
2600,'4653',1523,,9056,53,0,9 10 11,0
2601,'4653',805,,9057,64,0,9 10 11,0
