5201,'4528',705,,7622,14,,,0,96,,7623,14,,,0,114,,7624,14,,,0,104,,7625,14,,,0,110,,7626,14,,,0,100,,7627,14,,,0,110,,7628,14,,,0,100,,7629,14,,,0,105,,7630,14,,,0,100,,7631,14,,,0,106,,7617,14,,,0,95,,7618,14,,,0,110,,7619,14,,,0,100,,7620,14,,,0,170,,7621,14,,,0,133,,7616,14,,,0
5201,'5560',846,,5423,14,,,0,100,,5421,14,,,0,99,,5414,14,,,0,100,,5413,14,,,0,100,,5416,14,,,0,100,,5417,14,,,0,100,,5415,14,,,0,100,,5418,14,,,0,100,,5419,14,,,0,101,,5420,14,,,0,110,,5422,14,,,0,99,,5424,14,,,0,90,,5425,14,,,0
5201,'5562',746,,7646,14,,,0,99,,7639,14,,,0,100,,7645,14,,,0,100,,7638,14,,,0,99,,7642,14,,,0,100,,7636,14,,,0,100,,7643,14,,,0,100,,7635,14,,,0,100,,7644,14,,,0,100,,7634,14,,,0,100,,7641,14,,,0,101,,7633,14,,,0,100,,7640,14,,,0,110,,7637,14,,,0,170,,7632,14,,,0,134,,7647,14,,,0
5201,'5563',846,,7658,14,,,0,100,,7656,14,,,0,99,,7649,14,,,0,100,,7648,14,,,0,100,,7651,14,,,0,100,,7652,14,,,0,100,,7650,14,,,0,100,,7653,14,,,0,100,,7654,14,,,0,101,,7655,14,,,0,110,,7657,14,,,0,99,,7659,14,,,0,90,,7660,14,,,0
5401,'4528',600,,7708,44,,,0,100,,7710,73,,,0,116,,7711,73,,,0,91,,7712,73,,,0,112,,7713,73,,,0,106,,7714,73,,,0,112,,7715,73,,,0,100,,7709,73,,,0,113,,7716,73,,,0,104,,7717,73,,,0,100,,7718,73,,,0,98,,7719,73,,,0,103,,7720,73,,,0,94,,7721,73,,,0,109,,7722,73,,,0,99,,7723,73,,,0,169,,7724,73,,,0
5401,'5560',846,,5518,44,,,0,98,,5519,73,,,0,103,,5517,73,,,0,103,,5510,73,,,0,101,,5511,73,,,0,100,,5512,73,,,0,100,,5513,73,,,0,97,,5515,73,,,0,99,,5509,73,,,0,100,,5514,73,,,0,99,,5516,73,,,0,109,,5520,73,,,0,100,,5521,73,,,0
5401,'5562',748,,7741,44,,,0,99,,7740,73,,,0,103,,7732,73,,,0,100,,7738,73,,,0,102,,7731,73,,,0,100,,7737,73,,,0,100,,7729,73,,,0,100,,7736,73,,,0,100,,7728,73,,,0,100,,7735,73,,,0,98,,7727,73,,,0,100,,7734,73,,,0,99,,7726,73,,,0,99,,7733,73,,,0,109,,7725,73,,,0,172,,7730,73,,,0
5401,'5563',847,,7751,44,,,0,98,,7752,73,,,0,102,,7750,73,,,0,103,,7743,73,,,0,101,,7744,73,,,0,100,,7745,73,,,0,100,,7746,73,,,0,98,,7748,73,,,0,99,,7742,73,,,0,100,,7747,73,,,0,99,,7749,73,,,0,108,,7753,73,,,0,100,,7754,73,,,0
5801,'4528',556,,7854,16,,,0,94,,7850,27,,,0,174,,7851,27,,,0,123,,7852,27,,,0,101,,7853,27,,,0,101,,7843,27,,,0,101,,7844,27,,,0,101,,7845,27,,,0,104,,7846,27,,,0,99,,7847,27,,,0,97,,7848,27,,,0,98,,7849,27,,,0,98,,7841,27,,,0,159,,7842,27,,,0,129,,7840,27,,,0
5801,'4532',1135,,5666,27,,,0
5801,'5560',815,,5679,27,,,0,120,,5675,27,,,0,100,,5669,27,,,0,100,,5677,27,,,0,100,,5670,27,,,0,100,,5671,27,,,0,100,,5672,27,,,0,100,,5678,27,,,0,100,,5673,27,,,0,100,,5674,27,,,0,100,,5676,27,,,0,95,,5680,27,,,0,100,,5681,27,,,0
5801,'5562',815,,7866,27,,,0,120,,7863,27,,,0,100,,7862,27,,,0,200,,7858,27,,,0,100,,7857,27,,,0,100,,7861,27,,,0,100,,7865,27,,,0,100,,7864,27,,,0,100,,7860,27,,,0,100,,7856,27,,,0,170,,7855,27,,,0,130,,7859,27,,,0,100,,7867,27,,,0
5801,'5563',815,,7878,27,,,0,120,,7874,27,,,0,100,,7868,27,,,0,100,,7876,27,,,0,100,,7869,27,,,0,100,,7870,27,,,0,100,,7871,27,,,0,100,,7877,27,,,0,100,,7872,27,,,0,100,,7873,27,,,0,100,,7875,27,,,0,95,,7879,27,,,0,100,,7880,27,,,0
5900,'4528',1624,,7881,11,,,0,95,,7882,11,,,0
5901,'4528',652,,7884,18,,,0,100,,7883,18,,,0
