3100,'4528',747,,7120,16,4,,0,72,,7121,16,4,,0,32,,7122,16,4,,0,103,,7123,16,4,,0,148,,7124,16,4,,0,110,,7125,16,4,,0,110,,7126,16,4,,0,114,,7127,16,4,,0,100,,7128,16,4,,0,78,,4807,16,4,,0,35,,7129,16,4,,0,75,,7130,16,4,,0,33,,4810,16,4,,0,75,,7131,16,4,,0
3100,'4532',925,,7135,16,4,,0,105,,7139,16,4,,0,110,,7133,16,4,,0,110,,7132,16,4,,0,150,,7134,16,4,,0,115,,7136,16,4,,0,115,,7138,16,4,,0,110,,7137,16,4,,0
3100,'5221',1030,,7146,16,4,,0,110,,7140,16,4,,0,110,,7141,16,4,,0,150,,7142,16,4,,0,115,,7143,16,4,,0,115,,7145,16,4,,0,110,,7144,16,4,,0
3201,'4528',611,,7182,31,4,,0,31,,7183,31,4,,0,71,,7184,31,4,,0,31,,7181,31,4,,0,70,,7185,31,4,,0,34,,7186,31,4,,0,74,,7187,31,4,,0,30,,7188,31,4,,0,72,,7189,31,4,,0,34,,7190,31,4,,0,76,,7191,31,4,,0,75,,7192,31,4,,0,35,,7193,31,4,,0,75,,7194,31,4,,0,35,,7195,31,4,,0,81,,7196,31,4,,0,78,,7197,31,4,,0,39,,7198,31,4,,0,78,,7199,31,4,,0,75,,7200,31,4,,0,38,,7201,31,4,,0,69,,7202,31,4,,0,32,,7203,31,4,,0,78,,7204,31,4,,0,85,,7205,31,4,,0,27,,7206,31,4,,0,95,,7207,31,4,,0,104,,7208,31,4,,0
3201,'4532',818,,7220,31,4,,0,30,,7211,31,4,,0,75,,7231,31,4,,0,32,,7209,31,4,,0,70,,7212,31,4,,0,76,,7217,31,4,,0,35,,7210,31,4,,0,77,,7229,31,4,,0,35,,7214,31,4,,0,75,,7213,31,4,,0,35,,7218,31,4,,0,75,,7215,31,4,,0,80,,7230,31,4,,0,35,,7219,31,4,,0,80,,7216,31,4,,0,75,,7225,31,4,,0,33,,7221,31,4,,0,75,,7232,31,4,,0,34,,7222,31,4,,0,74,,7224,31,4,,0,85,,7223,31,4,,0,29,,7227,31,4,,0,70,,7226,31,4,,0,130,,7228,31,4,,0
3201,'5221',817,,7247,31,4,,0,106,,7246,31,4,,0,104,,7241,31,4,,0,73,,7248,31,4,,0,36,,7235,31,4,,0,76,,7234,31,4,,0,35,,7242,31,4,,0,75,,7233,31,4,,0,35,,7243,31,4,,0,75,,7238,31,4,,0,81,,7244,31,4,,0,35,,7239,31,4,,0,78,,7240,31,4,,0,75,,7237,31,4,,0,34,,7245,31,4,,0,74,,7236,31,4,,0,110,,7249,31,4,,0,115,,7250,31,4,,0
3301,'4528',550,,7251,1,0,25 50,0,62,,7251,28,4,,0,8,,7252,1,0,25 50,0,22,,7252,28,4,,0,8,,7253,1,0,25 50,0,62,,7253,28,4,,0,8,,7254,1,0,25 50,0,22,,7254,28,4,,0,8,,7255,1,0,25 50,0,64,,7255,28,4,,0,8,,7257,1,0,25 50,0,26,,7257,28,4,,0,7,,7277,1,0,25 50,0,66,,7277,28,4,,0,4,,7258,1,0,25 50,0,25,,7258,28,4,,0,7,,7259,1,0,25 50,0,65,,7259,28,4,,0,13,,7256,1,0,25 50,0,66,,7256,28,4,,0,9,,7260,1,0,25 50,0,26,,7260,28,4,,0,9,,7261,1,0,25 50,0,66,,7261,28,4,,0,9,,7262,1,0,25 50,0,26,,7262,28,4,,0,9,,7263,1,0,25 50,0,66,,7263,28,4,,0,9,,7264,1,0,25 50,0,27,,7264,28,4,,0,53,,7265,1,0,25 50,0,27,,7265,28,4,,0,8,,7278,1,0,25 50,0,68,,7278,28,4,,0,12,,7266,1,0,25 50,0,29,,7266,28,4,,0,46,,7267,1,0,25 50,0,27,,7267,28,4,,0,8,,7268,1,0,25 50,0,67,,7268,28,4,,0,10,,7275,1,0,25 50,0,28,,7275,28,4,,0,5,,7269,1,0,25 50,0,67,,7269,28,4,,0,5,,7270,1,0,25 50,0,26,,7270,28,4,,0,12,,7271,1,0,25 50,0,66,,7271,28,4,,0,21,,7272,1,0,25 50,0,66,,7272,28,4,,0,2,,7273,1,0,25 50,0,24,,7273,28,4,,0,3,,7274,1,0,25 50,0,63,,7274,28,4,,0,5,,7276,1,0,25 50,0,23,,7276,28,4,,0
3301,'4532',755,,7283,1,0,25 50,0,61,,7283,28,4,,0,9,,7297,1,0,25 50,0,21,,7297,28,4,,0,12,,7279,1,0,25 50,0,61,,7279,28,4,,0,11,,7281,1,0,25 50,0,23,,7281,28,4,,0,52,,7286,1,0,25 50,0,23,,7286,28,4,,0,12,,7280,1,0,25 50,0,63,,7280,28,4,,0,12,,7299,1,0,25 50,0,24,,7299,28,4,,0,11,,7282,1,0,25 50,0,64,,7282,28,4,,0,11,,7285,1,0,25 50,0,24,,7285,28,4,,0,51,,7293,1,0,25 50,0,25,,7293,28,4,,0,10,,7284,1,0,25 50,0,65,,7284,28,4,,0,10,,7296,1,0,25 50,0,25,,7296,28,4,,0,15,,7288,1,0,25 50,0,65,,7288,28,4,,0,10,,7287,1,0,25 50,0,25,,7287,28,4,,0,50,,7294,1,0,25 50,0,25,,7294,28,4,,0,10,,7291,1,0,25 50,0,65,,7291,28,4,,0,10,,7298,1,0,25 50,0,24,,7298,28,4,,0,11,,7290,1,0,25 50,0,64,,7290,28,4,,0,11,,7292,1,0,25 50,0,24,,7292,28,4,,0,96,,7289,1,0,25 50,0,62,,7289,28,4,,0,38,,7295,1,0,25 50,0,62,,7295,28,4,,0
3301,'5221',825,,7308,1,0,25 50,0,21,,7308,28,4,,0,84,,7313,1,0,25 50,0,24,,7313,28,4,,0,86,,7301,1,0,25 50,0,65,,7301,28,4,,0,10,,7300,1,0,25 50,0,25,,7300,28,4,,0,10,,7306,1,0,25 50,0,65,,7306,28,4,,0,10,,7302,1,0,25 50,0,25,,7302,28,4,,0,50,,7305,1,0,25 50,0,25,,7305,28,4,,0,10,,7309,1,0,25 50,0,65,,7309,28,4,,0,10,,7307,1,0,25 50,0,25,,7307,28,4,,0,15,,7311,1,0,25 50,0,65,,7311,28,4,,0,10,,7304,1,0,25 50,0,25,,7304,28,4,,0,50,,7310,1,0,25 50,0,25,,7310,28,4,,0,10,,7303,1,0,25 50,0,24,,7303,28,4,,0,51,,7312,1,0,25 50,0,24,,7312,28,4,,0,86,,7314,1,0,25 50,0,23,,7314,28,4,,0,97,,7316,1,0,25 50,0,62,,7316,28,4,,0,38,,7315,1,0,25 50,0,61,,7315,28,4,,0
3401,'4528',550,,7317,1,0,20 21,0,62,,7317,35,4,,0,8,,7318,1,0,20 21,0,23,,7318,35,4,,0,7,,7319,1,0,20 21,0,63,,7319,35,4,,0,7,,7320,1,0,20 21,0,23,,7320,35,4,,0,7,,7321,1,0,20 21,0,64,,7321,35,4,,0,8,,7322,1,0,20 21,0,25,,7322,35,4,,0,8,,7323,1,0,20 21,0,64,,7323,35,4,,0,6,,7324,1,0,20 21,0,23,,7324,35,4,,0,9,,7325,1,0,20 21,0,64,,7325,35,4,,0,9,,7326,1,0,20 21,0,25,,7326,35,4,,0,50,,7327,1,0,20 21,0,25,,7327,35,4,,0,10,,7328,1,0,20 21,0,65,,7328,35,4,,0,10,,7329,1,0,20 21,0,25,,7329,35,4,,0,10,,7330,1,0,20 21,0,66,,7330,35,4,,0,9,,7331,1,0,20 21,0,26,,7331,35,4,,0,54,,7332,1,0,20 21,0,26,,7332,35,4,,0,14,,7333,1,0,20 21,0,66,,7333,35,4,,0,9,,7334,1,0,20 21,0,26,,7334,35,4,,0,54,,7335,1,0,20 21,0,27,,7335,35,4,,0,8,,7336,1,0,20 21,0,67,,7336,35,4,,0,10,,7337,1,0,20 21,0,27,,7337,35,4,,0,6,,7338,1,0,20 21,0,66,,7338,35,4,,0,6,,7339,1,0,20 21,0,25,,7339,35,4,,0,13,,7340,1,0,20 21,0,64,,7340,35,4,,0,23,,7341,1,0,20 21,0,64,,7341,35,4,,0,31,,7342,1,0,20 21,0,63,,7342,35,4,,0,35,,7343,1,0,20 21,0,23,,7343,35,4,,0
3401,'4532',755,,7361,1,0,20 21,0,62,,7361,35,4,,0,8,,7344,1,0,20 21,0,23,,7344,35,4,,0,10,,7347,1,0,20 21,0,63,,7347,35,4,,0,9,,7351,1,0,20 21,0,23,,7351,35,4,,0,47,,7345,1,0,20 21,0,23,,7345,35,4,,0,12,,7360,1,0,20 21,0,23,,7360,35,4,,0,52,,7348,1,0,20 21,0,24,,7348,35,4,,0,11,,7349,1,0,20 21,0,64,,7349,35,4,,0,11,,7352,1,0,20 21,0,24,,7352,35,4,,0,11,,7350,1,0,20 21,0,64,,7350,35,4,,0,11,,7363,1,0,20 21,0,24,,7363,35,4,,0,51,,7346,1,0,20 21,0,24,,7346,35,4,,0,16,,7357,1,0,20 21,0,64,,7357,35,4,,0,11,,7358,1,0,20 21,0,24,,7358,35,4,,0,56,,7353,1,0,20 21,0,24,,7353,35,4,,0,11,,7362,1,0,20 21,0,24,,7362,35,4,,0,51,,7356,1,0,20 21,0,23,,7356,35,4,,0,12,,7355,1,0,20 21,0,63,,7355,35,4,,0,47,,7354,1,0,20 21,0,63,,7354,35,4,,0,92,,7359,1,0,20 21,0,23,,7359,35,4,,0
3401,'5221',755,,7376,1,0,20 21,0,62,,7376,35,4,,0,118,,7366,1,0,20 21,0,23,,7366,35,4,,0,152,,7368,1,0,20 21,0,24,,7368,35,4,,0,11,,7364,1,0,20 21,0,64,,7364,35,4,,0,11,,7367,1,0,20 21,0,24,,7367,35,4,,0,11,,7365,1,0,20 21,0,64,,7365,35,4,,0,11,,7374,1,0,20 21,0,24,,7374,35,4,,0,51,,7373,1,0,20 21,0,24,,7373,35,4,,0,16,,7369,1,0,20 21,0,64,,7369,35,4,,0,11,,7372,1,0,20 21,0,24,,7372,35,4,,0,56,,7375,1,0,20 21,0,24,,7375,35,4,,0,11,,7371,1,0,20 21,0,24,,7371,35,4,,0,51,,7370,1,0,20 21,0,23,,7370,35,4,,0,172,,7377,1,0,20 21,0,22,,7377,35,4,,0
3501,'4528',657,,5064,1,0,28,0,56,,5064,8,4,,0,12,,5065,1,0,28,0,17,,5065,8,4,,0,8,,5066,1,0,28,0,57,,5066,8,4,,0,15,,5067,1,0,28,0,19,,5067,8,4,,0,379,,5062,1,0,28,0,16,,5062,8,4,,0,284,,5063,1,0,28,0,19,,5063,8,4,,0,281,,5061,1,0,28,0,17,,5061,8,4,,0,103,,5060,1,0,28,0,16,,5060,8,4,,0
3501,'4532',825,,5069,1,0,28,0,16,,5069,8,4,,0,379,,5072,1,0,28,0,16,,5072,8,4,,0,264,,5068,1,0,28,0,16,,5068,8,4,,0,209,,5070,1,0,28,0,16,,5070,8,4,,0,104,,5071,1,0,28,0,56,,5071,8,4,,0
3501,'5221',825,,7379,1,0,28,0,18,,7379,8,4,,0,377,,7378,1,0,28,0,18,,7378,8,4,,0,262,,7382,1,0,28,0,18,,7382,8,4,,0,207,,7380,1,0,28,0,18,,7380,8,4,,0,102,,7381,1,0,28,0,58,,7381,8,4,,0
3900,'4528',626,,5083,1,,,0,18,,5083,8,4,,0,204,,5086,1,0,7 8,0,99,,5086,34,4,,0,10,,5080,1,0,7 8,0,88,,5080,33,4,,0,60,,5081,1,0,7 8,0,99,,5081,34,4,,0,46,,5082,1,0,7 8,0,89,,5082,33,4,,0,71,,5084,1,0,7 8,0,99,,5084,34,4,,0,91,,5085,1,0,7 8,0,59,,5085,34,4,,0,51,,5078,1,0,7 8,0,99,,5078,34,4,,0,31,,5079,1,0,7 8,0,88,,5079,33,4,,0
3900,'4532',845,,5088,1,0,7 8,0,89,,5088,33,4,,0,71,,5089,1,0,7 8,0,49,,5089,33,4,,0,56,,5087,1,0,7 8,0,90,,5087,33,4,,0,45,,5090,1,0,7 8,0,90,,5090,33,4,,0,20,,5092,1,0,7 8,0,90,,5092,33,4,,0,80,,5091,1,0,7 8,0,90,,5091,33,4,,0,15,,5094,1,0,7 8,0,89,,5094,33,4,,0,26,,5093,1,0,7 8,0,88,,5093,33,4,,0
3900,'5221',845,,7386,1,0,7 8,0,84,,7386,33,4,,0,76,,7389,1,0,7 8,0,45,,7389,33,4,,0,60,,7384,1,0,7 8,0,45,,7384,33,4,,0,90,,7383,1,0,7 8,0,85,,7383,33,4,,0,25,,7387,1,0,7 8,0,85,,7387,33,4,,0,85,,7385,1,0,7 8,0,85,,7385,33,4,,0,20,,7390,1,0,7 8,0,84,,7390,33,4,,0,31,,7388,1,0,7 8,0,84,,7388,33,4,,0
1003100,'4528',703,,7915,19,4,,0,29,,7916,19,4,,0,71,,7917,19,4,,0,31,,7918,19,4,,0,88,,7919,19,4,,0,105,,7920,19,4,,0,110,,7921,19,4,,0,110,,7922,19,4,,0,155,,7923,19,4,,0,114,,7924,19,4,,0,40,,7925,19,4,,0,75,,7912,19,4,,0,76,,7913,19,4,,0,34,,7911,19,4,,0,72,,7914,19,4,,0,39,,7926,19,4,,0,85,,7927,19,4,,0,121,,7928,19,4,,0,142,,7929,19,4,,0,108,,7930,19,4,,0
1003100,'4532',753,,7944,19,4,,0,101,,7933,19,4,,0,101,,7932,19,4,,0,150,,7931,19,4,,0,110,,7939,19,4,,0,110,,7943,19,4,,0,115,,7936,19,4,,0,115,,7940,19,4,,0,150,,7937,19,4,,0,110,,7938,19,4,,0,35,,7934,19,4,,0,155,,7935,19,4,,0,101,,7942,19,4,,0,98,,7941,19,4,,0
1003100,'5221',752,,7956,19,4,,0,102,,7948,19,4,,0,103,,7946,19,4,,0,148,,7950,19,4,,0,110,,7947,19,4,,0,110,,7945,19,4,,0,115,,7951,19,4,,0,115,,7952,19,4,,0,150,,7949,19,4,,0,140,,7953,19,4,,0,160,,7954,19,4,,0,103,,7955,19,4,,0
24003100,'4528',548,,8000,15,4,,0,70,,7997,15,4,,0,30,,7998,15,4,,0,70,,7999,15,4,,0
