300,'4653',608,,8453,34,,,0,34,,8454,34,,,0,70,,8455,34,,,0,34,,8456,34,,,0,74,,8457,34,,,0,35,,8458,34,,,0,75,,8459,34,,,0,75,,8460,34,,,0,35,,8461,34,,,0,75,,8462,34,,,0,35,,8463,34,,,0,75,,8464,34,,,0,75,,8465,34,,,0,35,,8466,34,,,0,80,,8467,34,,,0,35,,8468,34,,,0,74,,8469,34,,,0,80,,8470,34,,,0,34,,8471,34,,,0,75,,8472,34,,,0,37,,8473,34,,,0,75,,8474,34,,,0,76,,8475,34,,,0,35,,8476,34,,,0,71,,8477,34,,,0,101,,8478,34,,,0,100,,8479,34,,,0,100,,8480,34,,,0
300,'5394',623,,8509,34,,,0,90,,8508,34,,,0,99,,8510,34,,,0,89,,8485,34,,,0,29,,8486,34,,,0,80,,8487,34,,,0,35,,8489,34,,,0,70,,8490,34,,,0,35,,8491,34,,,0,75,,8488,34,,,0,75,,8492,34,,,0,40,,8493,34,,,0,75,,8494,34,,,0,35,,8495,34,,,0,80,,8496,34,,,0,75,,8497,34,,,0,30,,8498,34,,,0,75,,8499,34,,,0,35,,8500,34,,,0,75,,8501,34,,,0,87,,8502,34,,,0,35,,8503,34,,,0,75,,8504,34,,,0,90,,8505,34,,,0,101,,8506,34,,,0,100,,8507,34,,,0
300,'5475',2413,,8481,34,,,0,100,,8482,34,,,0,100,,8483,34,,,0,100,,8484,34,,,0
300,'5565',653,,8511,34,,,0,95,,8512,34,,,0,88,,8525,34,,,0,94,,8514,34,,,0,95,,8515,34,,,0,95,,8516,34,,,0,95,,8513,34,,,0,100,,8517,34,,,0,100,,8518,34,,,0,100,,8519,34,,,0,100,,8520,34,,,0,105,,8521,34,,,0,95,,8522,34,,,0,96,,8523,34,,,0,102,,8524,34,,,0
700,'4653',619,,8858,6,0,22 23,0,215,,8859,6,0,22 23,0,200,,8860,6,0,22 23,0,200,,8861,6,0,22 23,0,201,,8862,6,0,22 23,0,200,,8863,6,0,22 23,0,198,,8864,6,0,22 23,0,200,,8865,6,0,22 23,0,270,,8866,6,0,22 23,0
700,'5394',533,,8867,14,0,22 23,0,100,,8868,14,0,22 23,0,200,,8869,14,0,22 23,0,201,,8870,14,0,22 23,0,200,,8871,14,0,22 23,0,201,,8872,6,0,22 23,0,200,,8873,14,0,22 23,0,199,,8874,6,0,22 23,0,200,,8875,14,0,22 23,0,269,,8876,6,0,22 23,0
700,'5565',533,,8884,6,0,22 23,0,100,,8878,6,0,22 23,0,200,,8877,6,0,22 23,0,201,,8879,6,0,22 23,0,200,,8880,6,0,22 23,0,200,,8881,6,0,22 23,0,200,,8882,6,0,22 23,0,199,,8883,6,0,22 23,0
1600,'4653',738,,8971,6,0,24,0,165,,8972,6,0,24,0,645,,8969,6,0,24,0,80,,8970,6,0,24,0
1000700,'4653',732,,10205,6,0,24,0,16,,10206,6,0,24,0,186,,10207,6,0,24,0,200,,10208,6,0,24,0,199,,10209,6,0,24,0,202,,10210,6,0,24,0,70,,10211,6,0,24,0,130,,10212,6,0,24,0,198,,10213,6,0,24,0,200,,10214,6,0,24,0
1000700,'5394',733,,10219,14,0,24,0,201,,10220,14,0,24,0,200,,10221,14,0,24,0,200,,10222,14,0,24,0,201,,10223,6,0,24,0,199,,10224,14,0,24,0,200,,10225,14,0,24,0,199,,10226,14,0,24,0
1000700,'5475',2333,,10215,6,0,24,0,100,,10216,6,0,24,0,100,,10217,6,0,24,0,100,,10218,6,0,24,0
1000700,'5565',733,,10228,6,0,24,0,200,,10227,6,0,24,0,201,,10229,6,0,24,0,200,,10231,6,0,24,0,200,,10230,6,0,24,0,200,,10232,6,0,24,0,199,,10233,6,0,24,0
