100,'4653',519,,8002,1,,,0,34,,8003,1,,,0,70,,8004,1,,,0,22,,8005,1,,,0,55,,8006,1,,,0,15,,8007,1,,,0,15,,8008,1,,,0,16,,8009,1,,,0,55,,8010,1,,,0,15,,8011,1,,,0,17,,8050,1,,,0,17,,8012,1,,,0,66,,8013,1,,,0,24,,8014,1,,,0,65,,8015,1,,,0,24,,8016,1,,,0,26,,8017,1,,,0,65,,8018,1,,,0,24,,8019,1,,,0,65,,8020,1,,,0,25,,8021,1,,,0,25,,8022,1,,,0,63,,8023,1,,,0,25,,8024,1,,,0,64,,8025,1,,,0,23,,8026,1,,,0,18,,8001,1,,,0,57,,8027,1,,,0,15,,8028,1,,,0,15,,8029,1,,,0,15,,8030,1,,,0,55,,8031,1,,,0,14,,8032,1,,,0,15,,8033,1,,,0,16,,8034,1,,,0,55,,8035,1,,,0,17,,8036,1,,,0,21,,8037,1,,,0,61,,8038,1,,,0,21,,8039,1,,,0,21,,8040,1,,,0,60,,8041,1,,,0,20,,8042,1,,,0,21,,8043,1,,,0,60,,8044,1,,,0,21,,8045,1,,,0,70,,8046,1,,,0,30,,8047,1,,,0,71,,8048,1,,,0,31,,8049,1,,,0
100,'5394',622,,8091,1,,,0,81,,8090,1,,,0,29,,8089,1,,,0,69,,8088,1,,,0,29,,8087,1,,,0,29,,8086,1,,,0,70,,8085,1,,,0,28,,8084,1,,,0,68,,8083,1,,,0,30,,8082,1,,,0,69,,8081,1,,,0,30,,8080,1,,,0,69,,8079,1,,,0,30,,8078,1,,,0,70,,8077,1,,,0,30,,8076,1,,,0,70,,8075,1,,,0,30,,8074,1,,,0,70,,8073,1,,,0,30,,8072,1,,,0,70,,8071,1,,,0,32,,8070,1,,,0,70,,8069,1,,,0,30,,8068,1,,,0,72,,8067,1,,,0,30,,8066,1,,,0,72,,8065,1,,,0,71,,8064,1,,,0,41,,8063,1,,,0,81,,8062,1,,,0,82,,8061,1,,,0,40,,8060,1,,,0
100,'5475',2304,,8051,1,,,0,30,,8052,1,,,0,70,,8053,1,,,0,30,,8054,1,,,0,70,,8055,1,,,0,30,,8056,1,,,0,70,,8057,1,,,0,30,,8058,1,,,0,70,,8059,1,,,0
100,'5565',615,,8114,1,,,0,44,,8113,1,,,0,84,,8112,1,,,0,85,,8111,1,,,0,84,,8110,1,,,0,43,,8109,1,,,0,84,,8108,1,,,0,81,,8092,1,,,0,38,,8093,1,,,0,80,,8094,1,,,0,80,,8095,1,,,0,40,,8096,1,,,0,80,,8097,1,,,0,80,,8098,1,,,0,40,,8099,1,,,0,80,,8100,1,,,0,82,,8101,1,,,0,82,,8102,1,,,0,42,,8103,1,,,0,82,,8104,1,,,0,81,,8105,1,,,0,40,,8106,1,,,0,78,,8107,1,,,0,81,,8115,1,,,0
200,'4653',534,,8228,1,,,0,71,,8229,1,,,0,27,,8230,1,,,0,18,,8231,1,,,0,56,,8232,1,,,0,14,,8233,1,,,0,15,,8234,1,,,0,13,,8235,1,,,0,53,,8236,1,,,0,19,,8237,1,,,0,18,,8276,1,,,0,21,,8238,1,,,0,64,,8239,1,,,0,25,,8240,1,,,0,65,,8241,1,,,0,25,,8242,1,,,0,66,,8243,1,,,0,25,,8244,1,,,0,25,,8245,1,,,0,65,,8246,1,,,0,25,,8247,1,,,0,63,,8248,1,,,0,23,,8249,1,,,0,23,,8250,1,,,0,64,,8251,1,,,0,21,,8252,1,,,0,16,,8253,1,,,0,59,,8254,1,,,0,16,,8255,1,,,0,15,,8256,1,,,0,15,,8257,1,,,0,55,,8258,1,,,0,15,,8259,1,,,0,15,,8260,1,,,0,56,,8261,1,,,0,15,,8262,1,,,0,18,,8263,1,,,0,20,,8264,1,,,0,61,,8265,1,,,0,22,,8266,1,,,0,21,,8267,1,,,0,60,,8268,1,,,0,20,,8269,1,,,0,20,,8270,1,,,0,61,,8271,1,,,0,25,,8272,1,,,0,72,,8273,1,,,0,30,,8274,1,,,0,70,,8275,1,,,0
200,'5394',558,,8287,1,,,0,84,,8288,1,,,0,74,,8289,1,,,0,28,,8290,1,,,0,69,,8291,1,,,0,29,,8292,1,,,0,67,,8293,1,,,0,30,,8294,1,,,0,68,,8295,1,,,0,28,,8296,1,,,0,70,,8297,1,,,0,30,,8298,1,,,0,70,,8299,1,,,0,30,,8300,1,,,0,70,,8301,1,,,0,30,,8302,1,,,0,70,,8303,1,,,0,30,,8304,1,,,0,70,,8305,1,,,0,30,,8306,1,,,0,70,,8307,1,,,0,31,,8308,1,,,0,70,,8309,1,,,0,30,,8310,1,,,0,72,,8311,1,,,0,30,,8312,1,,,0,71,,8313,1,,,0,32,,8314,1,,,0,77,,8315,1,,,0,83,,8316,1,,,0,43,,8317,1,,,0,76,,8318,1,,,0
200,'5475',2245,,8277,1,,,0,70,,8278,1,,,0,30,,8279,1,,,0,70,,8280,1,,,0,30,,8281,1,,,0,70,,8282,1,,,0,30,,8283,1,,,0,70,,8284,1,,,0,30,,8285,1,,,0,70,,8286,1,0,17 10,0
200,'5565',634,,8340,1,,,0,85,,8339,1,,,0,84,,8338,1,,,0,43,,8337,1,,,0,83,,8336,1,,,0,84,,8335,1,,,0,41,,8334,1,,,0,80,,8319,1,,,0,80,,8320,1,,,0,40,,8321,1,,,0,80,,8322,1,,,0,80,,8323,1,,,0,40,,8324,1,,,0,80,,8325,1,,,0,81,,8326,1,,,0,41,,8327,1,,,0,81,,8328,1,,,0,81,,8329,1,,,0,84,,8330,1,,,0,42,,8331,1,,,0,79,,8332,1,,,0,84,,8333,1,,,0
2100,'4653',645,,8981,12,,,0,87,,8982,12,,,0,85,,8983,12,,,0,86,,8984,12,,,0,49,,8985,12,,,0,85,,8986,12,,,0,93,,8987,12,,,0,127,,8988,12,,,0,167,,8989,12,,,0,286,,8990,12,,,0,44,,8991,12,,,0,101,,8992,12,,,0,160,,8993,12,,,0
2100,'5394',817,,9004,12,,,0,125,,9006,12,,,0,180,,9005,12,,,0,130,,9000,12,,,0,165,,9001,12,,,0,106,,9002,12,,,0,100,,9003,12,,,0,100,,8998,12,,,0,129,,8999,12,,,0,173,,8997,12,,,0
2100,'5475',2124,,8994,12,,,0,130,,8995,12,,,0,175,,8996,12,,,0
2100,'5565',849,,9014,12,,,0,104,,9015,12,,,0,173,,9007,12,,,0,132,,9009,12,,,0,174,,9008,12,,,0,175,,9010,12,,,0,130,,9011,12,,,0,166,,9012,12,,,0,126,,9013,12,,,0
1002100,'4653',1526,,10234,12,,,0,76,,10235,12,,,0
