100,'4653',535,,8002,25,,,0,75,,8003,25,,,0,30,,8004,25,,,0,63,,8005,25,,,0,16,,8006,25,,,0,16,,8007,25,,,0,16,,8008,25,,,0,57,,8009,25,,,0,15,,8010,25,,,0,15,,8011,25,,,0,16,,8050,25,,,0,57,,8012,25,,,0,25,,8013,25,,,0,65,,8014,25,,,0,25,,8015,25,,,0,25,,8016,25,,,0,66,,8017,25,,,0,25,,8018,25,,,0,65,,8019,25,,,0,25,,8020,25,,,0,25,,8021,25,,,0,65,,8022,25,,,0,23,,8023,25,,,0,66,,8024,25,,,0,25,,8025,25,,,0,65,,8026,25,,,0,17,,8001,25,,,0,16,,8027,25,,,0,15,,8028,25,,,0,55,,8029,25,,,0,15,,8030,25,,,0,15,,8031,25,,,0,15,,8032,25,,,0,55,,8033,25,,,0,15,,8034,25,,,0,14,,8035,25,,,0,16,,8036,25,,,0,60,,8037,25,,,0,20,,8038,25,,,0,21,,8039,25,,,0,60,,8040,25,,,0,20,,8041,25,,,0,20,,8042,25,,,0,60,,8043,25,,,0,20,,8044,25,,,0,20,,8045,25,,,0,70,,8046,25,,,0,30,,8047,25,,,0,70,,8048,25,,,0,30,,8049,25,,,0
100,'5475',2320,,8051,25,,,0,30,,8052,25,,,0,70,,8053,25,,,0,30,,8054,25,,,0,70,,8055,25,,,0,30,,8056,25,,,0,70,,8057,25,,,0,30,,8058,25,,,0,70,,8059,25,,,0
100,'5527',639,,8091,25,,,0,81,,8090,25,,,0,30,,8089,25,,,0,70,,8088,25,,,0,29,,8087,25,,,0,70,,8086,25,,,0,30,,8085,25,,,0,70,,8084,25,,,0,28,,8083,25,,,0,70,,8082,25,,,0,30,,8081,25,,,0,70,,8080,25,,,0,30,,8079,25,,,0,70,,8078,25,,,0,30,,8077,25,,,0,70,,8076,25,,,0,30,,8075,25,,,0,70,,8074,25,,,0,30,,8073,25,,,0,70,,8072,25,,,0,30,,8071,25,,,0,70,,8070,25,,,0,30,,8069,25,,,0,70,,8068,25,,,0,31,,8067,25,,,0,70,,8066,25,,,0,31,,8065,25,,,0,70,,8064,25,,,0,40,,8063,25,,,0,80,,8062,25,,,0,81,,8061,25,,,0,80,,8060,25,,,0
100,'5565',631,,8114,25,,,0,85,,8113,25,,,0,85,,8112,25,,,0,45,,8111,25,,,0,85,,8110,25,,,0,85,,8109,25,,,0,84,,8108,25,,,0,41,,8092,25,,,0,80,,8093,25,,,0,80,,8094,25,,,0,40,,8095,25,,,0,80,,8096,25,,,0,80,,8097,25,,,0,40,,8098,25,,,0,80,,8099,25,,,0,81,,8100,25,,,0,41,,8101,25,,,0,80,,8102,25,,,0,82,,8103,25,,,0,40,,8104,25,,,0,80,,8105,25,,,0,80,,8106,25,,,0,38,,8107,25,,,0,80,,8115,25,,,0
200,'4653',554,,8228,30,,,0,71,,8229,30,,,0,28,,8230,30,,,0,58,,8231,30,,,0,16,,8232,30,,,0,16,,8233,30,,,0,57,,8234,30,,,0,16,,8235,30,,,0,15,,8236,30,,,0,15,,8237,30,,,0,57,,8276,30,,,0,21,,8238,30,,,0,25,,8239,30,,,0,65,,8240,30,,,0,25,,8241,30,,,0,65,,8242,30,,,0,26,,8243,30,,,0,25,,8244,30,,,0,65,,8245,30,,,0,25,,8246,30,,,0,66,,8247,30,,,0,23,,8248,30,,,0,23,,8249,30,,,0,65,,8250,30,,,0,25,,8251,30,,,0,63,,8252,30,,,0,15,,8253,30,,,0,16,,8254,30,,,0,15,,8255,30,,,0,55,,8256,30,,,0,15,,8257,30,,,0,15,,8258,30,,,0,15,,8259,30,,,0,55,,8260,30,,,0,15,,8261,30,,,0,15,,8262,30,,,0,18,,8263,30,,,0,60,,8264,30,,,0,20,,8265,30,,,0,61,,8266,30,,,0,20,,8267,30,,,0,20,,8268,30,,,0,60,,8269,30,,,0,20,,8270,30,,,0,20,,8271,30,,,0,65,,8272,30,,,0,30,,8273,30,,,0,70,,8274,30,,,0,30,,8275,30,,,0
200,'5475',2305,,8277,30,,,0,30,,8278,30,,,0,70,,8279,30,,,0,30,,8280,30,,,0,70,,8281,30,,,0,30,,8282,30,,,0,70,,8283,30,,,0,30,,8284,30,,,0,70,,8285,30,,,0,30,,8286,30,0,17 10,0
200,'5527',617,,8287,30,,,0,84,,8288,30,,,0,34,,8289,30,,,0,70,,8290,30,,,0,30,,8291,30,,,0,69,,8292,30,,,0,30,,8293,30,,,0,70,,8294,30,,,0,30,,8295,30,,,0,68,,8296,30,,,0,30,,8297,30,,,0,70,,8298,30,,,0,30,,8299,30,,,0,70,,8300,30,,,0,30,,8301,30,,,0,70,,8302,30,,,0,30,,8303,30,,,0,70,,8304,30,,,0,30,,8305,30,,,0,70,,8306,30,,,0,30,,8307,30,,,0,70,,8308,30,,,0,30,,8309,30,,,0,70,,8310,30,,,0,31,,8311,30,,,0,70,,8312,30,,,0,31,,8313,30,,,0,70,,8314,30,,,0,35,,8315,30,,,0,83,,8316,30,,,0,82,,8317,30,,,0,36,,8318,30,,,0
200,'5565',653,,8340,30,,,0,85,,8339,30,,,0,85,,8338,30,,,0,85,,8337,30,,,0,45,,8336,30,,,0,85,,8335,30,,,0,83,,8334,30,,,0,80,,8319,30,,,0,40,,8320,30,,,0,80,,8321,30,,,0,80,,8322,30,,,0,40,,8323,30,,,0,80,,8324,30,,,0,80,,8325,30,,,0,41,,8326,30,,,0,81,,8327,30,,,0,80,,8328,30,,,0,40,,8329,30,,,0,82,,8330,30,,,0,82,,8331,30,,,0,38,,8332,30,,,0,82,,8333,30,,,0
501,'4653',605,,8730,2,,,0,27,,8731,2,,,0,73,,8732,2,,,0,30,,8733,2,,,0,76,,8734,2,,,0,35,,8735,2,,,0,76,,8736,2,,,0,35,,8737,2,,,0,74,,8738,2,,,0,72,,8739,2,,,0,34,,8740,2,,,0,75,,8741,2,,,0,35,,8742,2,,,0,78,,8743,2,,,0,33,,8744,2,,,0,69,,8745,2,,,0,85,,8746,2,,,0,35,,8747,2,,,0,74,,8748,2,,,0,82,,8749,2,,,0,38,,8750,2,,,0,76,,8751,2,,,0,37,,8752,2,,,0,72,,8753,2,,,0,104,,8754,2,,,0,100,,8755,2,,,0,107,,8756,2,,,0
501,'5475',2339,,8757,2,,,0,100,,8758,2,,,0,100,,8759,2,,,0,100,,8760,2,,,0
501,'5527',638,,8784,2,,,0,97,,8785,2,,,0,88,,8763,2,,,0,27,,8764,2,,,0,79,,8761,2,,,0,75,,8762,2,,,0,29,,8765,2,,,0,74,,8766,2,,,0,32,,8767,2,,,0,74,,8768,2,,,0,40,,8769,2,,,0,75,,8770,2,,,0,75,,8771,2,,,0,41,,8772,2,,,0,75,,8773,2,,,0,30,,8774,2,,,0,76,,8775,2,,,0,76,,8776,2,,,0,36,,8777,2,,,0,88,,8778,2,,,0,75,,8779,2,,,0,37,,8781,2,,,0,92,,8782,2,,,0,102,,8783,2,,,0,101,,8780,2,,,0
501,'5565',618,,8787,2,,,0,95,,8786,2,,,0,46,,8800,2,,,0,92,,8788,2,,,0,93,,8789,2,,,0,94,,8790,2,,,0,94,,8791,2,,,0,99,,8792,2,,,0,99,,8794,2,,,0,100,,8795,2,,,0,99,,8796,2,,,0,106,,8793,2,,,0,97,,8797,2,,,0,99,,8798,2,,,0,102,,8799,2,,,0
700,'5527',525,,8867,2,0,22 23,0,100,,8868,2,0,22 23,0,199,,8869,2,0,22 23,0,200,,8870,2,0,22 23,0,199,,8871,2,0,22 23,0,400,,8873,2,0,22 23,0,402,,8875,2,0,22 23,0
900,'5527',1648,,8917,2,0,34 2 13 14,0
1201,'4653',701,,8948,2,,,0,41,,8949,2,,,0,84,,8950,2,,,0,77,,8951,2,,,0,114,,8952,2,,,0,117,,8953,2,,,0,125,,8954,2,,,0,167,,8955,2,,,0,174,,8956,2,,,0,41,,8957,2,,,0,85,,8958,2,,,0
2400,'4653',1431,,9054,2,0,15 16 11,0
2600,'4653',1426,,9056,2,0,13 14 11,0
2601,'4653',715,,9057,2,0,13 14 11,0
1000700,'5527',725,,10219,2,0,24,0,199,,10220,2,0,24,0,199,,10221,2,0,24,0,200,,10222,2,0,24,0,401,,10224,2,0,24,0,201,,10225,2,0,24,0,200,,10226,2,0,24,0
