200,'4653',555,,8228,32,,,0,71,,8229,32,,,0,28,,8230,32,,,0,58,,8231,32,,,0,16,,8232,32,,,0,17,,8233,32,,,0,57,,8234,32,,,0,16,,8235,32,,,0,15,,8236,32,,,0,15,,8237,32,,,0,56,,8276,32,,,0,21,,8238,32,,,0,25,,8239,32,,,0,65,,8240,32,,,0,25,,8241,32,,,0,65,,8242,32,,,0,26,,8243,32,,,0,25,,8244,32,,,0,65,,8245,32,,,0,25,,8246,32,,,0,66,,8247,32,,,0,23,,8248,32,,,0,23,,8249,32,,,0,66,,8250,32,,,0,25,,8251,32,,,0,63,,8252,32,,,0,15,,8253,32,,,0,16,,8254,32,,,0,15,,8255,32,,,0,55,,8256,32,,,0,15,,8257,32,,,0,15,,8258,32,,,0,15,,8259,32,,,0,55,,8260,32,,,0,15,,8261,32,,,0,14,,8262,32,,,0,58,,8263,32,,,0,20,,8264,32,,,0,20,,8265,32,,,0,61,,8266,32,,,0,20,,8267,32,,,0,20,,8268,32,,,0,60,,8269,32,,,0,20,,8270,32,,,0,20,,8271,32,,,0,65,,8272,32,,,0,30,,8273,32,,,0,70,,8274,32,,,0,30,,8275,32,,,0
200,'5394',618,,8287,32,,,0,84,,8288,32,,,0,34,,8289,32,,,0,70,,8290,32,,,0,30,,8291,32,,,0,69,,8292,32,,,0,30,,8293,32,,,0,70,,8294,32,,,0,30,,8295,32,,,0,68,,8296,32,,,0,30,,8297,32,,,0,70,,8298,32,,,0,30,,8299,32,,,0,70,,8300,32,,,0,30,,8301,32,,,0,70,,8302,32,,,0,30,,8303,32,,,0,70,,8304,32,,,0,30,,8305,32,,,0,70,,8306,32,,,0,30,,8307,32,,,0,70,,8308,32,,,0,30,,8309,32,,,0,70,,8310,32,,,0,31,,8311,32,,,0,70,,8312,32,,,0,31,,8313,32,,,0,70,,8314,32,,,0,35,,8315,32,,,0,83,,8316,32,,,0,82,,8317,32,,,0,36,,8318,32,,,0
200,'5475',2306,,8277,32,,,0,30,,8278,32,,,0,70,,8279,32,,,0,30,,8280,32,,,0,70,,8281,32,,,0,30,,8282,32,,,0,70,,8283,32,,,0,30,,8284,32,,,0,70,,8285,32,,,0,30,,8286,32,0,17 10,0
200,'5565',654,,8340,32,,,0,85,,8339,32,,,0,85,,8338,32,,,0,85,,8337,32,,,0,45,,8336,32,,,0,85,,8335,32,,,0,83,,8334,32,,,0,80,,8319,32,,,0,40,,8320,32,,,0,80,,8321,32,,,0,80,,8322,32,,,0,40,,8323,32,,,0,80,,8324,32,,,0,80,,8325,32,,,0,41,,8326,32,,,0,81,,8327,32,,,0,80,,8328,32,,,0,40,,8329,32,,,0,82,,8330,32,,,0,82,,8331,32,,,0,38,,8332,32,,,0,82,,8333,32,,,0
501,'4653',606,,8730,4,,,0,27,,8731,4,,,0,73,,8732,4,,,0,30,,8733,4,,,0,76,,8734,4,,,0,35,,8735,4,,,0,76,,8736,4,,,0,35,,8737,4,,,0,74,,8738,4,,,0,72,,8739,4,,,0,34,,8740,4,,,0,75,,8741,4,,,0,35,,8742,4,,,0,78,,8743,4,,,0,33,,8744,4,,,0,70,,8745,4,,,0,84,,8746,4,,,0,35,,8747,4,,,0,74,,8748,4,,,0,82,,8749,4,,,0,38,,8750,4,,,0,76,,8751,4,,,0,37,,8752,4,,,0,72,,8753,4,,,0,104,,8754,4,,,0,100,,8755,4,,,0,107,,8756,4,,,0
501,'5394',639,,8784,4,,,0,97,,8785,4,,,0,88,,8763,4,,,0,27,,8764,4,,,0,79,,8761,4,,,0,75,,8762,4,,,0,29,,8765,4,,,0,74,,8766,4,,,0,32,,8767,4,,,0,74,,8768,4,,,0,40,,8769,4,,,0,75,,8770,4,,,0,75,,8771,4,,,0,41,,8772,4,,,0,75,,8773,4,,,0,30,,8774,4,,,0,76,,8775,4,,,0,76,,8776,4,,,0,36,,8777,4,,,0,88,,8778,4,,,0,75,,8779,4,,,0,37,,8781,4,,,0,92,,8782,4,,,0,102,,8783,4,,,0,101,,8780,4,,,0
501,'5475',2340,,8757,4,,,0,100,,8758,4,,,0,100,,8759,4,,,0,100,,8760,4,,,0
501,'5565',619,,8787,4,,,0,95,,8786,4,,,0,86,,8800,4,,,0,52,,8788,4,,,0,93,,8789,4,,,0,94,,8790,4,,,0,94,,8791,4,,,0,99,,8792,4,,,0,99,,8794,4,,,0,100,,8795,4,,,0,99,,8796,4,,,0,106,,8793,4,,,0,97,,8797,4,,,0,99,,8798,4,,,0,102,,8799,4,,,0
900,'5394',1649,,8917,4,0,34 2 13 14,0
1201,'4653',702,,8948,4,,,0,41,,8949,4,,,0,84,,8950,4,,,0,77,,8951,4,,,0,114,,8952,4,,,0,117,,8953,4,,,0,165,,8954,4,,,0,128,,8955,4,,,0,173,,8956,4,,,0,41,,8957,4,,,0,85,,8958,4,,,0
2400,'4653',1431,,9054,4,0,15 16 11,0
2600,'4653',1428,,9056,4,0,13 14 11,0
2601,'4653',716,,9057,4,0,13 14 11,0
