201,'4528',511,,6517,18,,,0,35,,6518,18,,,0,78,,6519,18,,,0,35,,6520,18,,,0,58,,4134,18,,,0,16,,6521,18,,,0,17,,6522,18,,,0,55,,6523,18,,,0,15,,6524,18,,,0,18,,6525,18,,,0,16,,6526,18,,,0,59,,6527,18,,,0,19,,6528,18,,,0,19,,6529,18,,,0,62,,6530,18,,,0,22,,6531,18,,,0,65,,6532,18,,,0,24,,6533,18,,,0,21,,6534,18,,,0,62,,6535,18,,,0,23,,6536,18,,,0,23,,6537,18,,,0,62,,6538,18,,,0,22,,6539,18,,,0,22,,6540,18,,,0,65,,6541,18,,,0,16,,6542,18,,,0,15,,6543,18,,,0,54,,6544,18,,,0,15,,6545,18,,,0,15,,6546,18,,,0,15,,6547,18,,,0,54,,6549,18,,,0,14,,6548,18,,,0,14,,6550,18,,,0,15,,6551,18,,,0,55,,6552,18,,,0,17,,6553,18,,,0,22,,6554,18,,,0,60,,6555,18,,,0,25,,6556,18,,,0,23,,6564,18,,,0,64,,6557,18,,,0,26,,6558,18,,,0,65,,6559,18,,,0,25,,6565,18,,,0,25,,6560,18,,,0,68,,6561,18,,,0,32,,6562,18,,,0,74,,6563,18,,,0
201,'4532',733,,4184,18,,,0,291,,4188,18,,,0,324,,4192,18,,,0,367,,4202,18,,,0
201,'5560',615,,4212,18,,,0,40,,4213,18,,,0,79,,4214,18,,,0,80,,4215,18,,,0,86,,4216,18,,,0,46,,4217,18,,,0,79,,4218,18,,,0,81,,4219,18,,,0,37,,4232,18,,,0,80,,4220,18,,,0,79,,4221,18,,,0,38,,4222,18,,,0,80,,4223,18,,,0,80,,4224,18,,,0,40,,4225,18,,,0,80,,4226,18,,,0,80,,4227,18,,,0,41,,4229,18,,,0,79,,4228,18,,,0,80,,4230,18,,,0,40,,4231,18,,,0,85,,4234,18,,,0,99,,4233,18,,,0
201,'5562',559,,6567,18,,,0,71,,6568,18,,,0,28,,6569,18,,,0,150,,6570,18,,,0,34,,6566,18,,,0,71,,6571,18,,,0,34,,6572,18,,,0,107,,6573,18,,,0,70,,6574,18,,,0,29,,6575,18,,,0,69,,6576,18,,,0,28,,6577,18,,,0,69,,6578,18,,,0,99,,6579,18,,,0,30,,6580,18,,,0,70,,6581,18,,,0,31,,6582,18,,,0,70,,6583,18,,,0,26,,6584,18,,,0,100,,6586,18,,,0,76,,6587,18,,,0,36,,6588,18,,,0,77,,6585,18,,,0,76,,6589,18,,,0,37,,6591,18,,,0,75,,6590,18,,,0,35,,6592,18,,,0,76,,6593,18,,,0
201,'5563',615,,6594,18,,,0,40,,6595,18,,,0,79,,6596,18,,,0,80,,6597,18,,,0,86,,6598,18,,,0,46,,6599,18,,,0,79,,6600,18,,,0,81,,6601,18,,,0,37,,6614,18,,,0,80,,6602,18,,,0,79,,6603,18,,,0,38,,6604,18,,,0,80,,6605,18,,,0,80,,6606,18,,,0,40,,6607,18,,,0,80,,6608,18,,,0,80,,6609,18,,,0,41,,6611,18,,,0,79,,6610,18,,,0,80,,6612,18,,,0,40,,6613,18,,,0,85,,6616,18,,,0,99,,6615,18,,,0
500,'4528',619,,6788,16,,,0,84,,6789,16,,,0,37,,6790,16,,,0,75,,6791,16,,,0,35,,6792,16,,,0,73,,6793,16,,,0,36,,6794,16,,,0,76,,6795,16,,,0,78,,6796,16,,,0,37,,6797,16,,,0,76,,6798,16,,,0,75,,6799,16,,,0,36,,6800,16,,,0,76,,6801,16,,,0,37,,6802,16,,,0,80,,6803,16,,,0,75,,6804,16,,,0,34,,6805,16,,,0,80,,6806,16,,,0,34,,6807,16,,,0,69,,6808,16,,,0,35,,4446,16,,,0,73,,6809,16,,,0,73,,6810,16,,,0,35,,6811,16,,,0,69,,6812,16,,,0,97,,6813,16,,,0,100,,6814,16,,,0
500,'5560',645,,4479,16,,,0,103,,4480,16,,,0,96,,4481,16,,,0,92,,4493,16,,,0,97,,4482,16,,,0,90,,4483,16,,,0,103,,4485,16,,,0,96,,4486,16,,,0,101,,4487,16,,,0,102,,4484,16,,,0,100,,4488,16,,,0,97,,4489,16,,,0,103,,4490,16,,,0,95,,4491,16,,,0,93,,4492,16,,,0
500,'5562',621,,6839,16,,,0,95,,6838,16,,,0,92,,6837,16,,,0,102,,6840,16,,,0,92,,6815,16,,,0,33,,6816,16,,,0,81,,6817,16,,,0,37,,6818,16,,,0,71,,6820,16,,,0,35,,6821,16,,,0,75,,6822,16,,,0,75,,6819,16,,,0,40,,6823,16,,,0,77,,6824,16,,,0,75,,6825,16,,,0,40,,6826,16,,,0,75,,6827,16,,,0,28,,6828,16,,,0,75,,6829,16,,,0,33,,6830,16,,,0,73,,6831,16,,,0,83,,6832,16,,,0,34,,6833,16,,,0,75,,6834,16,,,0,88,,6835,16,,,0,99,,6836,16,,,0
500,'5563',645,,6841,16,,,0,103,,6842,16,,,0,96,,6843,16,,,0,92,,6855,16,,,0,97,,6844,16,,,0,90,,6845,16,,,0,103,,6847,16,,,0,96,,6848,16,,,0,101,,6849,16,,,0,102,,6846,16,,,0,100,,6850,16,,,0,97,,6851,16,,,0,103,,6852,16,,,0,95,,6853,16,,,0,93,,6854,16,,,0
900,'5562',716,,6996,58,,,0,100,,6997,58,,,0,101,,6998,58,,,0,101,,6999,58,,,0,105,,7000,58,,,0,96,,7001,58,,,0,106,,7002,58,,,0,100,,7003,58,,,0,200,,7005,58,,,0,104,,7006,67,,,0,194,,7008,58,,,0,95,,7009,58,,,0,99,,7010,58,,,0
1200,'4528',730,,7027,20,,,0,80,,7028,20,,,0,46,,7029,20,,,0,76,,7022,20,,,0,115,,7023,20,,,0,159,,7024,20,,,0,125,,7025,20,,,0,128,,7026,20,,,0,170,,7020,20,,,0,81,,7021,20,,,0,45,,7019,20,,,0
