100,'4653',533,,8002,20,,,0,75,,8003,20,,,0,30,,8004,20,,,0,62,,8005,20,,,0,16,,8006,20,,,0,16,,8007,20,,,0,16,,8008,20,,,0,57,,8009,20,,,0,15,,8010,20,,,0,15,,8011,20,,,0,16,,8050,20,,,0,57,,8012,20,,,0,25,,8013,20,,,0,25,,8014,20,,,0,65,,8015,20,,,0,24,,8016,20,,,0,66,,8017,20,,,0,25,,8018,20,,,0,65,,8019,20,,,0,25,,8020,20,,,0,25,,8021,20,,,0,65,,8022,20,,,0,23,,8023,20,,,0,65,,8024,20,,,0,25,,8025,20,,,0,25,,8026,20,,,0,57,,8001,20,,,0,16,,8027,20,,,0,15,,8028,20,,,0,15,,8029,20,,,0,55,,8030,20,,,0,15,,8031,20,,,0,15,,8032,20,,,0,15,,8033,20,,,0,55,,8034,20,,,0,15,,8035,20,,,0,16,,8036,20,,,0,61,,8037,20,,,0,20,,8038,20,,,0,21,,8039,20,,,0,60,,8040,20,,,0,20,,8041,20,,,0,20,,8042,20,,,0,60,,8043,20,,,0,20,,8044,20,,,0,20,,8045,20,,,0,70,,8046,20,,,0,30,,8047,20,,,0,71,,8048,20,,,0,30,,8049,20,,,0
100,'5475',2318,,8051,20,,,0,30,,8052,20,,,0,70,,8053,20,,,0,30,,8054,20,,,0,70,,8055,20,,,0,30,,8056,20,,,0,70,,8057,20,,,0,30,,8058,20,,,0,70,,8059,20,,,0
100,'5527',637,,8091,20,,,0,81,,8090,20,,,0,29,,8089,20,,,0,70,,8088,20,,,0,29,,8087,20,,,0,70,,8086,20,,,0,30,,8085,20,,,0,69,,8084,20,,,0,28,,8083,20,,,0,70,,8082,20,,,0,30,,8081,20,,,0,70,,8080,20,,,0,30,,8079,20,,,0,70,,8078,20,,,0,30,,8077,20,,,0,70,,8076,20,,,0,30,,8075,20,,,0,70,,8074,20,,,0,30,,8073,20,,,0,70,,8072,20,,,0,30,,8071,20,,,0,70,,8070,20,,,0,30,,8069,20,,,0,70,,8068,20,,,0,32,,8067,20,,,0,70,,8066,20,,,0,31,,8065,20,,,0,70,,8064,20,,,0,40,,8063,20,,,0,81,,8062,20,,,0,81,,8061,20,,,0,40,,8060,20,,,0
100,'5565',629,,8114,20,,,0,85,,8113,20,,,0,44,,8112,20,,,0,85,,8111,20,,,0,85,,8110,20,,,0,85,,8109,20,,,0,44,,8108,20,,,0,81,,8092,20,,,0,79,,8093,20,,,0,40,,8094,20,,,0,80,,8095,20,,,0,80,,8096,20,,,0,40,,8097,20,,,0,80,,8098,20,,,0,80,,8099,20,,,0,41,,8100,20,,,0,81,,8101,20,,,0,81,,8102,20,,,0,82,,8103,20,,,0,40,,8104,20,,,0,80,,8105,20,,,0,80,,8106,20,,,0,38,,8107,20,,,0,81,,8115,20,,,0
200,'4653',552,,8228,25,,,0,71,,8229,25,,,0,28,,8230,25,,,0,58,,8231,25,,,0,16,,8232,25,,,0,15,,8233,25,,,0,17,,8234,25,,,0,56,,8235,25,,,0,15,,8236,25,,,0,15,,8237,25,,,0,57,,8276,25,,,0,21,,8238,25,,,0,24,,8239,25,,,0,65,,8240,25,,,0,25,,8241,25,,,0,65,,8242,25,,,0,26,,8243,25,,,0,25,,8244,25,,,0,65,,8245,25,,,0,25,,8246,25,,,0,66,,8247,25,,,0,23,,8248,25,,,0,23,,8249,25,,,0,65,,8250,25,,,0,25,,8251,25,,,0,63,,8252,25,,,0,15,,8253,25,,,0,16,,8254,25,,,0,15,,8255,25,,,0,55,,8256,25,,,0,15,,8257,25,,,0,15,,8258,25,,,0,15,,8259,25,,,0,55,,8260,25,,,0,16,,8261,25,,,0,15,,8262,25,,,0,18,,8263,25,,,0,60,,8264,25,,,0,20,,8265,25,,,0,21,,8266,25,,,0,60,,8267,25,,,0,20,,8268,25,,,0,20,,8269,25,,,0,60,,8270,25,,,0,20,,8271,25,,,0,65,,8272,25,,,0,31,,8273,25,,,0,70,,8274,25,,,0,30,,8275,25,,,0
200,'5475',2303,,8277,25,,,0,30,,8278,25,,,0,70,,8279,25,,,0,30,,8280,25,,,0,70,,8281,25,,,0,30,,8282,25,,,0,70,,8283,25,,,0,30,,8284,25,,,0,70,,8285,25,,,0,30,,8286,25,0,17 10,0
200,'5527',615,,8287,25,,,0,44,,8288,25,,,0,74,,8289,25,,,0,69,,8290,25,,,0,30,,8291,25,,,0,69,,8292,25,,,0,30,,8293,25,,,0,70,,8294,25,,,0,29,,8295,25,,,0,28,,8296,25,,,0,70,,8297,25,,,0,30,,8298,25,,,0,70,,8299,25,,,0,30,,8300,25,,,0,70,,8301,25,,,0,30,,8302,25,,,0,70,,8303,25,,,0,30,,8304,25,,,0,70,,8305,25,,,0,30,,8306,25,,,0,70,,8307,25,,,0,30,,8308,25,,,0,70,,8309,25,,,0,30,,8310,25,,,0,72,,8311,25,,,0,70,,8312,25,,,0,31,,8313,25,,,0,70,,8314,25,,,0,35,,8315,25,,,0,83,,8316,25,,,0,82,,8317,25,,,0,36,,8318,25,,,0
200,'5565',651,,8340,25,,,0,85,,8339,25,,,0,85,,8338,25,,,0,85,,8337,25,,,0,44,,8336,25,,,0,85,,8335,25,,,0,82,,8334,25,,,0,40,,8319,25,,,0,80,,8320,25,,,0,80,,8321,25,,,0,40,,8322,25,,,0,80,,8323,25,,,0,80,,8324,25,,,0,40,,8325,25,,,0,81,,8326,25,,,0,81,,8327,25,,,0,81,,8328,25,,,0,40,,8329,25,,,0,82,,8330,25,,,0,82,,8331,25,,,0,38,,8332,25,,,0,83,,8333,25,,,0
1701,'4653',651,,8973,37,,,0,76,,8974,37,,,0,95,,8975,37,,,0,729,,8976,37,,,0,84,,8977,37,,,0,86,,8978,37,,,0,81,,8979,37,,,0,41,,8980,37,,,0
2100,'4653',700,,8981,29,,,0,48,,8982,29,,,0,85,,8983,29,,,0,86,,8984,29,,,0,89,,8985,29,,,0,46,,8986,29,,,0,93,,8987,29,,,0,168,,8988,29,,,0,128,,8989,29,,,0,285,,8990,29,,,0,82,,8991,29,,,0,101,,8992,29,,,0,119,,8993,29,,,0
2100,'5475',2138,,8994,29,,,0,170,,8995,29,,,0,135,,8996,29,,,0
2100,'5527',831,,9004,29,,,0,126,,9006,29,,,0,181,,9005,29,,,0,170,,9000,29,,,0,125,,9001,29,,,0,106,,9002,29,,,0,100,,9003,29,,,0,100,,8998,29,,,0,168,,8999,29,,,0,132,,8997,29,,,0
2100,'5565',902,,9014,29,,,0,106,,9015,29,,,0,133,,9007,29,,,0,172,,9009,29,,,0,134,,9008,29,,,0,176,,9010,29,,,0,130,,9011,29,,,0,165,,9012,29,,,0,125,,9013,29,,,0
2201,'4653',813,,9052,29,,,0,691,,9053,29,,,0
1002100,'4653',1553,,10234,34,,,0,77,,10235,34,,,0
