101,'4528',541,,6319,11,,,0,67,,6320,11,,,0,30,,6321,11,,,0,69,,6322,11,,,0,22,,6318,11,,,0,15,,6323,11,,,0,15,,6324,11,,,0,61,,6325,11,,,0,21,,6326,11,,,0,62,,6327,11,,,0,21,,6328,11,,,0,21,,6329,11,,,0,61,,6330,11,,,0,22,,6331,11,,,0,21,,6332,11,,,0,62,,6333,11,,,0,23,,6334,11,,,0,21,,6335,11,,,0,61,,6336,11,,,0,22,,6337,11,,,0,66,,6338,11,,,0,26,,6339,11,,,0,20,,6340,11,,,0,64,,6341,11,,,0,18,,6342,11,,,0,15,,6343,11,,,0,56,,6344,11,,,0,15,,6345,11,,,0,15,,6346,11,,,0,15,,6347,11,,,0,55,,6348,11,,,0,15,,6349,11,,,0,15,,6350,11,,,0,14,,6351,11,,,0,55,,6352,11,,,0,15,,6353,11,,,0,13,,6354,11,,,0,13,,6355,11,,,0,61,,6356,11,,,0,20,,6357,11,,,0,20,,6358,11,,,0,60,,6366,11,,,0,29,,6359,11,,,0,25,,6360,11,,,0,67,,6361,11,,,0,24,,6367,11,,,0,63,,6362,11,,,0,30,,6363,11,,,0,77,,6364,11,,,0,32,,6365,11,,,0
101,'4532',616,,3973,11,,,0,239,,3977,11,,,0,352,,3983,11,,,0,329,,3990,11,,,0
101,'5560',617,,4004,11,,,0,40,,4005,11,,,0,85,,4006,11,,,0,80,,4007,11,,,0,79,,4008,11,,,0,36,,4009,11,,,0,94,,4010,11,,,0,88,,4011,11,,,0,84,,4012,11,,,0,40,,4013,11,,,0,80,,4014,11,,,0,79,,4015,11,,,0,40,,4016,11,,,0,80,,4017,11,,,0,80,,4018,11,,,0,40,,4019,11,,,0,81,,4020,11,,,0,81,,4021,11,,,0,43,,4022,11,,,0,80,,4023,11,,,0,81,,4024,11,,,0,43,,4025,11,,,0
101,'5562',651,,6368,11,,,0,70,,6369,11,,,0,32,,6370,11,,,0,67,,6371,11,,,0,117,,6372,11,,,0,74,,6373,11,,,0,32,,6374,11,,,0,68,,6375,11,,,0,29,,6376,11,,,0,95,,6377,11,,,0,70,,6378,11,,,0,30,,6379,11,,,0,70,,6380,11,,,0,30,,6381,11,,,0,70,,6382,11,,,0,101,,6383,11,,,0,30,,6384,11,,,0,69,,6385,11,,,0,28,,6386,11,,,0,70,,6387,11,,,0,38,,6388,11,,,0,79,,6389,11,,,0,38,,6390,11,,,0,76,,6391,11,,,0,76,,6392,11,,,0,35,,6393,11,,,0,72,,6395,11,,,0,35,,6394,11,,,0
101,'5563',617,,6396,11,,,0,40,,6397,11,,,0,85,,6398,11,,,0,80,,6399,11,,,0,79,,6400,11,,,0,36,,6401,11,,,0,94,,6402,11,,,0,88,,6403,11,,,0,84,,6404,11,,,0,40,,6405,11,,,0,80,,6406,11,,,0,79,,6407,11,,,0,40,,6408,11,,,0,80,,6409,11,,,0,80,,6410,11,,,0,40,,6411,11,,,0,81,,6412,11,,,0,81,,6413,11,,,0,43,,6414,11,,,0,80,,6415,11,,,0,81,,6416,11,,,0,43,,6417,11,,,0
200,'4528',557,,6418,37,,,0,74,,6419,37,,,0,69,,6420,37,,,0,32,,6421,37,,,0,17,,6422,37,,,0,55,,6423,37,,,0,23,,6424,37,,,0,16,,6425,37,,,0,58,,6426,37,,,0,21,,6427,37,,,0,21,,6428,37,,,0,63,,6429,37,,,0,21,,6430,37,,,0,21,,6431,37,,,0,62,,6432,37,,,0,23,,6433,37,,,0,23,,6434,37,,,0,62,,6435,37,,,0,23,,6436,37,,,0,62,,6437,37,,,0,21,,6438,37,,,0,23,,6439,37,,,0,66,,6440,37,,,0,26,,6441,37,,,0,20,,6442,37,,,0,66,,6443,37,,,0,18,,6444,37,,,0,15,,6445,37,,,0,56,,6446,37,,,0,15,,6447,37,,,0,14,,6448,37,,,0,15,,6449,37,,,0,55,,6450,37,,,0,14,,6451,37,,,0,15,,6452,37,,,0,14,,6453,37,,,0,55,,6454,37,,,0,18,,6455,37,,,0,19,,6456,37,,,0,60,,6457,37,,,0,20,,6458,37,,,0,19,,6459,37,,,0,60,,6465,37,,,0,29,,6460,37,,,0,64,,6461,37,,,0,25,,6462,37,,,0,23,,6466,37,,,0,61,,6463,37,,,0,29,,6464,37,,,0
200,'4532',705,,4076,37,,,0,248,,4081,37,,,0,362,,4088,37,,,0,329,,4095,37,,,0
200,'5560',629,,4106,37,,,0,75,,4107,37,,,0,41,,4108,37,,,0,86,,4109,37,,,0,81,,4110,37,,,0,43,,4111,37,,,0,82,,4112,37,,,0,96,,4113,37,,,0,90,,4114,37,,,0,86,,4115,37,,,0,41,,4116,37,,,0,80,,4117,37,,,0,80,,4118,37,,,0,40,,4119,37,,,0,80,,4120,37,,,0,80,,4121,37,,,0,38,,4122,37,,,0,80,,4123,37,,,0,79,,4124,37,,,0,38,,4125,37,,,0,79,,4126,37,,,0,80,,4128,37,,,0,38,,4127,37,,,0
200,'5562',630,,6467,37,,,0,110,,6468,37,,,0,72,,6469,37,,,0,33,,6470,37,,,0,71,,6471,37,,,0,121,,6472,37,,,0,76,,6473,37,,,0,33,,6474,37,,,0,71,,6476,37,,,0,30,,6477,37,,,0,98,,6475,37,,,0,70,,6478,37,,,0,30,,6479,37,,,0,70,,6480,37,,,0,29,,6481,37,,,0,70,,6482,37,,,0,99,,6484,37,,,0,29,,6483,37,,,0,68,,6485,37,,,0,27,,6486,37,,,0,68,,6487,37,,,0,35,,6488,37,,,0,78,,6489,37,,,0,35,,6490,37,,,0,75,,6491,37,,,0,74,,6492,37,,,0,33,,6493,37,,,0
200,'5563',629,,6494,37,,,0,75,,6495,37,,,0,41,,6496,37,,,0,86,,6497,37,,,0,81,,6498,37,,,0,43,,6499,37,,,0,82,,6500,37,,,0,96,,6501,37,,,0,90,,6502,37,,,0,86,,6503,37,,,0,41,,6504,37,,,0,80,,6505,37,,,0,80,,6506,37,,,0,40,,6507,37,,,0,80,,6508,37,,,0,80,,6509,37,,,0,38,,6510,37,,,0,80,,6511,37,,,0,79,,6512,37,,,0,38,,6513,37,,,0,79,,6514,37,,,0,80,,6516,37,,,0,38,,6515,37,,,0
301,'4528',551,,6686,17,,,0,80,,6687,17,,,0,76,,6688,17,,,0,31,,6689,17,,,0,75,,6690,17,,,0,35,,6691,17,,,0,75,,6692,17,,,0,36,,6693,17,,,0,76,,6685,17,,,0,75,,6694,17,,,0,35,,6695,17,,,0,75,,6696,17,,,0,36,,6697,17,,,0,75,,6698,17,,,0,75,,6699,17,,,0,40,,6700,17,,,0,75,,6701,17,,,0,35,,6702,17,,,0,80,,6703,17,,,0,76,,6704,17,,,0,32,,6705,17,,,0,75,,4325,17,,,0,35,,6706,17,,,0,74,,6707,17,,,0,75,,6708,17,,,0,29,,6709,17,,,0,100,,6710,17,,,0,100,,6711,17,,,0,99,,6712,17,0,17 10,0
301,'5560',616,,4363,17,,,0,101,,4364,17,,,0,95,,4366,17,,,0,91,,4375,17,,,0,55,,4361,17,,,0,90,,4367,17,,,0,101,,4368,17,,,0,95,,4365,17,,,0,101,,4369,17,,,0,101,,4370,17,,,0,100,,4371,17,,,0,99,,4372,17,,,0,104,,4373,17,,,0,96,,4374,17,,,0,93,,4360,17,,,0,100,,4362,17,0,17 10,0
301,'5562',551,,6738,17,,,0,95,,6737,17,,,0,90,,6736,17,,,0,100,,6739,17,,,0,92,,6713,17,,,0,31,,6714,17,,,0,80,,6715,17,,,0,76,,6716,17,,,0,30,,6717,17,,,0,75,,6718,17,,,0,35,,6719,17,,,0,75,,6720,17,,,0,80,,6721,17,,,0,36,,6722,17,,,0,75,,6723,17,,,0,80,,6724,17,,,0,35,,6725,17,,,0,69,,6726,17,,,0,35,,6727,17,,,0,75,,6728,17,,,0,34,,6729,17,,,0,84,,6730,17,,,0,75,,6731,17,,,0,35,,6732,17,,,0,89,,6733,17,,,0,100,,6734,17,,,0,99,,6735,17,0,17 10,0
301,'5563',615,,6743,17,,,0,101,,6744,17,,,0,95,,6746,17,,,0,91,,6755,17,,,0,56,,6741,17,,,0,90,,6747,17,,,0,101,,6748,17,,,0,95,,6745,17,,,0,101,,6749,17,,,0,101,,6750,17,,,0,100,,6751,17,,,0,99,,6752,17,,,0,104,,6753,17,,,0,96,,6754,17,,,0,93,,6740,17,,,0,100,,6742,17,0,17 10,0
900,'5562',1653,,7006,9,0,34 2 13 14,0
