3101,'4653',621,,9087,2,,,0,85,,9088,2,,,0,29,,9089,2,,,0,72,,9090,2,,,0,34,,9091,2,,,0,87,,9092,2,,,0,103,,9093,2,,,0,110,,9094,2,,,0,110,,9095,2,,,0,155,,9096,2,,,0,114,,9097,2,,,0,81,,9098,2,,,0,35,,9099,2,,,0,77,,9100,2,,,0,34,,9101,2,,,0,71,,9102,2,,,0,18,,9103,2,,,0
3101,'5394',756,,9107,2,,,0,103,,9106,2,,,0,142,,9104,2,,,0,110,,9111,2,,,0,110,,9112,2,,,0,110,,9105,2,,,0,115,,9110,2,,,0,155,,9108,2,,,0,110,,9109,2,,,0,110,,9113,2,,,0
3101,'5565',756,,9120,2,,,0,247,,9117,2,,,0,218,,9114,2,,,0,110,,9118,2,,,0,115,,9116,2,,,0,155,,9119,2,,,0,110,,9115,2,,,0
3201,'4653',551,,9121,2,0,5 49,0,70,,9122,2,0,5 49,0,30,,9123,2,0,5 49,0,68,,9124,2,0,5 49,0,31,,9125,2,0,5 49,0,74,,9126,2,0,5 49,0,33,,9127,2,0,5 49,0,71,,9128,2,0,5 49,0,31,,9129,2,0,5 49,0,72,,9130,2,0,5 49,0,75,,9131,2,0,5 49,0,35,,9132,2,0,5 49,0,75,,9133,2,0,5 49,0,35,,9134,2,0,5 49,0,75,,9135,2,0,5 49,0,80,,9136,2,0,5 49,0,37,,9137,2,0,5 49,0,78,,9138,2,0,5 49,0,80,,9139,2,0,5 49,0,35,,9140,2,0,5 49,0,77,,9141,2,0,5 49,0,33,,9142,2,0,5 49,0,72,,9143,2,0,5 49,0,38,,9144,2,0,5 49,0,86,,9145,2,0,5 49,0,70,,9146,2,0,5 49,0,94,,9147,2,0,5 49,0,105,,9148,2,0,5 49,0
3201,'5394',756,,9165,2,0,5 49,0,70,,9156,2,0,5 49,0,33,,9176,2,0,5 49,0,72,,9154,2,0,5 49,0,70,,9157,2,0,5 49,0,35,,9162,2,0,5 49,0,75,,9155,2,0,5 49,0,35,,9174,2,0,5 49,0,75,,9159,2,0,5 49,0,35,,9158,2,0,5 49,0,75,,9163,2,0,5 49,0,75,,9160,2,0,5 49,0,40,,9175,2,0,5 49,0,75,,9164,2,0,5 49,0,80,,9161,2,0,5 49,0,35,,9170,2,0,5 49,0,75,,9166,2,0,5 49,0,35,,9177,2,0,5 49,0,75,,9167,2,0,5 49,0,35,,9169,2,0,5 49,0,85,,9168,2,0,5 49,0,70,,9172,2,0,5 49,0,30,,9171,2,0,5 49,0,170,,9173,2,0,5 49,0
3201,'5475',2321,,9149,2,0,5 49,0,100,,9150,2,0,5 49,0,100,,9151,2,0,5 49,0,100,,9152,2,0,5 49,0,100,,9153,2,0,5 49,0
3201,'5565',756,,9192,2,0,5 49,0,103,,9191,2,0,5 49,0,144,,9186,2,0,5 49,0,33,,9193,2,0,5 49,0,75,,9180,2,0,5 49,0,35,,9179,2,0,5 49,0,75,,9187,2,0,5 49,0,35,,9178,2,0,5 49,0,75,,9188,2,0,5 49,0,75,,9183,2,0,5 49,0,40,,9189,2,0,5 49,0,75,,9184,2,0,5 49,0,80,,9185,2,0,5 49,0,35,,9182,2,0,5 49,0,75,,9190,2,0,5 49,0,35,,9181,2,0,5 49,0,110,,9194,2,0,5 49,0,155,,9195,2,0,5 49,0
3501,'4653',713,,9341,6,,,0,29,,9337,6,,,0,65,,9338,6,,,0,34,,9339,6,,,0,395,,9340,6,,,0,304,,9336,6,,,0,295,,9335,6,,,0,120,,9334,6,,,0
3501,'5394',841,,9343,6,,,0,396,,9346,6,,,0,280,,9342,6,,,0,224,,9344,6,,,0,160,,9345,6,,,0
3501,'5565',841,,9348,6,,,0,396,,9347,6,,,0,280,,9351,6,,,0,225,,9349,6,,,0,159,,9350,6,,,0
3900,'4653',626,,9360,2,,,0,321,,9356,32,0,7 8,0,97,,9357,31,0,7 8,0,159,,9358,32,0,7 8,0,135,,9359,31,0,7 8,0,170,,9354,32,0,7 8,0,150,,9355,32,0,7 8,0,150,,9352,32,0,7 8,0,114,,9353,31,0,7 8,0
3900,'5394',930,,9362,31,0,7 8,0,122,,9363,31,0,7 8,0,106,,9361,31,0,7 8,0,176,,9364,31,0,7 8,0,110,,9366,31,0,7 8,0,169,,9365,31,0,7 8,0,104,,9368,31,0,7 8,0,112,,9367,31,0,7 8,0
3900,'5565',927,,9372,31,0,7 8,0,121,,9375,31,0,7 8,0,107,,9370,31,0,7 8,0,177,,9369,31,0,7 8,0,110,,9373,31,0,7 8,0,169,,9371,31,0,7 8,0,104,,9376,31,0,7 8,0,114,,9374,31,0,7 8,0
1003101,'4653',651,,10287,2,,,0,68,,10288,2,,,0,31,,10289,2,,,0,74,,10290,2,,,0,33,,10291,2,,,0,102,,10292,2,,,0,147,,10293,2,,,0,110,,10294,2,,,0,110,,10295,2,,,0,115,,10296,2,,,0,100,,10297,2,,,0,77,,10298,2,,,0,37,,10299,2,,,0,75,,10300,2,,,0,72,,10301,2,,,0,51,,10302,2,,,0,90,,10303,2,,,0,163,,10304,2,,,0,110,,10305,2,,,0
1003101,'5394',826,,10316,2,,,0,105,,10322,2,,,0,105,,10311,2,,,0,110,,10312,2,,,0,110,,10313,2,,,0,150,,10315,2,,,0,115,,10320,2,,,0,115,,10318,2,,,0,110,,10317,2,,,0,110,,10314,2,,,0,155,,10319,2,,,0,100,,10321,2,,,0
1003101,'5475',2251,,10306,2,,,0,100,,10307,2,,,0,100,,10308,2,,,0,100,,10309,2,,,0,100,,10310,2,,,0
1003101,'5565',859,,10330,2,,,0,252,,10329,2,,,0,35,,10323,2,,,0,110,,10325,2,,,0,150,,10326,2,,,0,115,,10327,2,,,0,115,,10328,2,,,0,110,,10324,2,,,0,110,,10331,2,,,0,155,,10332,2,,,0,100,,10333,2,,,0
