401,'4528',627,,6764,45,,,0,108,,4390,45,,,0,19,,6759,45,,,0,85,,6760,45,,,0,97,,4386,45,,,0,100,,6761,45,,,0,101,,4388,45,,,0,100,,6762,45,,,0,101,,4391,45,,,0,101,,6763,45,,,0,99,,4380,45,,,0,104,,6757,45,,,0,96,,4382,45,,,0,98,,6758,45,,,0,100,,4377,45,,,0,100,,6756,45,,,0,99,,4379,45,,,0,121,,4376,45,,,0
401,'5221',625,,4424,45,,,0,108,,4411,45,,,0,201,,4413,45,,,0,200,,4415,45,,,0,201,,4417,45,,,0,200,,4419,45,,,0,200,,4421,45,,,0,200,,4423,45,,,0
401,'5560',833,,4412,45,,,0,201,,4414,45,,,0,201,,4416,45,,,0,200,,4418,45,,,0,200,,4420,45,,,0,200,,4422,45,,,0
401,'5562',626,,6777,45,,,0,108,,6780,45,,,0,100,,6781,45,,,0,100,,6765,45,,,0,101,,6766,45,,,0,101,,6778,45,,,0,100,,6776,45,,,0,100,,6775,45,,,0,100,,6774,45,,,0,100,,6770,45,,,0,100,,6773,45,,,0,100,,6772,45,,,0,99,,6771,45,,,0,100,,6769,45,,,0,100,,6768,45,,,0,99,,6767,45,,,0,122,,6779,45,,,0
401,'5563',833,,6782,45,,,0,201,,6783,45,,,0,201,,6784,45,,,0,200,,6785,45,,,0,200,,6786,45,,,0,200,,6787,45,,,0
1501,'4528',648,,4714,45,,,0,83,,4716,45,,,0,124,,4713,45,,,0,680,,7043,45,,,0,206,,7042,45,,,0,88,,7041,45,,,0
1501,'5562',953,,7044,45,,,0,171,,7045,45,,,0,429,,7046,45,,,0,171,,7047,45,,,0
3101,'4528',640,,7147,10,,,0,84,,7148,10,,,0,31,,7150,10,,,0,71,,7151,10,,,0,33,,7149,10,,,0,87,,7153,10,,,0,106,,7154,10,,,0,150,,7155,10,,,0,111,,7152,10,,,0,115,,7156,10,,,0,115,,7157,10,,,0,81,,7159,10,,,0,35,,7160,10,,,0,76,,7161,10,,,0,72,,7158,10,,,0,31,,7162,10,,,0,18,,7163,10,,,0
3101,'5560',814,,4860,10,,,0,208,,4857,10,,,0,220,,4854,10,,,0,110,,4858,10,,,0,154,,4856,10,,,0,115,,4859,10,,,0,109,,4855,10,,,0
3101,'5562',813,,7167,10,,,0,104,,7166,10,,,0,103,,7164,10,,,0,112,,7171,10,,,0,110,,7172,10,,,0,110,,7165,10,,,0,155,,7170,10,,,0,115,,7168,10,,,0,110,,7169,10,,,0,108,,7173,10,,,0
3101,'5563',814,,7180,10,,,0,208,,7177,10,,,0,220,,7174,10,,,0,110,,7178,10,,,0,154,,7176,10,,,0,115,,7179,10,,,0,109,,7175,10,,,0
1003101,'4528',711,,7957,13,,,0,31,,7958,13,,,0,70,,7959,13,,,0,33,,7960,13,,,0,73,,7961,13,,,0,103,,7962,13,,,0,108,,7963,13,,,0,110,,7964,13,,,0,111,,7965,13,,,0,156,,7966,13,,,0,101,,7967,13,,,0,37,,6180,13,,,0,75,,7968,13,,,0,34,,7969,13,,,0,71,,6183,13,,,0,91,,7970,13,,,0,90,,7971,13,,,0,122,,7972,13,,,0,110,,7973,13,,,0
1003101,'5560',919,,6207,13,,,0,214,,6206,13,,,0,75,,6200,13,,,0,110,,6202,13,,,0,110,,6203,13,,,0,114,,6204,13,,,0,115,,6205,13,,,0,150,,6201,13,,,0,109,,6208,13,,,0,115,,6209,13,,,0,99,,6210,13,,,0
1003101,'5562',847,,7979,13,,,0,105,,7985,13,,,0,106,,7974,13,,,0,151,,7975,13,,,0,110,,7976,13,,,0,110,,7978,13,,,0,115,,7983,13,,,0,115,,7981,13,,,0,149,,7980,13,,,0,109,,7977,13,,,0,115,,7982,13,,,0,100,,7984,13,,,0
1003101,'5563',919,,7993,13,,,0,214,,7992,13,,,0,75,,7986,13,,,0,110,,7988,13,,,0,110,,7989,13,,,0,114,,7990,13,,,0,115,,7991,13,,,0,150,,7987,13,,,0,109,,7994,13,,,0,115,,7995,13,,,0,99,,7996,13,,,0
