5200,'4528',605,,7583,1,,,0,100,,7584,1,,,0,120,,7585,1,,,0,90,,7586,1,,,0,110,,7580,1,,,0,108,,7581,1,,,0,112,,7582,1,,,0,100,,7577,1,,,0,155,,7578,1,,,0,100,,7579,1,,,0,100,,7575,1,,,0,100,,7576,1,,,0,100,,7573,1,,,0,100,,7574,1,,,0,103,,7571,1,,,0,102,,7572,1,,,0,130,,7570,1,,,0
5200,'5560',755,,5377,1,,,0,99,,5375,1,,,0,98,,5374,1,,,0,103,,5373,1,,,0,103,,5372,1,,,0,101,,5371,1,,,0,100,,5369,1,,,0,100,,5367,1,,,0,97,,5370,1,,,0,99,,5368,1,,,0,100,,5376,1,,,0,99,,5378,1,,,0,148,,5379,1,,,0,101,,5380,1,,,0
5200,'5562',755,,7601,1,,,0,99,,7600,1,,,0,103,,7593,1,,,0,101,,7599,1,,,0,142,,7592,1,,,0,100,,7596,1,,,0,100,,7591,1,,,0,100,,7595,1,,,0,100,,7590,1,,,0,59,,7597,1,,,0,98,,7589,1,,,0,100,,7598,1,,,0,99,,7588,1,,,0,99,,7594,1,,,0,149,,7587,1,,,0
5200,'5563',755,,7612,1,,,0,99,,7610,1,,,0,98,,7609,1,,,0,103,,7608,1,,,0,103,,7607,1,,,0,101,,7606,1,,,0,100,,7604,1,,,0,100,,7602,1,,,0,97,,7605,1,,,0,99,,7603,1,,,0,100,,7611,1,,,0,99,,7613,1,,,0,148,,7614,1,,,0,101,,7615,1,,,0
5201,'4528',708,,7622,18,4,,0,96,,7623,18,4,,0,114,,7624,18,4,,0,104,,7625,18,4,,0,110,,7626,18,4,,0,100,,7627,18,4,,0,110,,7628,18,4,,0,100,,7629,18,4,,0,105,,7630,18,4,,0,100,,7631,18,4,,0,106,,7617,18,4,,0,95,,7618,18,4,,0,110,,7619,18,4,,0,100,,7620,18,4,,0,170,,7621,18,4,,0,172,,7616,18,4,,0
5201,'5560',848,,5423,18,4,,0,100,,5421,18,4,,0,100,,5414,18,4,,0,100,,5413,18,4,,0,100,,5416,18,4,,0,100,,5417,18,4,,0,100,,5415,18,4,,0,100,,5418,18,4,,0,100,,5419,18,4,,0,100,,5420,18,4,,0,110,,5422,18,4,,0,99,,5424,18,4,,0,90,,5425,18,4,,0
5201,'5562',748,,7646,18,4,,0,100,,7639,18,4,,0,100,,7645,18,4,,0,100,,7638,18,4,,0,99,,7642,18,4,,0,100,,7636,18,4,,0,100,,7643,18,4,,0,100,,7635,18,4,,0,100,,7644,18,4,,0,100,,7634,18,4,,0,100,,7641,18,4,,0,101,,7633,18,4,,0,100,,7640,18,4,,0,110,,7637,18,4,,0,169,,7632,18,4,,0,174,,7647,18,4,,0
5201,'5563',848,,7658,18,4,,0,100,,7656,18,4,,0,100,,7649,18,4,,0,100,,7648,18,4,,0,100,,7651,18,4,,0,100,,7652,18,4,,0,100,,7650,18,4,,0,100,,7653,18,4,,0,100,,7654,18,4,,0,100,,7655,18,4,,0,110,,7657,18,4,,0,99,,7659,18,4,,0,90,,7660,18,4,,0
5401,'4528',602,,7708,48,4,,0,3,,7710,1,0,38,0,97,,7710,77,4,,0,13,,7711,1,0,38,0,92,,7712,1,0,38,0,12,,7711,77,4,,0,91,,7712,77,4,,0,10,,7713,1,0,38,0,102,,7713,77,4,,0,3,,7714,1,0,38,0,103,,7714,77,4,,0,7,,7715,1,0,38,0,100,,7709,1,0,38,0,5,,7715,77,4,,0,100,,7709,77,4,,0,5,,7716,1,0,38,0,103,,7717,1,0,38,0,5,,7716,77,4,,0,97,,7718,1,0,38,0,7,,7717,77,4,,0,93,,7719,1,0,38,0,7,,7718,77,4,,0,97,,7719,77,4,,0,2,,7720,1,0,38,0,94,,7721,1,0,38,0,7,,7720,77,4,,0,94,,7721,77,4,,0,49,,7722,1,0,38,0,100,,7722,77,4,,0,2,,7723,1,0,38,0,57,,7723,77,4,,0,73,,7724,1,0,38,0,96,,7724,77,4,,0
5401,'5560',849,,5518,48,4,,0,1,,5519,1,0,38,0,97,,5519,77,4,,0,3,,5517,1,0,38,0,100,,5510,1,0,38,0,100,,5511,1,0,38,0,3,,5510,77,4,,0,97,,5512,1,0,38,0,4,,5511,77,4,,0,96,,5513,1,0,38,0,4,,5512,77,4,,0,96,,5515,1,0,38,0,4,,5513,77,4,,0,96,,5509,1,0,38,0,1,,5515,77,4,,0,99,,5514,1,0,38,0,100,,5514,77,4,,0,99,,5516,77,4,,0,51,,5520,1,0,38,0,57,,5520,77,4,,0,43,,5521,1,0,38,0,57,,5521,77,4,,0
5401,'5562',750,,7741,48,4,,0,99,,7740,77,4,,0,1,,7732,1,0,38,0,100,,7738,1,0,38,0,2,,7732,77,4,,0,98,,7731,1,0,38,0,3,,7738,77,4,,0,97,,7737,1,0,38,0,5,,7731,77,4,,0,95,,7729,1,0,38,0,5,,7737,77,4,,0,95,,7736,1,0,38,0,5,,7729,77,4,,0,95,,7728,1,0,38,0,5,,7736,77,4,,0,95,,7735,1,0,38,0,5,,7728,77,4,,0,95,,7727,1,0,38,0,4,,7735,77,4,,0,96,,7734,1,0,38,0,2,,7727,77,4,,0,98,,7726,1,0,38,0,2,,7734,77,4,,0,98,,7733,1,0,38,0,1,,7726,77,4,,0,99,,7733,77,4,,0,50,,7725,1,0,38,0,59,,7725,77,4,,0,74,,7730,1,0,38,0,98,,7730,77,4,,0,5,,7739,1,0,38,0
5401,'5563',849,,7751,48,4,,0,1,,7752,1,0,38,0,97,,7752,77,4,,0,3,,7750,1,0,38,0,100,,7743,1,0,38,0,100,,7744,1,0,38,0,3,,7743,77,4,,0,97,,7745,1,0,38,0,4,,7744,77,4,,0,96,,7746,1,0,38,0,4,,7745,77,4,,0,96,,7748,1,0,38,0,4,,7746,77,4,,0,96,,7742,1,0,38,0,1,,7748,77,4,,0,99,,7742,77,4,,0,100,,7747,77,4,,0,99,,7749,77,4,,0,51,,7753,1,0,38,0,57,,7753,77,4,,0,43,,7754,1,0,38,0,57,,7754,77,4,,0
5601,'4528',1005,,5529,1,0,52 53 54,0,305,,5534,19,4,,0,220,,5530,1,0,52 53 54,0,294,,5538,19,4,,0
5601,'4532',1025,,5547,1,0,52 53 54,0,305,,5542,19,4,,0,200,,5548,1,0,52 53 54,0,295,,5546,19,4,,0
5601,'5221',1040,,5555,1,0,52 53 54,0,115,,5549,19,4,,0,55,,5556,1,0,52 53 54,0,190,,5551,19,4,,0,155,,5557,1,0,52 53 54,0,260,,5554,19,4,,0
5700,'4528',600,,7766,1,,,0,55,,7767,1,,,0,145,,7768,1,,,0,100,,7769,1,,,0,53,,7770,1,,,0,100,,7771,1,,,0,102,,7772,1,,,0,100,,7773,1,,,0,101,,7774,1,,,0,144,,7775,1,,,0,100,,7762,1,,,0,56,,7763,1,,,0,97,,7764,1,,,0,98,,7765,1,,,0,159,,7761,1,,,0,130,,7760,1,,,0
5700,'4532',1140,,5584,1,,,0
5700,'5560',820,,5597,1,,,0,120,,5594,1,,,0,100,,5588,1,,,0,100,,5596,1,,,0,100,,5589,1,,,0,100,,5590,1,,,0,100,,5591,1,,,0,100,,5595,1,,,0,100,,5592,1,,,0,100,,5593,1,,,0,100,,5598,1,,,0,95,,5599,1,,,0
5700,'5562',820,,7787,1,,,0,120,,7784,1,,,0,100,,7780,1,,,0,200,,7782,1,,,0,100,,7783,1,,,0,100,,7778,1,,,0,100,,7786,1,,,0,100,,7785,1,,,0,100,,7779,1,,,0,100,,7781,1,,,0,170,,7776,1,,,0,130,,7777,1,,,0,100,,7788,1,,,0
5700,'5563',820,,7798,1,,,0,120,,7795,1,,,0,100,,7789,1,,,0,100,,7797,1,,,0,100,,7790,1,,,0,100,,7791,1,,,0,100,,7792,1,,,0,100,,7796,1,,,0,100,,7793,1,,,0,100,,7794,1,,,0,100,,7799,1,,,0,95,,7800,1,,,0
5701,'4528',627,,7811,27,4,,0,129,,7812,27,4,,0,93,,7813,27,4,,0,73,,7814,27,4,,0,100,,7815,27,4,,0,100,,7804,27,4,,0,101,,7805,27,4,,0,101,,7806,27,4,,0,100,,7807,27,4,,0,103,,7808,27,4,,0,97,,7809,27,4,,0,99,,7810,27,4,,0,99,,7801,27,4,,0,120,,7802,27,4,,0,170,,7803,27,4,,0
5701,'4532',1109,,5625,27,4,,0
5701,'5560',912,,5637,27,4,,0,100,,5633,27,4,,0,100,,5635,27,4,,0,100,,5628,27,4,,0,98,,5629,27,4,,0,100,,5630,27,4,,0,100,,5636,27,4,,0,100,,5631,27,4,,0,101,,5632,27,4,,0,100,,5634,27,4,,0,94,,5638,27,4,,0,100,,5639,27,4,,0
5701,'5562',911,,7826,27,4,,0,100,,7820,27,4,,0,198,,7823,27,4,,0,100,,7822,27,4,,0,100,,7817,27,4,,0,100,,7825,27,4,,0,100,,7824,27,4,,0,101,,7821,27,4,,0,102,,7816,27,4,,0,130,,7818,27,4,,0,170,,7819,27,4,,0,100,,7827,27,4,,0
5701,'5563',912,,7837,27,4,,0,100,,7833,27,4,,0,100,,7835,27,4,,0,100,,7828,27,4,,0,98,,7829,27,4,,0,100,,7830,27,4,,0,100,,7836,27,4,,0,100,,7831,27,4,,0,101,,7832,27,4,,0,100,,7834,27,4,,0,94,,7838,27,4,,0,100,,7839,27,4,,0
5801,'4528',558,,7854,20,4,,0,72,,7850,1,0,47 48,0,22,,7850,31,4,,0,148,,7851,1,0,47 48,0,26,,7851,31,4,,0,99,,7852,1,0,47 48,0,24,,7852,31,4,,0,76,,7853,1,0,47 48,0,25,,7853,31,4,,0,75,,7843,1,0,47 48,0,26,,7843,31,4,,0,75,,7844,1,0,47 48,0,26,,7844,31,4,,0,75,,7845,1,0,47 48,0,26,,7845,31,4,,0,76,,7846,1,0,47 48,0,28,,7846,31,4,,0,73,,7847,1,0,47 48,0,26,,7847,31,4,,0,71,,7848,1,0,47 48,0,26,,7848,31,4,,0,73,,7849,1,0,47 48,0,25,,7849,31,4,,0,74,,7841,1,0,47 48,0,24,,7841,31,4,,0,96,,7842,1,0,47 48,0,63,,7842,31,4,,0,107,,7840,1,0,47 48,0,22,,7840,31,4,,0
5801,'4532',1112,,5666,1,0,47 48,0,25,,5666,31,4,,0
5801,'5560',755,,5679,1,0,47 48,0,62,,5679,31,4,,0,97,,5675,1,0,47 48,0,23,,5675,31,4,,0,77,,5669,1,0,47 48,0,23,,5669,31,4,,0,77,,5677,1,0,47 48,0,23,,5677,31,4,,0,77,,5670,1,0,47 48,0,23,,5670,31,4,,0,75,,5671,1,0,47 48,0,25,,5671,31,4,,0,75,,5672,1,0,47 48,0,25,,5672,31,4,,0,75,,5678,1,0,47 48,0,25,,5678,31,4,,0,75,,5673,1,0,47 48,0,25,,5673,31,4,,0,76,,5674,1,0,47 48,0,24,,5674,31,4,,0,76,,5676,1,0,47 48,0,24,,5676,31,4,,0,73,,5680,1,0,47 48,0,22,,5680,31,4,,0,78,,5681,1,0,47 48,0,22,,5681,31,4,,0
5801,'5562',755,,7866,1,0,47 48,0,62,,7866,31,4,,0,96,,7863,1,0,47 48,0,24,,7863,31,4,,0,76,,7862,1,0,47 48,0,24,,7862,31,4,,0,175,,7858,1,0,47 48,0,25,,7858,31,4,,0,75,,7857,1,0,47 48,0,25,,7857,31,4,,0,75,,7861,1,0,47 48,0,25,,7861,31,4,,0,75,,7865,1,0,47 48,0,25,,7865,31,4,,0,75,,7864,1,0,47 48,0,25,,7864,31,4,,0,75,,7860,1,0,47 48,0,25,,7860,31,4,,0,77,,7856,1,0,47 48,0,23,,7856,31,4,,0,107,,7855,1,0,47 48,0,63,,7855,31,4,,0,107,,7859,1,0,47 48,0,23,,7859,31,4,,0,77,,7867,1,0,47 48,0,23,,7867,31,4,,0
5801,'5563',755,,7878,1,0,47 48,0,62,,7878,31,4,,0,97,,7874,1,0,47 48,0,23,,7874,31,4,,0,77,,7868,1,0,47 48,0,23,,7868,31,4,,0,77,,7876,1,0,47 48,0,23,,7876,31,4,,0,77,,7869,1,0,47 48,0,23,,7869,31,4,,0,75,,7870,1,0,47 48,0,25,,7870,31,4,,0,75,,7871,1,0,47 48,0,25,,7871,31,4,,0,75,,7877,1,0,47 48,0,25,,7877,31,4,,0,75,,7872,1,0,47 48,0,25,,7872,31,4,,0,76,,7873,1,0,47 48,0,24,,7873,31,4,,0,76,,7875,1,0,47 48,0,24,,7875,31,4,,0,73,,7879,1,0,47 48,0,22,,7879,31,4,,0,78,,7880,1,0,47 48,0,22,,7880,31,4,,0
5900,'4528',1610,,7881,1,,,0,17,,7881,15,,,0,78,,7882,1,,,0,17,,7882,15,,,0
5901,'4528',639,,7884,8,,,0,15,,7884,22,4,,0,85,,7883,8,,,0,15,,7883,22,4,,0
