200,'4653',605,,8228,44,,,0,31,,8229,44,,,0,69,,8230,44,,,0,18,,8231,44,,,0,16,,8232,44,,,0,18,,8233,44,,,0,57,,8234,44,,,0,15,,8235,44,,,0,15,,8236,44,,,0,15,,8237,44,,,0,56,,8276,44,,,0,22,,8238,44,,,0,65,,8239,44,,,0,25,,8240,44,,,0,25,,8241,44,,,0,65,,8242,44,,,0,26,,8243,44,,,0,66,,8244,44,,,0,25,,8245,44,,,0,25,,8246,44,,,0,67,,8247,44,,,0,23,,8248,44,,,0,63,,8249,44,,,0,27,,8250,44,,,0,65,,8251,44,,,0,22,,8252,44,,,0,15,,8253,44,,,0,16,,8254,44,,,0,55,,8255,44,,,0,15,,8256,44,,,0,15,,8257,44,,,0,15,,8258,44,,,0,55,,8259,44,,,0,14,,8260,44,,,0,15,,8261,44,,,0,14,,8262,44,,,0,58,,8263,44,,,0,20,,8264,44,,,0,20,,8265,44,,,0,60,,8266,44,,,0,20,,8267,44,,,0,19,,8268,44,,,0,60,,8269,44,,,0,20,,8270,44,,,0,20,,8271,44,,,0,65,,8272,44,,,0,29,,8273,44,,,0,70,,8274,44,,,0,30,,8275,44,,,0
200,'5394',627,,8287,44,,,0,84,,8288,44,,,0,34,,8289,44,,,0,70,,8290,44,,,0,30,,8291,44,,,0,70,,8292,44,,,0,30,,8293,44,,,0,70,,8294,44,,,0,30,,8295,44,,,0,69,,8296,44,,,0,30,,8297,44,,,0,71,,8298,44,,,0,30,,8299,44,,,0,70,,8300,44,,,0,30,,8301,44,,,0,70,,8302,44,,,0,30,,8303,44,,,0,70,,8304,44,,,0,30,,8305,44,,,0,70,,8306,44,,,0,30,,8307,44,,,0,70,,8308,44,,,0,30,,8309,44,,,0,70,,8310,44,,,0,31,,8311,44,,,0,68,,8312,44,,,0,31,,8313,44,,,0,70,,8314,44,,,0,35,,8315,44,,,0,83,,8316,44,,,0,81,,8317,44,,,0,36,,8318,44,,,0
200,'5475',2316,,8277,44,,,0,30,,8278,44,,,0,70,,8279,44,,,0,30,,8280,44,,,0,70,,8281,44,,,0,30,,8282,44,,,0,70,,8283,44,,,0,30,,8284,44,,,0,70,,8285,44,,,0
200,'5565',703,,8340,44,,,0,45,,8339,44,,,0,85,,8338,44,,,0,85,,8337,44,,,0,85,,8336,44,,,0,45,,8335,44,,,0,84,,8334,44,,,0,81,,8319,44,,,0,40,,8320,44,,,0,80,,8321,44,,,0,80,,8322,44,,,0,40,,8323,44,,,0,80,,8324,44,,,0,80,,8325,44,,,0,41,,8326,44,,,0,81,,8327,44,,,0,80,,8328,44,,,0,40,,8329,44,,,0,82,,8330,44,,,0,81,,8331,44,,,0,37,,8332,44,,,0,82,,8333,44,,,0
900,'4653',548,,8885,7,0,34 2 13 14,0,108,,8886,7,0,34 2 13 14,0,94,,8887,7,0,34 2 13 14,0,107,,8888,7,0,34 2 13 14,0,99,,8889,7,0,34 2 13 14,0,101,,8890,7,0,34 2 13 14,0,100,,8891,7,0,34 2 13 14,0,100,,8892,7,0,34 2 13 14,0,100,,8893,7,0,34 2 13 14,0,97,,8894,7,0,34 2 13 14,0,102,,8895,7,0,34 2 13 14,0,101,,8896,7,0,34 2 13 14,0,101,,8897,7,0,34 2 13 14,0,99,,8898,7,0,34 2 13 14,0,99,,8899,7,0,34 2 13 14,0,100,,8900,7,0,34 2 13 14,0,100,,8901,7,0,34 2 13 14,0
900,'5394',649,,8907,7,0,34 2 13 14,0,100,,8908,7,0,34 2 13 14,0,100,,8909,7,0,34 2 13 14,0,100,,8910,7,0,34 2 13 14,0,106,,8911,7,0,34 2 13 14,0,95,,8912,7,0,34 2 13 14,0,105,,8913,7,0,34 2 13 14,0,100,,8914,7,0,34 2 13 14,0,100,,8915,7,0,34 2 13 14,0,100,,8916,7,0,34 2 13 14,0,104,,8917,16,0,34 2 13 14,0,96,,8918,7,0,34 2 13 14,0,100,,8919,7,0,34 2 13 14,0,95,,8920,7,0,34 2 13 14,0,99,,8921,7,0,34 2 13 14,0,105,,8922,7,0,34 2 13 14,0
900,'5475',2304,,8902,7,0,34 2 13 14,0,100,,8903,7,0,34 2 13 14,0,100,,8904,7,0,34 2 13 14,0,100,,8905,7,0,34 2 13 14,0,100,,8906,7,0,34 2 13 14,0
900,'5565',649,,8924,7,0,34 2 13 14,0,100,,8925,7,0,34 2 13 14,0,100,,8926,7,0,34 2 13 14,0,100,,8923,7,0,34 2 13 14,0,106,,8927,7,0,34 2 13 14,0,95,,8928,7,0,34 2 13 14,0,105,,8929,7,0,34 2 13 14,0,100,,8930,7,0,34 2 13 14,0,100,,8931,7,0,34 2 13 14,0,100,,8932,7,0,34 2 13 14,0,100,,8933,7,0,34 2 13 14,0,100,,8934,7,0,34 2 13 14,0,100,,8935,7,0,34 2 13 14,0,95,,8936,7,0,34 2 13 14,0
2600,'4653',1441,,9056,15,0,13 14 11,0
2601,'4653',725,,9057,15,0,13 14 11,0
