201,'4653',510,,8342,17,,,0,46,,8343,17,,,0,65,,8344,17,,,0,35,,8345,17,,,0,58,,8346,17,,,0,17,,8347,17,,,0,14,,8348,17,,,0,55,,8349,17,,,0,17,,8350,17,,,0,21,,8351,17,,,0,65,,8352,17,,,0,30,,8353,17,,,0,68,,8354,17,,,0,27,,8355,17,,,0,25,,8356,17,,,0,64,,8357,17,,,0,25,,8358,17,,,0,65,,8359,17,,,0,26,,8360,17,,,0,25,,8361,17,,,0,65,,8362,17,,,0,25,,8363,17,,,0,65,,8364,17,,,0,24,,8365,17,,,0,11,,8341,17,0,9 10,0,5,,8366,17,,,0,55,,8367,17,,,0,15,,8368,17,,,0,15,,8369,17,,,0,15,,8370,17,,,0,55,,8371,17,,,0,15,,8372,17,,,0,15,,8373,17,,,0,15,,8374,17,,,0,56,,8375,17,,,0,15,,8376,17,,,0,15,,8377,17,,,0,15,,8378,17,,,0,60,,8379,17,,,0,20,,8380,17,,,0,20,,8381,17,,,0,60,,8382,17,,,0,20,,8383,17,,,0,20,,8384,17,,,0,60,,8385,17,,,0,25,,8386,17,,,0,70,,8387,17,,,0,28,,8388,17,,,0,69,,8389,17,,,0,29,,8390,17,,,0
201,'5475',2305,,8391,17,,,0,30,,8392,17,,,0,70,,8393,17,,,0,30,,8394,17,,,0,70,,8395,17,,,0,30,,8396,17,,,0,70,,8397,17,,,0,30,,8398,17,,,0,70,,8399,17,,,0
201,'5527',642,,8400,17,,,0,85,,8401,17,,,0,78,,8402,17,,,0,30,,8403,17,,,0,70,,8404,17,,,0,31,,8405,17,,,0,70,,8406,17,,,0,30,,8407,17,,,0,70,,8408,17,,,0,32,,8409,17,,,0,70,,8410,17,,,0,31,,8411,17,,,0,70,,8412,17,,,0,30,,8413,17,,,0,71,,8414,17,,,0,30,,8415,17,,,0,69,,8416,17,,,0,30,,8417,17,,,0,71,,8418,17,,,0,30,,8419,17,,,0,69,,8420,17,,,0,30,,8421,17,,,0,70,,8422,17,,,0,30,,8423,17,,,0,69,,8424,17,,,0,28,,8425,17,,,0,69,,8426,17,,,0,30,,8427,17,,,0,75,,8428,17,,,0,40,,8429,17,,,0,80,,8430,17,,,0
201,'5565',642,,8431,17,,,0,85,,8432,17,,,0,85,,8433,17,,,0,45,,8434,17,,,0,85,,8435,17,,,0,85,,8436,17,,,0,85,,8437,17,,,0,45,,8438,17,,,0,81,,8439,17,,,0,80,,8440,17,,,0,40,,8441,17,,,0,80,,8442,17,,,0,80,,8443,17,,,0,40,,8444,17,,,0,80,,8445,17,,,0,80,,8446,17,,,0,40,,8447,17,,,0,80,,8448,17,,,0,80,,8449,17,,,0,40,,8450,17,,,0,78,,8451,17,,,0,92,,8452,17,,,0
500,'4653',618,,8657,15,,,0,84,,8658,15,,,0,39,,8659,15,,,0,76,,8660,15,,,0,34,,8661,15,,,0,74,,8662,15,,,0,34,,8663,15,,,0,77,,8664,15,,,0,75,,8665,15,,,0,36,,8666,15,,,0,78,,8667,15,,,0,76,,8668,15,,,0,35,,8669,15,,,0,77,,8670,15,,,0,37,,8671,15,,,0,81,,8672,15,,,0,74,,8673,15,,,0,35,,8674,15,,,0,81,,8675,15,,,0,29,,8676,15,,,0,72,,8677,15,,,0,32,,8678,15,,,0,74,,8679,15,,,0,72,,8680,15,,,0,35,,8681,15,,,0,70,,8682,15,,,0,98,,8683,15,,,0,98,,8684,15,,,0
500,'5475',2403,,8685,15,,,0,100,,8686,15,,,0,100,,8687,15,,,0,100,,8688,15,,,0
500,'5527',620,,8713,15,,,0,95,,8712,15,,,0,91,,8711,15,,,0,103,,8714,15,,,0,92,,8689,15,,,0,33,,8690,15,,,0,82,,8691,15,,,0,38,,8692,15,,,0,70,,8694,15,,,0,35,,8695,15,,,0,75,,8696,15,,,0,76,,8693,15,,,0,41,,8697,15,,,0,76,,8698,15,,,0,74,,8699,15,,,0,39,,8700,15,,,0,74,,8701,15,,,0,30,,8702,15,,,0,73,,8703,15,,,0,34,,8704,15,,,0,73,,8705,15,,,0,82,,8706,15,,,0,34,,8707,15,,,0,75,,8708,15,,,0,88,,8709,15,,,0,99,,8710,15,,,0
500,'5565',643,,8715,15,,,0,102,,8716,15,,,0,96,,8717,15,,,0,90,,8729,15,,,0,101,,8718,15,,,0,95,,8719,15,,,0,100,,8721,15,,,0,96,,8722,15,,,0,100,,8723,15,,,0,101,,8720,15,,,0,101,,8724,15,,,0,97,,8725,15,,,0,103,,8726,15,,,0,95,,8727,15,,,0,91,,8728,15,,,0
900,'5527',714,,8907,57,,,0,101,,8908,57,,,0,100,,8909,57,,,0,103,,8910,57,,,0,107,,8911,57,,,0,95,,8912,57,,,0,107,,8913,57,,,0,299,,8916,57,,,0,103,,8917,66,,,0,194,,8919,57,,,0,94,,8920,57,,,0,99,,8921,57,,,0
1200,'4653',729,,8937,19,,,0,85,,8938,19,,,0,41,,8939,19,,,0,76,,8940,19,,,0,114,,8941,19,,,0,159,,8942,19,,,0,125,,8943,19,,,0,171,,8944,19,,,0,131,,8945,19,,,0,80,,8946,19,,,0,44,,8947,19,,,0
2401,'4653',815,,9055,42,0,15 16 11,0
2600,'4653',1528,,9056,59,0,9 10 11,0
2601,'4653',812,,9057,70,0,9 10 11,0
