5201,'4528',707,,7622,17,,,0,96,,7623,17,,,0,114,,7624,17,,,0,104,,7625,17,,,0,110,,7626,17,,,0,100,,7627,17,,,0,110,,7628,17,,,0,100,,7629,17,,,0,105,,7630,17,,,0,100,,7631,17,,,0,106,,7617,17,,,0,95,,7618,17,,,0,110,,7619,17,,,0,100,,7620,17,,,0,170,,7621,17,,,0,173,,7616,17,,,0
5201,'4532',748,,7646,17,,,0,99,,7639,17,,,0,100,,7645,17,,,0,100,,7638,17,,,0,99,,7642,17,,,0,100,,7636,17,,,0,100,,7643,17,,,0,100,,7635,17,,,0,100,,7644,17,,,0,100,,7634,17,,,0,100,,7641,17,,,0,101,,7633,17,,,0,100,,7640,17,,,0,110,,7637,17,,,0,170,,7632,17,,,0,174,,7647,17,,,0
5201,'5221',848,,7658,17,,,0,100,,7656,17,,,0,99,,7649,17,,,0,100,,7648,17,,,0,100,,7651,17,,,0,100,,7652,17,,,0,100,,7650,17,,,0,100,,7653,17,,,0,100,,7654,17,,,0,101,,7655,17,,,0,110,,7657,17,,,0,99,,7659,17,,,0,90,,7660,17,,,0
5401,'4528',602,,7708,47,,,0,100,,7710,76,,,0,116,,7711,76,,,0,91,,7712,76,,,0,112,,7713,76,,,0,106,,7714,76,,,0,112,,7715,76,,,0,100,,7709,76,,,0,113,,7716,76,,,0,104,,7717,76,,,0,100,,7718,76,,,0,98,,7719,76,,,0,103,,7720,76,,,0,94,,7721,76,,,0,149,,7722,76,,,0,59,,7723,76,,,0,169,,7724,76,,,0
5401,'4532',750,,7741,47,,,0,99,,7740,76,,,0,103,,7732,76,,,0,100,,7738,76,,,0,102,,7731,76,,,0,100,,7737,76,,,0,100,,7729,76,,,0,100,,7736,76,,,0,100,,7728,76,,,0,100,,7735,76,,,0,98,,7727,76,,,0,100,,7734,76,,,0,99,,7726,76,,,0,99,,7733,76,,,0,109,,7725,76,,,0,172,,7730,76,,,0
5401,'5221',849,,7751,47,,,0,98,,7752,76,,,0,102,,7750,76,,,0,103,,7743,76,,,0,101,,7744,76,,,0,100,,7745,76,,,0,100,,7746,76,,,0,98,,7748,76,,,0,99,,7742,76,,,0,100,,7747,76,,,0,99,,7749,76,,,0,108,,7753,76,,,0,100,,7754,76,,,0
5801,'4528',558,,7854,19,,,0,94,,7850,30,,,0,174,,7851,30,,,0,123,,7852,30,,,0,101,,7853,30,,,0,101,,7843,30,,,0,101,,7844,30,,,0,101,,7845,30,,,0,104,,7846,30,,,0,99,,7847,30,,,0,97,,7848,30,,,0,98,,7849,30,,,0,98,,7841,30,,,0,159,,7842,30,,,0,129,,7840,30,,,0
5801,'4532',817,,7866,30,,,0,120,,7863,30,,,0,100,,7862,30,,,0,100,,5666,30,,,0,100,,7858,30,,,0,100,,7857,30,,,0,100,,7861,30,,,0,100,,7865,30,,,0,100,,7864,30,,,0,100,,7860,30,,,0,100,,7856,30,,,0,170,,7855,30,,,0,130,,7859,30,,,0,100,,7867,30,,,0
5801,'5221',817,,7878,30,,,0,120,,7874,30,,,0,100,,7868,30,,,0,100,,7876,30,,,0,100,,7869,30,,,0,100,,7870,30,,,0,100,,7871,30,,,0,100,,7877,30,,,0,100,,7872,30,,,0,100,,7873,30,,,0,100,,7875,30,,,0,95,,7879,30,,,0,100,,7880,30,,,0
5900,'4528',1626,,7881,14,,,0,95,,7882,14,,,0
5901,'4528',654,,7884,21,,,0,100,,7883,21,,,0
