100,'4528',515,,6216,1,,,0,30,,6217,1,,,0,70,,6215,1,,,0,20,,6219,1,,,0,20,,6220,1,,,0,60,,6218,1,,,0,16,,6221,1,,,0,20,,3821,1,,,0,56,,6222,1,,,0,17,,6223,1,,,0,15,,6224,1,,,0,16,,6226,1,,,0,58,,6225,1,,,0,16,,6227,1,,,0,19,,6228,1,,,0,59,,6229,1,,,0,20,,6230,1,,,0,22,,6231,1,,,0,62,,6232,1,,,0,25,,6233,1,,,0,64,,6235,1,,,0,22,,6234,1,,,0,22,,6236,1,,,0,63,,6237,1,,,0,23,,6239,1,,,0,22,,6238,1,,,0,63,,6240,1,,,0,22,,6241,1,,,0,65,,6242,1,,,0,16,,6243,1,,,0,15,,6244,1,,,0,15,,6245,1,,,0,55,,6246,1,,,0,15,,6247,1,,,0,15,,6248,1,,,0,14,,6249,1,,,0,54,,6250,1,,,0,14,,6251,1,,,0,15,,6252,1,,,0,15,,6253,1,,,0,56,,6254,1,,,0,20,,6255,1,,,0,20,,6256,1,,,0,64,,6257,1,,,0,23,,6264,1,,,0,24,,6258,1,,,0,65,,6259,1,,,0,24,,6260,1,,,0,65,,6265,1,,,0,25,,6261,1,,,0,27,,6262,1,,,0,71,,6263,1,,,0
100,'4532',804,,3870,1,,,0,255,,3873,1,,,0,370,,3882,1,,,0,325,,3889,1,,,0
100,'5560',604,,3898,1,,,0,40,,3899,1,,,0,80,,3900,1,,,0,80,,3901,1,,,0,40,,3902,1,,,0,88,,3903,1,,,0,87,,3904,1,,,0,40,,3905,1,,,0,83,,3906,1,,,0,78,,3919,1,,,0,80,,3907,1,,,0,40,,3908,1,,,0,80,,3909,1,,,0,80,,3910,1,,,0,40,,3911,1,,,0,80,,3912,1,,,0,80,,3913,1,,,0,40,,3914,1,,,0,80,,3915,1,,,0,38,,3916,1,,,0,79,,3917,1,,,0,77,,3918,1,,,0,86,,3920,1,,,0,55,,3921,1,,,0
100,'5562',559,,6266,1,,,0,70,,6267,1,,,0,30,,6268,1,,,0,70,,6269,1,,,0,110,,6270,1,,,0,75,,6271,1,,,0,32,,6272,1,,,0,76,,6273,1,,,0,107,,6274,1,,,0,30,,6275,1,,,0,70,,6276,1,,,0,30,,6277,1,,,0,70,,6278,1,,,0,30,,6279,1,,,0,100,,6280,1,,,0,70,,6281,1,,,0,30,,6282,1,,,0,70,,6283,1,,,0,30,,6284,1,,,0,65,,6285,1,,,0,100,,6286,1,,,0,35,,6287,1,,,0,75,,6288,1,,,0,75,,6289,1,,,0,35,,6290,1,,,0,75,,6291,1,,,0,35,,6292,1,,,0,75,,6293,1,,,0
100,'5563',604,,6294,1,,,0,40,,6295,1,,,0,80,,6296,1,,,0,80,,6297,1,,,0,40,,6298,1,,,0,88,,6299,1,,,0,87,,6300,1,,,0,40,,6301,1,,,0,83,,6302,1,,,0,78,,6315,1,,,0,80,,6303,1,,,0,40,,6304,1,,,0,80,,6305,1,,,0,80,,6306,1,,,0,40,,6307,1,,,0,80,,6308,1,,,0,80,,6309,1,,,0,40,,6310,1,,,0,80,,6311,1,,,0,38,,6312,1,,,0,79,,6313,1,,,0,77,,6314,1,,,0,86,,6316,1,,,0,55,,6317,1,,,0
101,'4528',601,,6319,34,4,,0,28,,6320,34,4,,0,71,,6321,34,4,,0,30,,6322,34,4,,0,23,,6318,34,4,,0,55,,6323,34,4,,0,16,,6324,34,4,,0,21,,6325,34,4,,0,60,,6326,34,4,,0,23,,6327,34,4,,0,21,,6328,34,4,,0,61,,6329,34,4,,0,22,,6330,34,4,,0,23,,6331,34,4,,0,62,,6332,34,4,,0,22,,6333,34,4,,0,63,,6334,34,4,,0,22,,6335,34,4,,0,21,,6336,34,4,,0,63,,6337,34,4,,0,26,,6338,34,4,,0,66,,6339,34,4,,0,20,,6340,34,4,,0,25,,6341,34,4,,0,58,,6342,34,4,,0,15,,6343,34,4,,0,16,,6344,34,4,,0,15,,6345,34,4,,0,55,,6346,34,4,,0,15,,6347,34,4,,0,15,,6348,34,4,,0,14,,6349,34,4,,0,55,,6350,34,4,,0,14,,6351,34,4,,0,15,,6352,34,4,,0,14,,6353,34,4,,0,12,,6354,34,4,,0,53,,6355,34,4,,0,20,,6356,34,4,,0,20,,6357,34,4,,0,59,,6358,34,4,,0,20,,6366,34,4,,0,29,,6359,34,4,,0,65,,6360,34,4,,0,25,,6361,34,4,,0,64,,6367,34,4,,0,23,,6362,34,4,,0,70,,6363,34,4,,0,34,,6364,34,4,,0,72,,6365,34,4,,0
101,'4532',637,,3973,34,4,,0,281,,3977,34,4,,0,317,,3983,34,4,,0,370,,3990,34,4,,0
101,'5560',637,,4004,34,4,,0,80,,4005,34,4,,0,85,,4006,34,4,,0,40,,4007,34,4,,0,80,,4008,34,4,,0,78,,4009,34,4,,0,55,,4010,34,4,,0,89,,4011,34,4,,0,86,,4012,34,4,,0,80,,4013,34,4,,0,40,,4014,34,4,,0,80,,4015,34,4,,0,80,,4016,34,4,,0,40,,4017,34,4,,0,80,,4018,34,4,,0,80,,4019,34,4,,0,40,,4020,34,4,,0,80,,4021,34,4,,0,80,,4022,34,4,,0,40,,4023,34,4,,0,80,,4024,34,4,,0,82,,4025,34,4,,0
101,'5562',712,,6368,34,4,,0,30,,6369,34,4,,0,72,,6370,34,4,,0,29,,6371,34,4,,0,158,,6372,34,4,,0,34,,6373,34,4,,0,73,,6374,34,4,,0,30,,6375,34,4,,0,70,,6376,34,4,,0,97,,6377,34,4,,0,30,,6378,34,4,,0,70,,6379,34,4,,0,30,,6380,34,4,,0,70,,6381,34,4,,0,30,,6382,34,4,,0,100,,6383,34,4,,0,70,,6384,34,4,,0,28,,6385,34,4,,0,67,,6386,34,4,,0,29,,6387,34,4,,0,78,,6388,34,4,,0,38,,6389,34,4,,0,76,,6390,34,4,,0,35,,6391,34,4,,0,75,,6392,34,4,,0,75,,6393,34,4,,0,32,,6395,34,4,,0,75,,6394,34,4,,0
101,'5563',637,,6396,34,4,,0,80,,6397,34,4,,0,85,,6398,34,4,,0,40,,6399,34,4,,0,80,,6400,34,4,,0,78,,6401,34,4,,0,55,,6402,34,4,,0,89,,6403,34,4,,0,86,,6404,34,4,,0,80,,6405,34,4,,0,40,,6406,34,4,,0,80,,6407,34,4,,0,80,,6408,34,4,,0,40,,6409,34,4,,0,80,,6410,34,4,,0,80,,6411,34,4,,0,40,,6412,34,4,,0,80,,6413,34,4,,0,80,,6414,34,4,,0,40,,6415,34,4,,0,80,,6416,34,4,,0,82,,6417,34,4,,0
200,'4528',530,,6418,1,,,0,74,,6419,1,,,0,28,,6420,1,,,0,71,,6421,1,,,0,15,,6422,1,,,0,15,,6423,1,,,0,23,,6424,1,,,0,56,,6425,1,,,0,16,,6426,1,,,0,21,,6427,1,,,0,60,,6428,1,,,0,23,,6429,1,,,0,21,,6430,1,,,0,61,,6431,1,,,0,22,,6432,1,,,0,23,,6433,1,,,0,62,,6434,1,,,0,22,,6435,1,,,0,63,,6436,1,,,0,22,,6437,1,,,0,21,,6438,1,,,0,63,,6439,1,,,0,26,,6440,1,,,0,66,,6441,1,,,0,20,,6442,1,,,0,25,,6443,1,,,0,59,,6444,1,,,0,15,,6445,1,,,0,16,,6446,1,,,0,15,,6447,1,,,0,55,,6448,1,,,0,15,,6449,1,,,0,15,,6450,1,,,0,14,,6451,1,,,0,55,,6452,1,,,0,14,,6453,1,,,0,15,,6454,1,,,0,18,,6455,1,,,0,60,,6456,1,,,0,20,,6457,1,,,0,20,,6458,1,,,0,59,,6459,1,,,0,20,,6465,1,,,0,69,,6460,1,,,0,25,,6461,1,,,0,25,,6462,1,,,0,64,,6466,1,,,0,23,,6463,1,,,0,70,,6464,1,,,0
200,'4532',640,,4076,1,,,0,282,,4081,1,,,0,318,,4088,1,,,0,370,,4095,1,,,0
200,'5560',605,,4106,1,,,0,35,,4107,1,,,0,80,,4108,1,,,0,85,,4109,1,,,0,40,,4110,1,,,0,80,,4111,1,,,0,80,,4112,1,,,0,95,,4113,1,,,0,49,,4114,1,,,0,86,,4115,1,,,0,80,,4116,1,,,0,40,,4117,1,,,0,80,,4118,1,,,0,80,,4119,1,,,0,40,,4120,1,,,0,80,,4121,1,,,0,80,,4122,1,,,0,40,,4123,1,,,0,80,,4124,1,,,0,80,,4125,1,,,0,40,,4126,1,,,0,80,,4128,1,,,0,80,,4127,1,,,0
200,'5562',605,,6467,1,,,0,110,,6468,1,,,0,30,,6469,1,,,0,72,,6470,1,,,0,30,,6471,1,,,0,158,,6472,1,,,0,35,,6473,1,,,0,73,,6474,1,,,0,30,,6476,1,,,0,70,,6477,1,,,0,97,,6475,1,,,0,30,,6478,1,,,0,70,,6479,1,,,0,30,,6480,1,,,0,70,,6481,1,,,0,30,,6482,1,,,0,100,,6484,1,,,0,70,,6483,1,,,0,28,,6485,1,,,0,67,,6486,1,,,0,29,,6487,1,,,0,77,,6488,1,,,0,38,,6489,1,,,0,76,,6490,1,,,0,76,,6491,1,,,0,34,,6492,1,,,0,75,,6493,1,,,0
200,'5563',605,,6494,1,,,0,35,,6495,1,,,0,80,,6496,1,,,0,85,,6497,1,,,0,40,,6498,1,,,0,80,,6499,1,,,0,80,,6500,1,,,0,95,,6501,1,,,0,49,,6502,1,,,0,86,,6503,1,,,0,80,,6504,1,,,0,40,,6505,1,,,0,80,,6506,1,,,0,80,,6507,1,,,0,40,,6508,1,,,0,80,,6509,1,,,0,80,,6510,1,,,0,40,,6511,1,,,0,80,,6512,1,,,0,80,,6513,1,,,0,40,,6514,1,,,0,80,,6516,1,,,0,80,,6515,1,,,0
201,'4528',537,,6517,47,4,,0,75,,6518,47,4,,0,40,,6519,47,4,,0,75,,6520,47,4,,0,20,,4134,47,4,,0,56,,6521,47,4,,0,17,,6522,47,4,,0,15,,6523,47,4,,0,16,,6524,47,4,,0,58,,6525,47,4,,0,16,,6526,47,4,,0,19,,6527,47,4,,0,59,,6528,47,4,,0,20,,6529,47,4,,0,22,,6530,47,4,,0,62,,6531,47,4,,0,25,,6532,47,4,,0,24,,6533,47,4,,0,62,,6534,47,4,,0,22,,6535,47,4,,0,63,,6536,47,4,,0,23,,6537,47,4,,0,22,,6538,47,4,,0,63,,6539,47,4,,0,22,,6540,47,4,,0,25,,6541,47,4,,0,56,,6542,47,4,,0,15,,6543,47,4,,0,15,,6544,47,4,,0,15,,6545,47,4,,0,55,,6546,47,4,,0,15,,6547,47,4,,0,14,,6549,47,4,,0,14,,6548,47,4,,0,54,,6550,47,4,,0,15,,6551,47,4,,0,15,,6552,47,4,,0,16,,6553,47,4,,0,61,,6554,47,4,,0,20,,6555,47,4,,0,64,,6556,47,4,,0,23,,6564,47,4,,0,24,,6557,47,4,,0,65,,6558,47,4,,0,24,,6559,47,4,,0,65,,6565,47,4,,0,25,,6560,47,4,,0,27,,6561,47,4,,0,71,,6562,47,4,,0,33,,6563,47,4,,0
201,'4532',759,,4184,47,4,,0,295,,4188,47,4,,0,370,,4192,47,4,,0,325,,4202,47,4,,0
201,'5560',641,,4212,47,4,,0,80,,4213,47,4,,0,79,,4214,47,4,,0,40,,4215,47,4,,0,87,,4216,47,4,,0,87,,4217,47,4,,0,39,,4218,47,4,,0,84,,4219,47,4,,0,78,,4232,47,4,,0,40,,4220,47,4,,0,80,,4221,47,4,,0,80,,4222,47,4,,0,40,,4223,47,4,,0,80,,4224,47,4,,0,80,,4225,47,4,,0,40,,4226,47,4,,0,80,,4227,47,4,,0,80,,4229,47,4,,0,38,,4228,47,4,,0,79,,4230,47,4,,0,78,,4231,47,4,,0,44,,4234,47,4,,0,97,,4233,47,4,,0
201,'5562',624,,6567,47,4,,0,31,,6568,47,4,,0,69,,6569,47,4,,0,110,,6570,47,4,,0,75,,6566,47,4,,0,32,,6571,47,4,,0,75,,6572,47,4,,0,108,,6573,47,4,,0,30,,6574,47,4,,0,70,,6575,47,4,,0,30,,6576,47,4,,0,70,,6577,47,4,,0,30,,6578,47,4,,0,100,,6579,47,4,,0,70,,6580,47,4,,0,30,,6581,47,4,,0,69,,6582,47,4,,0,30,,6583,47,4,,0,66,,6584,47,4,,0,100,,6586,47,4,,0,34,,6587,47,4,,0,76,,6588,47,4,,0,75,,6585,47,4,,0,34,,6589,47,4,,0,76,,6591,47,4,,0,35,,6590,47,4,,0,75,,6592,47,4,,0,76,,6593,47,4,,0
201,'5563',641,,6594,47,4,,0,80,,6595,47,4,,0,79,,6596,47,4,,0,40,,6597,47,4,,0,87,,6598,47,4,,0,87,,6599,47,4,,0,39,,6600,47,4,,0,84,,6601,47,4,,0,78,,6614,47,4,,0,40,,6602,47,4,,0,80,,6603,47,4,,0,80,,6604,47,4,,0,40,,6605,47,4,,0,80,,6606,47,4,,0,80,,6607,47,4,,0,40,,6608,47,4,,0,80,,6609,47,4,,0,80,,6611,47,4,,0,38,,6610,47,4,,0,79,,6612,47,4,,0,78,,6613,47,4,,0,44,,6616,47,4,,0,97,,6615,47,4,,0
6600,'4528',702,,5686,3,,,0,36,,5687,3,,,0,72,,5688,3,,,0,21,,5689,3,,,0,21,,5692,3,0,45 46,0,63,,5693,3,,,0,26,,5694,3,,,0,75,,5695,3,0,45 46,0,34,,5691,3,,,0,70,,5697,3,0,45 46,0,30,,5690,3,,,0,69,,5696,3,0,45 46,0,32,,5698,3,,,0,70,,5719,3,0,45 46,0,28,,5699,3,,,0,76,,5718,3,,,0,26,,5717,3,,,0,75,,5720,3,0,45 46,0,32,,5716,3,,,0,74,,5715,3,0,45 46,0,74,,5701,3,,,0,20,,5702,3,0,45 46,0,20,,5703,3,,,0,56,,5704,3,0,45 46,0,16,,5705,3,,,0,15,,5706,3,,,0,21,,5707,3,,,0,58,,5708,3,,,0,19,,5710,3,,,0,17,,5711,3,0,45 46,0,64,,5712,3,,,0,30,,5700,3,,,0,70,,5709,3,,,0,34,,5713,3,,,0,100,,5714,3,,,0
6600,'4532',756,,5739,3,,,0,103,,5733,3,,,0,77,,5732,3,,,0,70,,5731,3,,,0,43,,5725,3,,,0,75,,5735,3,,,0,35,,5741,3,,,0,77,,5722,3,,,0,79,,5740,3,,,0,32,,5730,3,,,0,82,,5743,3,,,0,81,,5721,3,,,0,48,,5744,3,,,0,84,,5723,3,,,0,85,,5724,3,,,0,90,,5726,3,,,0,32,,5736,3,0,45 46,0,68,,5727,3,,,0,24,,5734,3,,,0,70,,5729,3,,,0,47,,5742,3,,,0,88,,5737,3,,,0,95,,5728,3,0,45 46,0,5,,5738,3,,,0
6600,'5221',902,,5763,3,,,0,45,,5762,3,,,0,74,,5761,3,,,0,38,,5755,3,,,0,70,,5746,3,,,0,30,,5747,3,,,0,70,,5754,3,,,0,85,,5745,3,,,0,33,,5760,3,,,0,80,,5766,3,,,0,85,,5748,3,,,0,46,,5764,3,,,0,84,,5749,3,,,0,84,,5750,3,,,0,85,,5765,3,,,0,30,,5759,3,0,45 46,0,70,,5751,3,,,0,30,,5752,3,,,0,70,,5758,3,,,0,45,,5753,3,,,0,90,,5756,3,,,0,99,,5757,3,,,0
6601,'4528',527,,5777,6,,,0,22,,5778,6,,,0,60,,5779,6,,,0,21,,5780,6,,,0,26,,5783,6,,,0,61,,5784,6,,,0,31,,5785,6,,,0,80,,5786,6,,,0,78,,5782,6,,,0,30,,5788,2,,,0,71,,5781,6,,,0,29,,5787,2,,,0,71,,5789,6,,,0,30,,5810,2,,,0,68,,5790,6,,,0,27,,5809,6,,,0,26,,5808,2,,,0,73,,5811,6,,,0,69,,5807,2,,,0,25,,5806,6,,,0,30,,5792,6,,,0,61,,5793,2,,,0,12,,5794,6,,,0,21,,5795,6,,,0,59,,5796,2,,,0,21,,5797,6,,,0,26,,5798,6,,,0,60,,5799,2,,,0,25,,5800,6,,,0,68,,5801,6,,,0,31,,5802,2,,,0,71,,5791,6,,,0,30,,5803,6,,,0,70,,5804,6,,,0,95,,5805,6,,,0
6601,'4532',629,,5830,6,,,0,101,,5826,6,,,0,26,,5823,6,,,0,70,,5822,6,,,0,79,,5818,6,,,0,36,,5825,6,,,0,74,,5832,6,,,0,40,,5815,6,,,0,80,,5831,6,,,0,73,,5821,6,,,0,43,,5834,6,,,0,75,,5812,6,,,0,86,,5835,6,,,0,44,,5813,6,,,0,85,,5814,6,,,0,90,,5816,6,,,0,28,,5827,6,,,0,71,,5817,6,,,0,26,,5824,6,,,0,70,,5819,6,,,0,96,,5833,2,,,0,85,,5828,6,,,0,50,,5820,2,,,0,45,,5829,6,,,0
6601,'5221',729,,5854,6,,,0,80,,5853,6,,,0,35,,5852,6,,,0,75,,5846,6,,,0,30,,5837,6,,,0,71,,5838,6,,,0,30,,5845,6,,,0,86,,5839,6,,,0,75,,5851,6,,,0,40,,5857,6,,,0,82,,5840,6,,,0,80,,5856,6,,,0,44,,5841,6,,,0,84,,5842,6,,,0,85,,5855,6,,,0,30,,5850,6,,,0,70,,5836,6,,,0,30,,5843,6,,,0,72,,5849,6,,,0,88,,5844,2,,,0,89,,5847,6,,,0,96,,5848,6,,,0
