601,'4528',612,,6932,48,4,,0,40,,6933,48,4,,0,78,,6935,48,4,,0,79,,6936,48,4,,0,40,,6937,48,4,,0,85,,6934,48,4,,0,75,,6938,48,4,,0,117,,6939,48,4,,0,121,,6940,48,4,,0,165,,6941,48,4,,0,44,,6942,48,4,,0,87,,6924,48,4,,0,89,,6925,48,4,,0,83,,6926,48,4,,0,36,,6928,48,4,,0,84,,6929,48,4,,0,80,,6930,48,4,,0,101,,6927,48,4,,0,109,,6931,48,4,,0,113,,6922,48,4,,0,107,,6923,48,4,,0
601,'4532',615,,6945,48,4,,0,100,,6946,48,4,,0,103,,6944,48,4,,0,97,,6947,48,4,,0,102,,6948,48,4,,0,100,,6949,48,4,,0,96,,6950,48,4,,0,102,,6951,48,4,,0,100,,6952,48,4,,0,99,,6953,48,4,,0,99,,6954,48,4,,0,99,,6955,48,4,,0,105,,6956,48,4,,0,103,,6957,48,4,,0,95,,6958,48,4,,0,107,,6959,48,4,,0,114,,6960,48,4,,0,110,,6943,48,4,,0
601,'5221',610,,6961,48,4,,0,111,,6962,48,4,,0,108,,6963,48,4,,0,105,,6964,48,4,,0,86,,6966,48,4,,0,103,,6967,48,4,,0,90,,6968,48,4,,0,101,,6965,48,4,,0,100,,6969,48,4,,0,100,,6970,48,4,,0,100,,6971,48,4,,0,98,,6972,48,4,,0,104,,6973,48,4,,0,119,,6974,48,4,,0,109,,6975,48,4,,0
1701,'4528',652,,7055,41,4,,0,77,,7056,41,4,,0,92,,7057,41,4,,0,730,,7051,41,4,,0,88,,7052,41,4,,0,84,,7053,41,4,,0,79,,7054,41,4,,0,44,,7050,41,4,,0
2100,'4528',657,,7068,32,4,,0,88,,7064,32,4,,0,84,,7065,32,4,,0,98,,7066,32,4,,0,85,,7067,32,4,,0,33,,7069,32,4,,0,99,,7063,32,4,,0,166,,7061,32,4,,0,132,,7062,32,4,,0,281,,4736,32,4,,0,84,,7059,32,4,,0,102,,7060,32,4,,0,120,,7058,32,4,,0
2100,'4532',822,,7077,32,4,,0,135,,7079,32,4,,0,180,,7078,32,4,,0,183,,7073,32,4,,0,118,,7074,32,4,,0,103,,7075,32,4,,0,98,,7076,32,4,,0,98,,7071,32,4,,0,175,,7072,32,4,,0,132,,7070,32,4,,0
2100,'5221',900,,7087,32,4,,0,100,,7088,32,4,,0,136,,7080,32,4,,0,172,,7082,32,4,,0,134,,7081,32,4,,0,172,,7083,32,4,,0,129,,7084,32,4,,0,169,,7085,32,4,,0,129,,7086,32,4,,0
3101,'4528',645,,7147,19,4,,0,84,,7148,19,4,,0,72,,7150,19,4,,0,31,,7151,19,4,,0,74,,7149,19,4,,0,47,,7153,19,4,,0,106,,7154,19,4,,0,150,,7155,19,4,,0,111,,7152,19,4,,0,115,,7156,19,4,,0,116,,7157,19,4,,0,81,,7159,19,4,,0,74,,7160,19,4,,0,36,,7161,19,4,,0,72,,7158,19,4,,0,30,,7162,19,4,,0,58,,7163,19,4,,0
3101,'4532',819,,7167,19,4,,0,104,,7166,19,4,,0,103,,7164,19,4,,0,112,,7171,19,4,,0,110,,7172,19,4,,0,110,,7165,19,4,,0,156,,7170,19,4,,0,115,,7168,19,4,,0,109,,7169,19,4,,0,108,,7173,19,4,,0
3101,'5221',819,,7180,19,4,,0,209,,7177,19,4,,0,220,,7174,19,4,,0,110,,7178,19,4,,0,154,,7176,19,4,,0,115,,7179,19,4,,0,109,,7175,19,4,,0
1002100,'4528',1546,,6120,37,4,,0,80,,7909,37,4,,0
1003101,'4528',716,,7957,22,4,,0,32,,7958,22,4,,0,70,,7959,22,4,,0,34,,7960,22,4,,0,73,,7961,22,4,,0,102,,7962,22,4,,0,109,,7963,22,4,,0,110,,7964,22,4,,0,111,,7965,22,4,,0,157,,7966,22,4,,0,101,,7967,22,4,,0,36,,6180,22,4,,0,75,,7968,22,4,,0,74,,7969,22,4,,0,31,,6183,22,4,,0,90,,7970,22,4,,0,90,,7971,22,4,,0,122,,7972,22,4,,0,109,,7973,22,4,,0
1003101,'4532',853,,7979,22,4,,0,105,,7985,22,4,,0,146,,7974,22,4,,0,111,,7975,22,4,,0,110,,7976,22,4,,0,111,,7978,22,4,,0,115,,7983,22,4,,0,154,,7981,22,4,,0,109,,7980,22,4,,0,109,,7977,22,4,,0,115,,7982,22,4,,0,100,,7984,22,4,,0
1003101,'5221',924,,7993,22,4,,0,215,,7992,22,4,,0,75,,7986,22,4,,0,110,,7988,22,4,,0,110,,7989,22,4,,0,114,,7990,22,4,,0,155,,7991,22,4,,0,110,,7987,22,4,,0,109,,7994,22,4,,0,115,,7995,22,4,,0,98,,7996,22,4,,0
