2100,'4653',630,,8981,1,,,0,85,,8982,1,,,0,85,,8983,1,,,0,45,,8984,1,,,0,90,,8985,1,,,0,85,,8986,1,,,0,93,,8987,1,,,0,127,,8988,1,,,0,167,,8989,1,,,0,246,,8990,1,,,0,84,,8991,1,,,0,103,,8992,1,,,0,160,,8993,1,,,0
2100,'5475',2110,,8994,1,,,0,130,,8995,1,,,0,175,,8996,1,,,0
2100,'5527',800,,9004,1,,,0,125,,9006,1,,,0,180,,9005,1,,,0,130,,9000,1,,,0,165,,9001,1,,,0,106,,9002,1,,,0,100,,9003,1,,,0,100,,8998,1,,,0,131,,8999,1,,,0,173,,8997,1,,,0
2100,'5565',834,,9014,1,,,0,103,,9015,1,,,0,173,,9007,1,,,0,132,,9009,1,,,0,174,,9008,1,,,0,135,,9010,1,,,0,170,,9011,1,,,0,126,,9012,1,,,0,166,,9013,1,,,0
2101,'4653',627,,9016,29,4,,0,85,,9017,29,4,,0,130,,9018,29,4,,0,84,,9019,29,4,,0,91,,9020,29,4,,0,91,,9021,29,4,,0,127,,9022,29,4,,0,168,,9023,29,4,,0,99,,9024,29,4,,0,37,,9025,29,4,,0,110,,9026,29,4,,0,84,,9027,29,4,,0,103,,9028,29,4,,0,121,,9029,29,4,,0
2101,'5475',2107,,9030,29,4,,0,130,,9031,29,4,,0,175,,9032,29,4,,0
2101,'5527',757,,9041,29,4,,0,165,,9042,29,4,,0,180,,9040,29,4,,0,129,,9036,29,4,,0,125,,9034,29,4,,0,146,,9035,29,4,,0,100,,9037,29,4,,0,101,,9038,29,4,,0,130,,9039,29,4,,0,170,,9033,29,4,,0
2101,'5565',831,,9051,29,4,,0,102,,9043,29,4,,0,174,,9044,29,4,,0,132,,9045,29,4,,0,174,,9046,29,4,,0,135,,9047,29,4,,0,170,,9048,29,4,,0,126,,9049,29,4,,0,166,,9050,29,4,,0
1002100,'4653',1508,,10234,1,,,0,37,,10235,1,,,0
1002101,'4653',757,,10236,34,4,,0
