201,'4653',512,,8342,20,,,0,46,,8343,20,,,0,65,,8344,20,,,0,35,,8345,20,,,0,58,,8346,20,,,0,17,,8347,20,,,0,15,,8348,20,,,0,55,,8349,20,,,0,17,,8350,20,,,0,20,,8351,20,,,0,65,,8352,20,,,0,30,,8353,20,,,0,68,,8354,20,,,0,27,,8355,20,,,0,25,,8356,20,,,0,65,,8357,20,,,0,25,,8358,20,,,0,65,,8359,20,,,0,26,,8360,20,,,0,65,,8361,20,,,0,25,,8362,20,,,0,25,,8363,20,,,0,65,,8364,20,,,0,25,,8365,20,,,0,10,,8341,20,4,,0,5,,8366,20,,,0,55,,8367,20,,,0,15,,8368,20,,,0,15,,8369,20,,,0,15,,8370,20,,,0,55,,8371,20,,,0,15,,8372,20,,,0,15,,8373,20,,,0,15,,8374,20,,,0,55,,8375,20,,,0,15,,8376,20,,,0,15,,8377,20,,,0,15,,8378,20,,,0,60,,8379,20,,,0,20,,8380,20,,,0,20,,8381,20,,,0,60,,8382,20,,,0,20,,8383,20,,,0,20,,8384,20,,,0,60,,8385,20,,,0,25,,8386,20,,,0,70,,8387,20,,,0,28,,8388,20,,,0,69,,8389,20,,,0,29,,8390,20,,,0
201,'5394',644,,8400,20,,,0,85,,8401,20,,,0,78,,8402,20,,,0,30,,8403,20,,,0,70,,8404,20,,,0,31,,8405,20,,,0,70,,8406,20,,,0,30,,8407,20,,,0,70,,8408,20,,,0,32,,8409,20,,,0,70,,8410,20,,,0,31,,8411,20,,,0,70,,8412,20,,,0,30,,8413,20,,,0,71,,8414,20,,,0,30,,8415,20,,,0,70,,8416,20,,,0,30,,8417,20,,,0,70,,8418,20,,,0,30,,8419,20,,,0,69,,8420,20,,,0,30,,8421,20,,,0,70,,8422,20,,,0,30,,8423,20,,,0,69,,8424,20,,,0,28,,8425,20,,,0,69,,8426,20,,,0,30,,8427,20,,,0,75,,8428,20,,,0,40,,8429,20,,,0,80,,8430,20,,,0
201,'5475',2307,,8391,20,,,0,30,,8392,20,,,0,70,,8393,20,,,0,30,,8394,20,,,0,70,,8395,20,,,0,30,,8396,20,,,0,70,,8397,20,,,0,30,,8398,20,,,0,70,,8399,20,,,0
201,'5565',644,,8431,20,,,0,85,,8432,20,,,0,85,,8433,20,,,0,45,,8434,20,,,0,85,,8435,20,,,0,85,,8436,20,,,0,85,,8437,20,,,0,45,,8438,20,,,0,81,,8439,20,,,0,80,,8440,20,,,0,80,,8441,20,,,0,40,,8442,20,,,0,80,,8443,20,,,0,80,,8444,20,,,0,40,,8445,20,,,0,80,,8446,20,,,0,80,,8447,20,,,0,40,,8448,20,,,0,80,,8449,20,,,0,80,,8450,20,,,0,38,,8451,20,,,0,92,,8452,20,,,0
301,'4653',559,,8526,28,,,0,83,,8527,28,,,0,76,,8528,28,,,0,33,,8529,28,,,0,75,,8530,28,,,0,75,,8531,28,,,0,35,,8532,28,,,0,75,,8533,28,,,0,35,,8534,28,,,0,76,,8535,28,,,0,37,,8536,28,,,0,75,,8537,28,,,0,75,,8538,28,,,0,36,,8539,28,,,0,75,,8540,28,,,0,81,,8541,28,,,0,35,,8542,28,,,0,75,,8543,28,,,0,40,,8544,28,,,0,73,,8545,28,,,0,33,,8546,28,,,0,74,,8547,28,,,0,74,,8548,28,,,0,33,,8549,28,,,0,75,,8550,28,,,0,30,,8551,28,,,0,100,,8552,28,,,0,98,,8553,28,,,0
301,'5394',603,,8585,28,,,0,53,,8584,28,,,0,91,,8583,28,,,0,101,,8586,28,,,0,92,,8560,28,,,0,70,,8561,28,,,0,41,,8562,28,,,0,77,,8563,28,,,0,30,,8564,28,,,0,75,,8565,28,,,0,75,,8566,28,,,0,36,,8567,28,,,0,80,,8568,28,,,0,35,,8569,28,,,0,75,,8570,28,,,0,79,,8571,28,,,0,34,,8572,28,,,0,70,,8573,28,,,0,35,,8574,28,,,0,75,,8575,28,,,0,74,,8576,28,,,0,44,,8577,28,,,0,74,,8578,28,,,0,35,,8579,28,,,0,88,,8580,28,,,0,100,,8581,28,,,0
301,'5475',2344,,8559,11,,,0,100,,8555,28,,,0,100,,8556,28,,,0,100,,8557,28,,,0
301,'5565',625,,8590,28,,,0,101,,8591,28,,,0,95,,8593,28,,,0,90,,8602,28,,,0,99,,8588,28,,,0,95,,8594,28,,,0,97,,8595,28,,,0,56,,8592,28,,,0,100,,8596,28,,,0,100,,8597,28,,,0,101,,8598,28,,,0,98,,8599,28,,,0,145,,8600,28,,,0,55,,8601,28,,,0,92,,8587,28,,,0
601,'4653',545,,8801,1,0,58,0,77,,8802,1,0,58,0,37,,8803,1,0,58,0,76,,8804,1,0,58,0,85,,8805,1,0,58,0,80,,8806,1,0,58,0,35,,8807,1,0,58,0,115,,8808,1,0,58,0,160,,8809,1,0,58,0,125,,8810,1,0,58,0,83,,8811,1,0,58,0,88,,8812,1,0,58,0,47,,8813,1,0,58,0,82,,8814,1,0,58,0,82,,8815,1,0,58,0,83,,8816,1,0,58,0,43,,8817,1,0,58,0,102,,8818,1,0,58,0,110,,8819,1,0,58,0,155,,8820,1,0,58,0,110,,8821,1,0,58,0
601,'5394',550,,8827,1,0,58,0,95,,8828,1,0,58,0,100,,8826,1,0,58,0,100,,8829,1,0,58,0,102,,8830,1,0,58,0,93,,8831,1,0,58,0,100,,8832,1,0,58,0,100,,8833,1,0,58,0,100,,8834,1,0,58,0,100,,8835,1,0,58,0,100,,8836,1,0,58,0,100,,8837,1,0,58,0,105,,8838,1,0,58,0,105,,8839,1,0,58,0,95,,8840,1,0,58,0,110,,8841,1,0,58,0,155,,8842,1,0,58,0,110,,8825,1,0,58,0
601,'5475',2425,,8822,1,0,58,0,100,,8823,1,0,58,0,100,,8824,1,0,58,0
601,'5565',545,,8843,1,0,58,0,110,,8844,1,0,58,0,145,,8845,1,0,58,0,110,,8846,1,0,58,0,40,,8848,1,0,58,0,100,,8849,1,0,58,0,90,,8850,1,0,58,0,100,,8847,1,0,58,0,100,,8851,1,0,58,0,100,,8852,1,0,58,0,100,,8853,1,0,58,0,100,,8854,1,0,58,0,105,,8855,1,0,58,0,160,,8856,1,0,58,0,110,,8857,1,0,58,0
2400,'4653',1430,,9054,1,0,15 16 11,0
2401,'4653',735,,9055,1,0,15 16 11,0
