100,'4528',530,,6216,21,,,0,72,,6217,21,,,0,30,,6215,21,,,0,20,,6219,21,,,0,61,,6220,21,,,0,20,,6218,21,,,0,17,,6221,21,,,0,60,,3821,21,,,0,16,,6222,21,,,0,17,,6223,21,,,0,15,,6224,21,,,0,56,,6226,21,,,0,18,,6225,21,,,0,17,,6227,21,,,0,59,,6228,21,,,0,19,,6229,21,,,0,21,,6230,21,,,0,62,,6231,21,,,0,22,,6232,21,,,0,26,,6233,21,,,0,64,,6235,21,,,0,22,,6234,21,,,0,62,,6236,21,,,0,24,,6237,21,,,0,23,,6239,21,,,0,61,,6238,21,,,0,23,,6240,21,,,0,22,,6241,21,,,0,66,,6242,21,,,0,16,,6243,21,,,0,15,,6244,21,,,0,55,,6245,21,,,0,15,,6246,21,,,0,15,,6247,21,,,0,15,,6248,21,,,0,55,,6249,21,,,0,12,,6250,21,,,0,14,,6251,21,,,0,14,,6252,21,,,0,55,,6253,21,,,0,15,,6254,21,,,0,20,,6255,21,,,0,60,,6256,21,,,0,24,,6257,21,,,0,22,,6264,21,,,0,64,,6258,21,,,0,25,,6259,21,,,0,23,,6260,21,,,0,65,,6265,21,,,0,25,,6261,21,,,0,66,,6262,21,,,0,30,,6263,21,,,0
100,'4532',614,,6266,21,,,0,32,,6267,21,,,0,70,,6268,21,,,0,30,,6269,21,,,0,75,,3870,21,,,0,35,,6270,21,,,0,77,,6271,21,,,0,72,,6272,21,,,0,38,,6273,21,,,0,77,,3873,21,,,0,31,,6274,21,,,0,70,,6275,21,,,0,30,,6276,21,,,0,71,,6277,21,,,0,30,,6278,21,,,0,70,,6279,21,,,0,30,,3882,21,,,0,70,,6280,21,,,0,30,,6281,21,,,0,70,,6282,21,,,0,30,,6283,21,,,0,69,,6284,21,,,0,24,,6285,21,,,0,69,,3889,21,,,0,29,,6286,21,,,0,75,,6287,21,,,0,34,,6288,21,,,0,74,,6289,21,,,0,75,,6290,21,,,0,35,,6291,21,,,0,75,,6292,21,,,0,34,,6293,21,,,0
100,'5221',619,,6294,21,,,0,81,,6295,21,,,0,40,,6296,21,,,0,81,,6297,21,,,0,80,,6298,21,,,0,50,,6299,21,,,0,87,,6300,21,,,0,80,,6301,21,,,0,85,,6302,21,,,0,38,,6315,21,,,0,80,,6303,21,,,0,80,,6304,21,,,0,41,,6305,21,,,0,80,,6306,21,,,0,80,,6307,21,,,0,40,,6308,21,,,0,79,,6309,21,,,0,79,,6310,21,,,0,40,,6311,21,,,0,77,,6312,21,,,0,39,,6313,21,,,0,76,,6314,21,,,0,85,,6316,21,,,0,94,,6317,21,,,0
200,'4528',550,,6418,26,,,0,74,,6419,26,,,0,29,,6420,26,,,0,71,,6421,26,,,0,16,,6422,26,,,0,15,,6423,26,,,0,63,,6424,26,,,0,16,,6425,26,,,0,18,,6426,26,,,0,61,,6427,26,,,0,21,,6428,26,,,0,23,,6429,26,,,0,61,,6430,26,,,0,21,,6431,26,,,0,62,,6432,26,,,0,23,,6433,26,,,0,23,,6434,26,,,0,62,,6435,26,,,0,23,,6436,26,,,0,22,,6437,26,,,0,61,,6438,26,,,0,23,,6439,26,,,0,66,,6440,26,,,0,26,,6441,26,,,0,20,,6442,26,,,0,66,,6443,26,,,0,18,,6444,26,,,0,15,,6445,26,,,0,56,,6446,26,,,0,15,,6447,26,,,0,14,,6448,26,,,0,15,,6449,26,,,0,55,,6450,26,,,0,14,,6451,26,,,0,15,,6452,26,,,0,14,,6453,26,,,0,55,,6454,26,,,0,18,,6455,26,,,0,19,,6456,26,,,0,20,,6457,26,,,0,60,,6458,26,,,0,19,,6459,26,,,0,20,,6465,26,,,0,69,,6460,26,,,0,24,,6461,26,,,0,65,,6462,26,,,0,23,,6466,26,,,0,62,,6463,26,,,0,29,,6464,26,,,0
200,'4532',623,,6467,26,,,0,35,,4076,26,,,0,75,,6468,26,,,0,72,,6469,26,,,0,33,,6470,26,,,0,71,,6471,26,,,0,36,,4081,26,,,0,84,,6472,26,,,0,76,,6473,26,,,0,33,,6474,26,,,0,70,,6476,26,,,0,30,,6477,26,,,0,68,,4088,26,,,0,30,,6475,26,,,0,70,,6478,26,,,0,30,,6479,26,,,0,70,,6480,26,,,0,29,,6481,26,,,0,70,,6482,26,,,0,30,,4095,26,,,0,69,,6484,26,,,0,29,,6483,26,,,0,68,,6485,26,,,0,27,,6486,26,,,0,29,,6487,26,,,0,76,,6488,26,,,0,78,,6489,26,,,0,35,,6490,26,,,0,75,,6491,26,,,0,34,,6492,26,,,0,73,,6493,26,,,0
200,'5221',622,,6494,26,,,0,35,,6495,26,,,0,81,,6496,26,,,0,86,,6497,26,,,0,81,,6498,26,,,0,42,,6499,26,,,0,82,,6500,26,,,0,96,,6501,26,,,0,89,,6502,26,,,0,86,,6503,26,,,0,41,,6504,26,,,0,80,,6505,26,,,0,80,,6506,26,,,0,40,,6507,26,,,0,80,,6508,26,,,0,80,,6509,26,,,0,38,,6510,26,,,0,80,,6511,26,,,0,39,,6512,26,,,0,79,,6513,26,,,0,80,,6514,26,,,0,40,,6516,26,,,0,78,,6515,26,,,0
1701,'4528',650,,7055,38,,,0,77,,7056,38,,,0,92,,7057,38,,,0,729,,7051,38,,,0,88,,7052,38,,,0,84,,7053,38,,,0,39,,7054,38,,,0,84,,7050,38,,,0
2100,'4528',655,,7068,29,,,0,88,,7064,29,,,0,84,,7065,29,,,0,97,,7066,29,,,0,85,,7067,29,,,0,33,,7069,29,,,0,99,,7063,29,,,0,166,,7061,29,,,0,132,,7062,29,,,0,281,,4736,29,,,0,84,,7059,29,,,0,102,,7060,29,,,0,120,,7058,29,,,0
2100,'4532',820,,7077,29,,,0,134,,7079,29,,,0,180,,7078,29,,,0,183,,7073,29,,,0,118,,7074,29,,,0,103,,7075,29,,,0,98,,7076,29,,,0,98,,7071,29,,,0,175,,7072,29,,,0,133,,7070,29,,,0
2100,'5221',858,,7087,29,,,0,100,,7088,29,,,0,175,,7080,29,,,0,172,,7082,29,,,0,134,,7081,29,,,0,172,,7083,29,,,0,129,,7084,29,,,0,170,,7085,29,,,0,129,,7086,29,,,0
1002100,'4528',1543,,6120,34,,,0,80,,7909,34,,,0
