401,'4653',627,,8603,47,4,,0,111,,8604,47,4,,0,20,,8605,47,4,,0,749,,8613,47,4,,0,750,,8621,47,4,,0
401,'5527',2257,,8638,47,4,,0
401,'5565',625,,8656,47,4,,0
700,'4653',615,,8858,1,0,22 23,0,215,,8859,1,0,22 23,0,200,,8860,1,0,22 23,0,200,,8861,1,0,22 23,0,200,,8862,1,0,22 23,0,200,,8863,1,0,22 23,0,200,,8864,1,0,22 23,0,200,,8865,1,0,22 23,0,270,,8866,1,0,22 23,0
700,'5527',530,,8867,9,0,22 23,0,100,,8868,9,0,22 23,0,200,,8869,9,0,22 23,0,200,,8870,9,0,22 23,0,200,,8871,9,0,22 23,0,200,,8872,1,0,22 23,0,200,,8873,9,0,22 23,0,200,,8874,1,0,22 23,0,200,,8875,9,0,22 23,0,270,,8876,1,0,22 23,0
700,'5565',530,,8884,1,0,22 23,0,100,,8878,1,0,22 23,0,200,,8877,1,0,22 23,0,200,,8879,1,0,22 23,0,200,,8880,1,0,22 23,0,200,,8881,1,0,22 23,0,200,,8882,1,0,22 23,0,200,,8883,1,0,22 23,0
900,'4653',612,,8885,53,4,,0,109,,8886,53,4,,0,100,,8887,53,4,,0,102,,8888,53,4,,0,99,,8889,53,4,,0,101,,8890,53,4,,0,101,,8891,53,4,,0,100,,8892,53,4,,0,101,,8893,53,4,,0,100,,8894,53,4,,0,100,,8895,53,4,,0,101,,8896,53,4,,0,99,,8897,53,4,,0,98,,8898,53,4,,0,98,,8899,53,4,,0,99,,8900,53,4,,0
900,'5475',2326,,8902,53,4,,0,100,,8903,53,4,,0,100,,8904,53,4,,0,100,,8905,53,4,,0,100,,8906,53,4,,0
900,'5527',1422,,8914,53,4,,0,100,,8915,53,4,,0,299,,8918,53,4,,0
900,'5565',712,,8924,53,4,,0,100,,8925,53,4,,0,102,,8926,53,4,,0,100,,8923,53,4,,0,107,,8927,53,4,,0,95,,8928,53,4,,0,105,,8929,53,4,,0,99,,8930,53,4,,0,100,,8931,53,4,,0,100,,8932,53,4,,0,100,,8933,53,4,,0,99,,8934,53,4,,0,100,,8935,53,4,,0,94,,8936,53,4,,0
1501,'4653',730,,8964,47,4,,0,126,,8962,47,4,,0,684,,8960,47,4,,0,291,,8959,47,4,,0
1501,'5527',1126,,8966,47,4,,0,601,,8968,47,4,,0
1600,'4653',735,,8971,1,0,24,0,165,,8972,1,0,24,0,29,,8972,39,4,,0,615,,8969,1,0,24,0,74,,8969,39,4,,0,6,,8970,1,0,24,0
1000700,'4653',728,,10205,1,0,24,0,16,,10206,1,0,24,0,186,,10207,1,0,24,0,200,,10208,1,0,24,0,199,,10209,1,0,24,0,201,,10210,1,0,24,0,70,,10211,1,0,24,0,131,,10212,1,0,24,0,199,,10213,1,0,24,0,200,,10214,1,0,24,0
1000700,'5475',2330,,10215,1,0,24,0,100,,10216,1,0,24,0,100,,10217,1,0,24,0,100,,10218,1,0,24,0
1000700,'5527',730,,10219,9,0,24,0,200,,10220,9,0,24,0,200,,10221,9,0,24,0,200,,10222,9,0,24,0,200,,10223,1,0,24,0,200,,10224,9,0,24,0,200,,10225,9,0,24,0,200,,10226,9,0,24,0
1000700,'5565',730,,10228,1,0,24,0,200,,10227,1,0,24,0,200,,10229,1,0,24,0,200,,10231,1,0,24,0,200,,10230,1,0,24,0,200,,10232,1,0,24,0,200,,10233,1,0,24,0
