300,'4653',545,,8453,2,,,0,70,,8454,2,,,0,29,,8455,2,,,0,73,,8456,2,,,0,31,,8457,2,,,0,76,,8458,2,,,0,35,,8459,2,,,0,75,,8460,2,,,0,75,,8461,2,,,0,34,,8462,2,,,0,73,,8463,2,,,0,34,,8464,2,,,0,75,,8465,2,,,0,75,,8466,2,,,0,39,,8467,2,,,0,74,,8468,2,,,0,33,,8469,2,,,0,81,,8470,2,,,0,74,,8471,2,,,0,34,,8472,2,,,0,82,,8473,2,,,0,37,,8474,2,,,0,76,,8475,2,,,0,77,,8476,2,,,0,31,,8477,2,,,0,103,,8478,2,,,0,100,,8479,2,,,0,106,,8480,2,,,0
300,'5475',2349,,8481,2,,,0,100,,8482,2,,,0,100,,8483,2,,,0,100,,8484,2,,,0
300,'5527',600,,8509,2,,,0,49,,8508,2,,,0,97,,8510,2,,,0,88,,8485,2,,,0,67,,8486,2,,,0,40,,8487,2,,,0,75,,8489,2,,,0,29,,8490,2,,,0,74,,8491,2,,,0,33,,8488,2,,,0,74,,8492,2,,,0,80,,8493,2,,,0,35,,8494,2,,,0,75,,8495,2,,,0,41,,8496,2,,,0,75,,8497,2,,,0,70,,8498,2,,,0,36,,8499,2,,,0,76,,8500,2,,,0,36,,8501,2,,,0,88,,8502,2,,,0,75,,8503,2,,,0,36,,8504,2,,,0,91,,8505,2,,,0,102,,8506,2,,,0,101,,8507,2,,,0
300,'5565',628,,8511,2,,,0,95,,8512,2,,,0,87,,8525,2,,,0,92,,8514,2,,,0,54,,8515,2,,,0,94,,8516,2,,,0,94,,8513,2,,,0,99,,8517,2,,,0,100,,8518,2,,,0,100,,8519,2,,,0,100,,8520,2,,,0,105,,8521,2,,,0,97,,8522,2,,,0,98,,8523,2,,,0,102,,8524,2,,,0
500,'4653',609,,8657,2,,,0,43,,8658,2,,,0,77,,8659,2,,,0,75,,8660,2,,,0,35,,8661,2,,,0,75,,8662,2,,,0,34,,8663,2,,,0,76,,8664,2,,,0,35,,8665,2,,,0,76,,8666,2,,,0,77,,8667,2,,,0,36,,8668,2,,,0,75,,8669,2,,,0,36,,8670,2,,,0,77,,8671,2,,,0,81,,8672,2,,,0,34,,8673,2,,,0,75,,8674,2,,,0,81,,8675,2,,,0,31,,8676,2,,,0,73,,8677,2,,,0,33,,8678,2,,,0,74,,8679,2,,,0,32,,8680,2,,,0,75,,8681,2,,,0,30,,8682,2,,,0,99,,8683,2,,,0,98,,8684,2,,,0
500,'5475',2354,,8685,2,,,0,100,,8686,2,,,0,100,,8687,2,,,0,100,,8688,2,,,0
500,'5527',612,,8713,2,,,0,95,,8712,2,,,0,51,,8711,2,,,0,142,,8714,2,,,0,52,,8689,2,,,0,71,,8690,2,,,0,82,,8691,2,,,0,37,,8692,2,,,0,70,,8694,2,,,0,35,,8695,2,,,0,75,,8696,2,,,0,36,,8693,2,,,0,80,,8697,2,,,0,76,,8698,2,,,0,35,,8699,2,,,0,79,,8700,2,,,0,74,,8701,2,,,0,30,,8702,2,,,0,74,,8703,2,,,0,35,,8704,2,,,0,73,,8705,2,,,0,43,,8706,2,,,0,74,,8707,2,,,0,75,,8708,2,,,0,48,,8709,2,,,0,99,,8710,2,,,0
500,'5565',635,,8715,2,,,0,102,,8716,2,,,0,95,,8717,2,,,0,90,,8729,2,,,0,100,,8718,2,,,0,95,,8719,2,,,0,98,,8721,2,,,0,96,,8722,2,,,0,100,,8723,2,,,0,101,,8720,2,,,0,101,,8724,2,,,0,98,,8725,2,,,0,104,,8726,2,,,0,95,,8727,2,,,0,91,,8728,2,,,0
1701,'4653',647,,8973,30,,,0,75,,8974,30,,,0,94,,8975,30,,,0,727,,8976,30,,,0,85,,8977,30,,,0,86,,8978,30,,,0,42,,8979,30,,,0,82,,8980,30,,,0
2100,'4653',656,,8981,22,,,0,87,,8982,22,,,0,84,,8983,22,,,0,86,,8984,22,,,0,89,,8985,22,,,0,46,,8986,22,,,0,93,,8987,22,,,0,167,,8988,22,,,0,128,,8989,22,,,0,286,,8990,22,,,0,82,,8991,22,,,0,101,,8992,22,,,0,120,,8993,22,,,0
2100,'5475',2134,,8994,22,,,0,170,,8995,22,,,0,135,,8996,22,,,0
2100,'5527',827,,9004,22,,,0,125,,9006,22,,,0,180,,9005,22,,,0,170,,9000,22,,,0,125,,9001,22,,,0,106,,9002,22,,,0,100,,9003,22,,,0,100,,8998,22,,,0,169,,8999,22,,,0,133,,8997,22,,,0
2100,'5565',858,,9014,22,,,0,145,,9015,22,,,0,133,,9007,22,,,0,172,,9009,22,,,0,134,,9008,22,,,0,175,,9010,22,,,0,130,,9011,22,,,0,166,,9012,22,,,0,126,,9013,22,,,0
2400,'4653',1441,,9054,9,0,15 16 11,0
1002100,'4653',1546,,10234,27,,,0,76,,10235,27,,,0
