100,'4528',533,,6216,26,,,0,72,,6217,26,,,0,30,,6215,26,,,0,20,,6219,26,,,0,61,,6220,26,,,0,20,,6218,26,,,0,17,,6221,26,,,0,60,,3821,26,,,0,16,,6222,26,,,0,18,,6223,26,,,0,55,,6224,26,,,0,16,,6226,26,,,0,18,,6225,26,,,0,17,,6227,26,,,0,59,,6228,26,,,0,19,,6229,26,,,0,21,,6230,26,,,0,62,,6231,26,,,0,22,,6232,26,,,0,66,,6233,26,,,0,24,,6235,26,,,0,22,,6234,26,,,0,62,,6236,26,,,0,24,,6237,26,,,0,23,,6239,26,,,0,61,,6238,26,,,0,23,,6240,26,,,0,62,,6241,26,,,0,26,,6242,26,,,0,16,,6243,26,,,0,55,,6244,26,,,0,15,,6245,26,,,0,15,,6246,26,,,0,15,,6247,26,,,0,55,,6248,26,,,0,15,,6249,26,,,0,12,,6250,26,,,0,14,,6251,26,,,0,14,,6252,26,,,0,55,,6253,26,,,0,15,,6254,26,,,0,20,,6255,26,,,0,60,,6256,26,,,0,24,,6257,26,,,0,22,,6264,26,,,0,64,,6258,26,,,0,25,,6259,26,,,0,63,,6260,26,,,0,25,,6265,26,,,0,25,,6261,26,,,0,66,,6262,26,,,0,29,,6263,26,,,0
100,'4532',617,,6266,26,,,0,32,,6267,26,,,0,70,,6268,26,,,0,30,,6269,26,,,0,75,,3870,26,,,0,76,,6270,26,,,0,37,,6271,26,,,0,72,,6272,26,,,0,38,,6273,26,,,0,77,,3873,26,,,0,31,,6274,26,,,0,70,,6275,26,,,0,30,,6276,26,,,0,71,,6277,26,,,0,30,,6278,26,,,0,70,,6279,26,,,0,30,,3882,26,,,0,70,,6280,26,,,0,30,,6281,26,,,0,70,,6282,26,,,0,30,,6283,26,,,0,69,,6284,26,,,0,24,,6285,26,,,0,69,,3889,26,,,0,29,,6286,26,,,0,75,,6287,26,,,0,34,,6288,26,,,0,74,,6289,26,,,0,75,,6290,26,,,0,34,,6291,26,,,0,75,,6292,26,,,0,34,,6293,26,,,0
200,'4528',553,,6418,31,,,0,74,,6419,31,,,0,29,,6420,31,,,0,71,,6421,31,,,0,17,,6422,31,,,0,15,,6423,31,,,0,63,,6424,31,,,0,16,,6425,31,,,0,18,,6426,31,,,0,61,,6427,31,,,0,21,,6428,31,,,0,63,,6429,31,,,0,21,,6430,31,,,0,21,,6431,31,,,0,62,,6432,31,,,0,23,,6433,31,,,0,23,,6434,31,,,0,62,,6435,31,,,0,23,,6436,31,,,0,22,,6437,31,,,0,61,,6438,31,,,0,23,,6439,31,,,0,66,,6440,31,,,0,26,,6441,31,,,0,20,,6442,31,,,0,66,,6443,31,,,0,18,,6444,31,,,0,15,,6445,31,,,0,56,,6446,31,,,0,15,,6447,31,,,0,14,,6448,31,,,0,15,,6449,31,,,0,55,,6450,31,,,0,14,,6451,31,,,0,15,,6452,31,,,0,14,,6453,31,,,0,55,,6454,31,,,0,18,,6455,31,,,0,19,,6456,31,,,0,60,,6457,31,,,0,20,,6458,31,,,0,19,,6459,31,,,0,60,,6465,31,,,0,29,,6460,31,,,0,24,,6461,31,,,0,65,,6462,31,,,0,23,,6466,31,,,0,62,,6463,31,,,0,29,,6464,31,,,0
200,'4532',626,,6467,31,,,0,75,,4076,31,,,0,35,,6468,31,,,0,72,,6469,31,,,0,33,,6470,31,,,0,71,,6471,31,,,0,37,,4081,31,,,0,84,,6472,31,,,0,76,,6473,31,,,0,33,,6474,31,,,0,70,,6476,31,,,0,30,,6477,31,,,0,68,,4088,31,,,0,30,,6475,31,,,0,70,,6478,31,,,0,30,,6479,31,,,0,70,,6480,31,,,0,29,,6481,31,,,0,70,,6482,31,,,0,30,,4095,31,,,0,69,,6484,31,,,0,29,,6483,31,,,0,68,,6485,31,,,0,27,,6486,31,,,0,69,,6487,31,,,0,35,,6488,31,,,0,78,,6489,31,,,0,35,,6490,31,,,0,75,,6491,31,,,0,34,,6492,31,,,0,73,,6493,31,,,0
501,'4528',603,,6856,3,,,0,30,,6857,3,,,0,74,,6858,3,,,0,31,,6859,3,,,0,75,,6860,3,,,0,34,,6862,3,,,0,75,,6861,3,,,0,34,,6863,3,,,0,74,,6864,3,,,0,74,,6865,3,,,0,33,,6866,3,,,0,75,,6867,3,,,0,33,,6868,3,,,0,80,,6869,3,,,0,75,,6870,3,,,0,34,,6871,3,,,0,80,,6872,3,,,0,36,,6873,3,,,0,74,,6874,3,,,0,80,,4513,3,,,0,38,,6875,3,,,0,76,,6876,3,,,0,36,,6877,3,,,0,71,,6878,3,,,0,101,,6879,3,,,0,104,,6880,3,,,0,103,,6881,3,,,0
501,'4532',639,,6905,3,,,0,98,,6906,3,,,0,86,,6884,3,,,0,27,,6885,3,,,0,80,,6882,3,,,0,75,,6883,3,,,0,29,,6886,3,,,0,75,,6887,3,,,0,35,,6888,3,,,0,73,,6889,3,,,0,38,,6890,3,,,0,75,,6891,3,,,0,75,,6892,3,,,0,41,,6893,3,,,0,75,,6894,3,,,0,31,,6895,3,,,0,76,,6896,3,,,0,76,,6897,3,,,0,36,,6898,3,,,0,86,,6899,3,,,0,76,,6900,3,,,0,36,,6902,3,,,0,90,,6903,3,,,0,102,,6904,3,,,0,101,,6901,3,,,0
700,'4532',526,,6977,3,0,22 23,0,100,,6978,3,0,22 23,0,199,,6979,3,0,22 23,0,200,,6980,3,0,22 23,0,200,,6981,3,0,22 23,0,199,,6982,3,0,22 23,0,200,,6983,3,0,22 23,0,401,,6985,3,0,22 23,0
900,'4532',1649,,7006,3,0,34 2 13 14,0
1201,'4528',704,,7038,3,,,0,40,,7039,3,,,0,86,,7040,3,,,0,76,,7035,3,,,0,115,,7036,3,,,0,119,,7037,3,,,0,163,,7030,3,,,0,128,,7032,3,,,0,170,,7033,3,,,0,42,,7034,3,,,0,85,,7031,3,,,0
1000700,'4532',725,,7894,3,0,24,0,199,,7895,3,0,24,0,200,,7896,3,0,24,0,200,,7897,3,0,24,0,400,,7899,3,0,24,0,200,,7900,3,0,24,0,201,,7901,3,0,24,0
