100,'4528',531,,6216,22,,,0,72,,6217,22,,,0,30,,6215,22,,,0,20,,6219,22,,,0,61,,6220,22,,,0,20,,6218,22,,,0,17,,6221,22,,,0,60,,3821,22,,,0,16,,6222,22,,,0,17,,6223,22,,,0,15,,6224,22,,,0,56,,6226,22,,,0,18,,6225,22,,,0,17,,6227,22,,,0,59,,6228,22,,,0,19,,6229,22,,,0,21,,6230,22,,,0,62,,6231,22,,,0,22,,6232,22,,,0,26,,6233,22,,,0,64,,6235,22,,,0,22,,6234,22,,,0,62,,6236,22,,,0,24,,6237,22,,,0,23,,6239,22,,,0,61,,6238,22,,,0,23,,6240,22,,,0,62,,6241,22,,,0,26,,6242,22,,,0,16,,6243,22,,,0,15,,6244,22,,,0,55,,6245,22,,,0,15,,6246,22,,,0,15,,6247,22,,,0,15,,6248,22,,,0,55,,6249,22,,,0,12,,6250,22,,,0,14,,6251,22,,,0,14,,6252,22,,,0,55,,6253,22,,,0,15,,6254,22,,,0,20,,6255,22,,,0,60,,6256,22,,,0,24,,6257,22,,,0,22,,6264,22,,,0,64,,6258,22,,,0,25,,6259,22,,,0,63,,6260,22,,,0,25,,6265,22,,,0,25,,6261,22,,,0,66,,6262,22,,,0,30,,6263,22,,,0
100,'4532',822,,3870,22,,,0,299,,3873,22,,,0,332,,3882,22,,,0,362,,3889,22,,,0
100,'5560',620,,3898,22,,,0,81,,3899,22,,,0,40,,3900,22,,,0,81,,3901,22,,,0,80,,3902,22,,,0,50,,3903,22,,,0,87,,3904,22,,,0,80,,3905,22,,,0,85,,3906,22,,,0,38,,3919,22,,,0,80,,3907,22,,,0,80,,3908,22,,,0,41,,3909,22,,,0,80,,3910,22,,,0,80,,3911,22,,,0,40,,3912,22,,,0,79,,3913,22,,,0,79,,3914,22,,,0,40,,3915,22,,,0,77,,3916,22,,,0,39,,3917,22,,,0,76,,3918,22,,,0,85,,3920,22,,,0,94,,3921,22,,,0
100,'5562',615,,6266,22,,,0,32,,6267,22,,,0,70,,6268,22,,,0,30,,6269,22,,,0,110,,6270,22,,,0,77,,6271,22,,,0,72,,6272,22,,,0,38,,6273,22,,,0,108,,6274,22,,,0,70,,6275,22,,,0,30,,6276,22,,,0,71,,6277,22,,,0,30,,6278,22,,,0,70,,6279,22,,,0,100,,6280,22,,,0,30,,6281,22,,,0,70,,6282,22,,,0,30,,6283,22,,,0,69,,6284,22,,,0,24,,6285,22,,,0,98,,6286,22,,,0,75,,6287,22,,,0,34,,6288,22,,,0,74,,6289,22,,,0,75,,6290,22,,,0,35,,6291,22,,,0,75,,6292,22,,,0,34,,6293,22,,,0
100,'5563',620,,6294,22,,,0,81,,6295,22,,,0,40,,6296,22,,,0,81,,6297,22,,,0,80,,6298,22,,,0,50,,6299,22,,,0,87,,6300,22,,,0,80,,6301,22,,,0,85,,6302,22,,,0,38,,6315,22,,,0,80,,6303,22,,,0,80,,6304,22,,,0,41,,6305,22,,,0,80,,6306,22,,,0,80,,6307,22,,,0,40,,6308,22,,,0,79,,6309,22,,,0,79,,6310,22,,,0,40,,6311,22,,,0,77,,6312,22,,,0,39,,6313,22,,,0,76,,6314,22,,,0,85,,6316,22,,,0,94,,6317,22,,,0
200,'4528',551,,6418,27,,,0,74,,6419,27,,,0,29,,6420,27,,,0,71,,6421,27,,,0,16,,6422,27,,,0,15,,6423,27,,,0,63,,6424,27,,,0,16,,6425,27,,,0,18,,6426,27,,,0,61,,6427,27,,,0,21,,6428,27,,,0,23,,6429,27,,,0,61,,6430,27,,,0,21,,6431,27,,,0,62,,6432,27,,,0,23,,6433,27,,,0,23,,6434,27,,,0,62,,6435,27,,,0,23,,6436,27,,,0,22,,6437,27,,,0,61,,6438,27,,,0,23,,6439,27,,,0,66,,6440,27,,,0,26,,6441,27,,,0,20,,6442,27,,,0,66,,6443,27,,,0,18,,6444,27,,,0,15,,6445,27,,,0,56,,6446,27,,,0,15,,6447,27,,,0,14,,6448,27,,,0,15,,6449,27,,,0,55,,6450,27,,,0,14,,6451,27,,,0,15,,6452,27,,,0,14,,6453,27,,,0,55,,6454,27,,,0,18,,6455,27,,,0,19,,6456,27,,,0,60,,6457,27,,,0,20,,6458,27,,,0,19,,6459,27,,,0,20,,6465,27,,,0,69,,6460,27,,,0,24,,6461,27,,,0,65,,6462,27,,,0,23,,6466,27,,,0,62,,6463,27,,,0,29,,6464,27,,,0
200,'4532',659,,4076,27,,,0,287,,4081,27,,,0,361,,4088,27,,,0,329,,4095,27,,,0
200,'5560',623,,4106,27,,,0,35,,4107,27,,,0,81,,4108,27,,,0,86,,4109,27,,,0,81,,4110,27,,,0,42,,4111,27,,,0,82,,4112,27,,,0,96,,4113,27,,,0,89,,4114,27,,,0,86,,4115,27,,,0,41,,4116,27,,,0,80,,4117,27,,,0,80,,4118,27,,,0,40,,4119,27,,,0,80,,4120,27,,,0,80,,4121,27,,,0,38,,4122,27,,,0,80,,4123,27,,,0,39,,4124,27,,,0,79,,4125,27,,,0,80,,4126,27,,,0,40,,4128,27,,,0,78,,4127,27,,,0
200,'5562',624,,6467,27,,,0,110,,6468,27,,,0,72,,6469,27,,,0,33,,6470,27,,,0,71,,6471,27,,,0,120,,6472,27,,,0,76,,6473,27,,,0,33,,6474,27,,,0,70,,6476,27,,,0,30,,6477,27,,,0,98,,6475,27,,,0,70,,6478,27,,,0,30,,6479,27,,,0,70,,6480,27,,,0,29,,6481,27,,,0,70,,6482,27,,,0,99,,6484,27,,,0,29,,6483,27,,,0,68,,6485,27,,,0,27,,6486,27,,,0,29,,6487,27,,,0,76,,6488,27,,,0,78,,6489,27,,,0,35,,6490,27,,,0,75,,6491,27,,,0,34,,6492,27,,,0,73,,6493,27,,,0
200,'5563',623,,6494,27,,,0,35,,6495,27,,,0,81,,6496,27,,,0,86,,6497,27,,,0,81,,6498,27,,,0,42,,6499,27,,,0,82,,6500,27,,,0,96,,6501,27,,,0,89,,6502,27,,,0,86,,6503,27,,,0,41,,6504,27,,,0,80,,6505,27,,,0,80,,6506,27,,,0,40,,6507,27,,,0,80,,6508,27,,,0,80,,6509,27,,,0,38,,6510,27,,,0,80,,6511,27,,,0,39,,6512,27,,,0,79,,6513,27,,,0,80,,6514,27,,,0,40,,6516,27,,,0,78,,6515,27,,,0
601,'4528',611,,6932,46,,,0,40,,6933,46,,,0,78,,6935,46,,,0,79,,6936,46,,,0,40,,6937,46,,,0,85,,6934,46,,,0,75,,6938,46,,,0,117,,6939,46,,,0,121,,6940,46,,,0,165,,6941,46,,,0,44,,6942,46,,,0,87,,6924,46,,,0,88,,6925,46,,,0,83,,6926,46,,,0,37,,6928,46,,,0,84,,6929,46,,,0,80,,6930,46,,,0,101,,6927,46,,,0,109,,6931,46,,,0,113,,6922,46,,,0,107,,6923,46,,,0
601,'5560',609,,4600,46,0,57,0,111,,4601,46,0,57,0,108,,4602,46,0,57,0,105,,4603,46,0,57,0,86,,4605,46,0,57,0,103,,4606,46,0,57,0,90,,4607,46,0,57,0,101,,4604,46,0,57,0,100,,4608,46,0,57,0,100,,4609,46,0,57,0,100,,4610,46,0,57,0,98,,4611,46,0,57,0,104,,4612,46,0,57,0,119,,4613,46,0,57,0,109,,4614,46,0,57,0
601,'5562',614,,6945,46,,,0,100,,6946,46,,,0,103,,6944,46,,,0,97,,6947,46,,,0,102,,6948,46,,,0,100,,6949,46,,,0,96,,6950,46,,,0,102,,6951,46,,,0,100,,6952,46,,,0,99,,6953,46,,,0,99,,6954,46,,,0,99,,6955,46,,,0,105,,6956,46,,,0,103,,6957,46,,,0,95,,6958,46,,,0,107,,6959,46,,,0,114,,6960,46,,,0,110,,6943,46,,,0
601,'5563',609,,6961,46,,,0,111,,6962,46,,,0,108,,6963,46,,,0,105,,6964,46,,,0,86,,6966,46,,,0,103,,6967,46,,,0,90,,6968,46,,,0,101,,6965,46,,,0,100,,6969,46,,,0,100,,6970,46,,,0,100,,6971,46,,,0,98,,6972,46,,,0,104,,6973,46,,,0,119,,6974,46,,,0,109,,6975,46,,,0
1701,'4528',651,,7055,39,,,0,77,,7056,39,,,0,92,,7057,39,,,0,729,,7051,39,,,0,88,,7052,39,,,0,84,,7053,39,,,0,79,,7054,39,,,0,44,,7050,39,,,0
2100,'4528',656,,7068,30,,,0,88,,7064,30,,,0,84,,7065,30,,,0,97,,7066,30,,,0,85,,7067,30,,,0,33,,7069,30,,,0,99,,7063,30,,,0,166,,7061,30,,,0,132,,7062,30,,,0,281,,4736,30,,,0,84,,7059,30,,,0,102,,7060,30,,,0,120,,7058,30,,,0
2100,'5560',859,,4763,30,,,0,100,,4764,30,,,0,175,,4756,30,,,0,172,,4758,30,,,0,134,,4757,30,,,0,172,,4759,30,,,0,129,,4760,30,,,0,170,,4761,30,,,0,129,,4762,30,,,0
2100,'5562',821,,7077,30,,,0,134,,7079,30,,,0,180,,7078,30,,,0,183,,7073,30,,,0,118,,7074,30,,,0,103,,7075,30,,,0,98,,7076,30,,,0,98,,7071,30,,,0,175,,7072,30,,,0,133,,7070,30,,,0
2100,'5563',859,,7087,30,,,0,100,,7088,30,,,0,175,,7080,30,,,0,172,,7082,30,,,0,134,,7081,30,,,0,172,,7083,30,,,0,129,,7084,30,,,0,170,,7085,30,,,0,129,,7086,30,,,0
1002100,'4528',1544,,6120,35,,,0,80,,7909,35,,,0
