1,100,'4528',6215,6216,6217,6218,6219,6220,6221,3821,6222,6223,6224,6225,6226,6227,6228,6229,6230,6231,6232,6233,6234,6235,6236,6237,6238,6239,6240,6241,6242,6243,6244,6245,6246,6247,6248,6249,6250,6251,6252,6253,6254,6255,6256,6257,6258,6259,6260,6261,6262,6263,6264,6265
1,100,'4532',6266,6267,6268,6269,3870,6270,6271,3873,6272,6273,6274,6275,6276,6277,6278,6279,3882,6280,6281,6282,6283,6284,6285,3889,6286,6287,6288,6289,6290,6291,6292,6293
1,101,'4528',6318,6319,6320,6321,6322,6323,6324,6325,6326,6327,6328,6329,6330,6331,6332,6333,6334,6335,6336,6337,6338,6339,6340,6341,6342,6343,6344,6345,6346,6347,6348,6349,6350,6351,6352,6353,6354,6355,6356,6357,6358,6359,6360,6361,6362,6363,6364,6365,6366,6367
1,101,'4532',6368,3973,6369,6370,6371,3977,6372,6373,6374,6375,6376,3983,6377,6378,6379,6380,6381,6382,3990,6383,6384,6385,6386,6387,6388,6389,6390,6391,6392,6393,6394,6395
2,200,'4528',6418,6419,6420,6421,6422,6423,6424,6425,6426,6427,6428,6429,6430,6431,6432,6433,6434,6435,6436,6437,6438,6439,6440,6441,6442,6443,6444,6445,6446,6447,6448,6449,6450,6451,6452,6453,6454,6455,6456,6457,6458,6459,6460,6461,6462,6463,6464,6465,6466
2,200,'4532',6467,4076,6468,6469,6470,6471,4081,6472,6473,6474,6475,6476,6477,4088,6478,6479,6480,6481,6482,6483,4095,6484,6485,6486,6487,6488,6489,6490,6491,6492,6493
2,201,'4528',6517,6518,6519,6520,4134,6521,6522,6523,6524,6525,6526,6527,6528,6529,6530,6531,6532,6533,6534,6535,6536,6537,6538,6539,6540,6541,6542,6543,6544,6545,6546,6547,6548,6549,6550,6551,6552,6553,6554,6555,6556,6557,6558,6559,6560,6561,6562,6563,6564,6565
2,201,'4532',6566,6567,6568,6569,4184,6570,6571,6572,4188,6573,6574,6575,4192,6576,6577,6578,6579,6580,6581,6582,6583,6584,4202,6585,6586,6587,6588,6589,6590,6591,6592,6593
3,300,'4528',6617,6618,6619,6620,6621,6622,6623,6624,6625,6626,6627,6628,6629,6630,6631,6632,6633,6634,6635,6636,4255,6637,6638,6639,6640,6641,6642,6643
3,300,'4532',6644,6645,6646,6647,6648,6649,6650,6651,6652,6653,6654,6655,6656,6657,6658,6659,6660,6661,6662,6663,6664,6665,6666,6667,6668,6669
3,301,'4528',6685,6686,6687,6688,6689,6690,6691,6692,6693,6694,6695,6696,6697,6698,6699,6700,6701,6702,6703,6704,6705,4325,6706,6707,6708,6709,6710,6711,6712
3,301,'4532',6713,6714,6715,6716,6717,6718,6719,6720,6721,6722,6723,6724,6725,6726,6727,6728,6729,6730,6731,6732,6733,6734,6735,6736,6737,6738,6739
4,401,'4528',4376,4377,6756,4379,4380,6757,4382,6758,6759,6760,4386,6761,4388,6762,4390,4391,6763,6764
4,401,'4532',6765,6766,6767,6768,6769,6770,6771,6772,6773,6774,6775,6776,6777,6778,6779,6780,6781
5,500,'4528',6788,6789,6790,6791,6792,6793,6794,6795,6796,6797,6798,6799,6800,6801,6802,6803,6804,6805,6806,6807,6808,4446,6809,6810,6811,6812,6813,6814
5,500,'4532',6815,6816,6817,6818,6819,6820,6821,6822,6823,6824,6825,6826,6827,6828,6829,6830,6831,6832,6833,6834,6835,6836,6837,6838,6839,6840
5,501,'4528',6856,6857,6858,6859,6860,6861,6862,6863,6864,6865,6866,6867,6868,6869,6870,6871,6872,6873,6874,4513,6875,6876,6877,6878,6879,6880,6881
5,501,'4532',6882,6883,6884,6885,6886,6887,6888,6889,6890,6891,6892,6893,6894,6895,6896,6897,6898,6899,6900,6901,6902,6903,6904,6905,6906
6,601,'4528',6922,6923,6924,6925,6926,6927,6928,6929,6930,6931,6932,6933,6934,6935,6936,6937,6938,6939,6940,6941,6942
6,601,'4532',6943,6944,6945,6946,6947,6948,6949,6950,6951,6952,6953,6954,6955,6956,6957,6958,6959,6960
7,700,'4528',4615,4616,4617,4618,4619,6976,4621,4622,4623
7,700,'4532',6977,6978,6979,6980,6981,6982,6983,6984,6985,6986
9,900,'4528',4642,4643,6987,4645,6988,6989,4648,6990,4650,6991,4652,6992,4654,6993,4656,6994,6995
9,900,'4532',6996,6997,6998,6999,7000,7001,7002,7003,7004,7005,7006,7007,7008,7009,7010,7011
12,1200,'4528',7019,7020,7021,7022,7023,7024,7025,7026,7027,7028,7029
12,1201,'4528',7030,7031,7032,7033,7034,7035,7036,7037,7038,7039,7040
15,1501,'4528',7041,7042,4713,4714,7043,4716
15,1501,'4532',7044,7045,7046,7047
16,1600,'4528',7048,4722,7049,4724
17,1701,'4528',7050,7051,7052,7053,7054,7055,7056,7057
21,2100,'4528',7058,7059,7060,4736,7061,7062,7063,7064,7065,7066,7067,7068,7069
21,2100,'4532',7070,7071,7072,7073,7074,7075,7076,7077,7078,7079
21,2101,'4528',7089,7090,4767,7091,7092,7093,7094,4772,7095,7096,7097,7098,7099,7100
21,2101,'4532',7101,7102,7103,7104,7105,7106,7107,7108,7109,7110
31,3100,'4528',7120,7121,7122,7123,7124,7125,7126,7127,7128,4807,7129,7130,4810,7131
31,3100,'4532',7132,7133,7134,7135,7136,7137,7138,7139
31,3101,'4528',7147,7148,7149,7150,7151,7152,7153,7154,7155,7156,7157,7158,7159,7160,7161,7162,7163
31,3101,'4532',7164,7165,7166,7167,7168,7169,7170,7171,7172,7173
32,3201,'4528',7181,7182,7183,7184,7185,7186,7187,7188,7189,7190,7191,7192,7193,7194,7195,7196,7197,7198,7199,7200,7201,7202,7203,7204,7205,7206,7207,7208
32,3201,'4532',7209,7210,7211,7212,7213,7214,7215,7216,7217,7218,7219,7220,7221,7222,7223,7224,7225,7226,7227,7228,7229,7230,7231,7232
33,3301,'4528',7251,7252,7253,7254,7255,7256,7257,7258,7259,7260,7261,7262,7263,7264,7265,7266,7267,7268,7269,7270,7271,7272,7273,7274,7275,7276,7277,7278
33,3301,'4532',7279,7280,7281,7282,7283,7284,7285,7286,7287,7288,7289,7290,7291,7292,7293,7294,7295,7296,7297,7298,7299
34,3401,'4528',7317,7318,7319,7320,7321,7322,7323,7324,7325,7326,7327,7328,7329,7330,7331,7332,7333,7334,7335,7336,7337,7338,7339,7340,7341,7342,7343
34,3401,'4532',7344,7345,7346,7347,7348,7349,7350,7351,7352,7353,7354,7355,7356,7357,7358,7359,7360,7361,7362,7363
35,3501,'4528',5060,5061,5062,5063,5064,5065,5066,5067
35,3501,'4532',5068,5069,5070,5071,5072
39,3900,'4528',5078,5079,5080,5081,5082,5083,5084,5085,5086
39,3900,'4532',5087,5088,5089,5090,5091,5092,5093,5094
51,5100,'4528',7391,7392,7393,7394,7395,5108,7396,7397,7398,5112,7399,7400,7401,7402,7403,7404,7405,7406,7407,7408,7409,7410,7411,7412,7413,7414,7415,7416,7417,7418,7419,7420,7421,7422,7423,7424,7425,7426,7427,7428,7429,7430,7431,7432,7433,7434,7435,7436,7437,7438,7439,7440,7441
51,5100,'4532',7442,7443,7444,7445,7446,7447,7448,7449,7450,7451,7452,7453,7454,7455,7456,7457,7458,7459,7460,7461,7462,7463,7464,7465,7466,7467,7468,7469,7470,7471,7472,7473,7474,7475,7476,7477,7478,7479,7480,7481
51,5101,'4528',7482,7483,7484,7485,7486,5226,7487,7488,7489,7490,7491,7492,7493,7494,7495,7496,7497,7498,7499,7500,7501,7502,7503,7504,7505,7506,7507,7508,7509,7510,7511,7512,7513,7514,7515,7516,7517,7518,7519,7520,7521,7522,7523,7524,7525,7526,7527,7528,7529
51,5101,'4532',7530,7531,7532,7533,7534,7535,7536,7537,7538,7539,7540,7541,7542,7543,7544,7545,7546,7547,7548,7549,7550,7551,7552,7553,7554,7555,7556,7557,7558,7559,7560,7561,7562,7563,7564,7565,7566,7567,7568,7569
52,5200,'4528',7570,7571,7572,7573,7574,7575,7576,7577,7578,7579,7580,7581,7582,7583,7584,7585,7586
52,5200,'4532',7587,7588,7589,7590,7591,7592,7593,7594,7595,7596,7597,7598,7599,7600,7601
52,5201,'4528',7616,7617,7618,7619,7620,7621,7622,7623,7624,7625,7626,7627,7628,7629,7630,7631
52,5201,'4532',7632,7633,7634,7635,7636,7637,7638,7639,7640,7641,7642,7643,7644,7645,7646,7647
53,5301,'4528',7661,7662,7663,7664,7665,7666,7667,7668,7669,7670,7671,7672,7673,7674,7675,7676,7677,7678,7679,7680,7681
53,5301,'4532',7682,7683,7684,7685,7686,7687,7688,7689,7690,5456,5457,7691,7692,7693,7694
54,5401,'4528',7708,7709,7710,7711,7712,7713,7714,7715,7716,7717,7718,7719,7720,7721,7722,7723,7724
54,5401,'4532',7725,7726,7727,7728,7729,7730,7731,7732,7733,7734,7735,7736,7737,7738,7739,7740,7741
55,5501,'4528',7755,7756,7757,7758
55,5501,'4532',7759,5527,5528
56,5601,'4528',5529,5530,5531,5532,5533,5534,5535,5536,5537,5538
56,5601,'4532',5539,5540,5541,5542,5543,5544,5545,5546,5547,5548
57,5700,'4528',7760,7761,7762,7763,7764,7765,7766,7767,7768,7769,7770,7771,7772,7773,7774,7775
57,5700,'4532',7776,7777,7778,7779,7780,7781,7782,7783,7784,7785,5584,7786,7787,7788
57,5701,'4528',7801,7802,7803,7804,7805,7806,7807,7808,7809,7810,7811,7812,7813,7814,7815
57,5701,'4532',7816,7817,7818,7819,7820,7821,7822,7823,7824,7825,5625,7826,7827
58,5801,'4528',7840,7841,7842,7843,7844,7845,7846,7847,7848,7849,7850,7851,7852,7853,7854
58,5801,'4532',7855,7856,7857,7858,7859,7860,7861,7862,7863,7864,7865,5666,7866,7867
59,5900,'4528',7881,7882
59,5901,'4528',7883,7884
66,6600,'4528',5686,5687,5688,5689,5690,5691,5692,5693,5694,5695,5696,5697,5698,5699,5700,5701,5702,5703,5704,5705,5706,5707,5708,5709,5710,5711,5712,5713,5714,5715,5716,5717,5718,5719,5720
66,6600,'4532',5721,5722,5723,5724,5725,5726,5727,5728,5729,5730,5731,5732,5733,5734,5735,5736,5737,5738,5739,5740,5741,5742,5743,5744
66,6601,'4528',5777,5778,5779,5780,5781,5782,5783,5784,5785,5786,5787,5788,5789,5790,5791,5792,5793,5794,5795,5796,5797,5798,5799,5800,5801,5802,5803,5804,5805,5806,5807,5808,5809,5810,5811
66,6601,'4532',5812,5813,5814,5815,5816,5817,5818,5819,5820,5821,5822,5823,5824,5825,5826,5827,5828,5829,5830,5831,5832,5833,5834,5835
71,7100,'4528',5864,5865,5866,5867,5868,5869,5870,5871,5872,5873,5874
71,7100,'4532',5877,5878,5879,5880,5881,5882,5883,5884,5885
71,7100,'4623',5875,5876
71,7101,'4528',5890,5891,5892,5893,5894,5895,5896,5897,5898,5899,5900
71,7101,'4532',5903,5904,5905,5906,5907,5908,5909,5910,5911
71,7101,'4623',5901,5902
72,7200,'4528',5916,5917,5918,5919
72,7200,'4532',5920,5921,5922,5923
72,7201,'4528',5924,5925,5926,5927
72,7201,'4532',5928,5929,5930,5931
10007,1000700,'4528',7885,7886,7887,7888,7889,7890,7891,7892,7893
10007,1000700,'4532',7894,7895,7896,7897,7898,7899,7900,7901
10021,1002100,'4528',6120,7909
10021,1002101,'4528',7910
10031,1003100,'4528',7911,7912,7913,7914,7915,7916,7917,7918,7919,7920,7921,7922,7923,7924,7925,7926,7927,7928,7929,7930
10031,1003100,'4532',7931,7932,7933,7934,7935,7936,7937,7938,7939,7940,7941,7942,7943,7944
10031,1003101,'4528',7957,7958,7959,7960,7961,7962,7963,7964,7965,7966,7967,6180,7968,7969,6183,7970,7971,7972,7973
10031,1003101,'4532',7974,7975,7976,7977,7978,7979,7980,7981,7982,7983,7984,7985
240031,24003100,'4528',7997,7998,7999,8000
