301,'4653',546,,8526,8,,,0,80,,8527,8,,,0,75,,8528,8,,,0,31,,8529,8,,,0,75,,8530,8,,,0,35,,8531,8,,,0,75,,8532,8,,,0,35,,8533,8,,,0,75,,8534,8,,,0,75,,8535,8,,,0,37,,8536,8,,,0,75,,8537,8,,,0,35,,8538,8,,,0,75,,8539,8,,,0,35,,8540,8,,,0,80,,8541,8,,,0,75,,8542,8,,,0,35,,8543,8,,,0,80,,8544,8,,,0,75,,8545,8,,,0,34,,8546,8,,,0,74,,8547,8,,,0,34,,8548,8,,,0,75,,8549,8,,,0,35,,8550,8,,,0,70,,8551,8,,,0,100,,8552,8,,,0,100,,8553,8,,,0,99,,8554,8,0,17 10,0
301,'5394',548,,8585,8,,,0,93,,8584,8,,,0,90,,8583,8,,,0,100,,8586,8,,,0,91,,8560,8,,,0,30,,8561,8,,,0,80,,8562,8,,,0,76,,8563,8,,,0,30,,8564,8,,,0,75,,8565,8,,,0,35,,8566,8,,,0,76,,8567,8,,,0,80,,8568,8,,,0,35,,8569,8,,,0,75,,8570,8,,,0,39,,8571,8,,,0,75,,8572,8,,,0,30,,8573,8,,,0,75,,8574,8,,,0,75,,8575,8,,,0,34,,8576,8,,,0,85,,8577,8,,,0,75,,8578,8,,,0,35,,8579,8,,,0,89,,8580,8,,,0,100,,8581,8,,,0,99,,8582,8,0,17 10,0
301,'5475',2430,,8555,8,,,0,100,,8556,8,,,0,100,,8557,8,,,0,100,,8558,8,0,17 10,0
301,'5565',609,,8590,8,,,0,101,,8591,8,,,0,95,,8593,8,,,0,50,,8602,8,,,0,97,,8588,8,,,0,95,,8594,8,,,0,96,,8595,8,,,0,95,,8592,8,,,0,100,,8596,8,,,0,100,,8597,8,,,0,101,,8598,8,,,0,99,,8599,8,,,0,105,,8600,8,,,0,95,,8601,8,,,0,94,,8587,8,,,0,100,,8589,8,0,17 10,0
700,'4653',642,,8858,40,,,0,216,,8859,40,,,0,200,,8860,40,,,0,200,,8861,40,,,0,242,,8862,40,,,0,159,,8863,40,,,0,197,,8864,40,,,0,199,,8865,40,,,0,267,,8866,40,,,0
700,'5394',553,,8867,48,,,0,100,,8868,48,,,0,203,,8869,48,,,0,202,,8870,48,,,0,200,,8871,48,,,0,201,,8872,40,,,0,200,,8873,48,,,0,199,,8874,40,,,0,199,,8875,48,,,0,265,,8876,40,,,0
700,'5565',552,,8884,40,,,0,100,,8878,40,,,0,202,,8877,40,,,0,202,,8879,40,,,0,201,,8880,40,,,0,201,,8881,40,,,0,200,,8882,40,,,0,198,,8883,40,,,0
1000700,'4653',800,,10205,44,0,17 10,0,15,,10206,44,0,17 10,0,185,,10207,44,0,17 10,0,200,,10208,44,0,17 10,0,159,,10209,44,0,17 10,0,243,,10210,44,0,17 10,0,29,,10211,44,0,17 10,0,170,,10212,44,0,17 10,0,157,,10213,44,0,17 10,0,198,,10214,44,0,17 10,0
1000700,'5394',755,,10219,52,0,17 10,0,245,,10220,52,,,0,200,,10221,52,0,17 10,0,200,,10222,52,0,17 10,0,201,,10223,44,,,0,199,,10224,52,0,17 10,0,158,,10225,52,0,17 10,0,198,,10226,52,,,0
1000700,'5475',2354,,10215,44,0,17 10,0,100,,10216,44,0,17 10,0,100,,10217,44,0,17 10,0,100,,10218,44,0,17 10,0
1000700,'5565',758,,10228,44,0,17 10,0,200,,10227,44,0,17 10,0,201,,10229,44,0,17 10,0,200,,10231,44,0,17 10,0,241,,10230,44,0,17 10,0,159,,10232,44,0,17 10,0,198,,10233,44,0,17 10,0
