300,'4653',556,,8453,18,,,0,70,,8454,18,,,0,30,,8455,18,,,0,73,,8456,18,,,0,74,,8457,18,,,0,35,,8458,18,,,0,75,,8459,18,,,0,35,,8460,18,,,0,75,,8461,18,,,0,35,,8462,18,,,0,74,,8463,18,,,0,74,,8464,18,,,0,35,,8465,18,,,0,75,,8466,18,,,0,39,,8467,18,,,0,75,,8468,18,,,0,73,,8469,18,,,0,40,,8470,18,,,0,74,,8471,18,,,0,35,,8472,18,,,0,80,,8473,18,,,0,76,,8474,18,,,0,36,,8475,18,,,0,75,,8476,18,,,0,31,,8477,18,,,0,102,,8478,18,,,0,100,,8479,18,,,0,105,,8480,18,,,0
300,'5475',2359,,8481,18,,,0,100,,8482,18,,,0,100,,8483,18,,,0,100,,8484,18,,,0
300,'5527',609,,8509,18,,,0,49,,8508,18,,,0,99,,8510,18,,,0,88,,8485,18,,,0,68,,8486,18,,,0,40,,8487,18,,,0,75,,8489,18,,,0,30,,8490,18,,,0,75,,8491,18,,,0,74,,8488,18,,,0,34,,8492,18,,,0,80,,8493,18,,,0,35,,8494,18,,,0,75,,8495,18,,,0,81,,8496,18,,,0,35,,8497,18,,,0,70,,8498,18,,,0,35,,8499,18,,,0,76,,8500,18,,,0,75,,8501,18,,,0,47,,8502,18,,,0,75,,8503,18,,,0,76,,8504,18,,,0,50,,8505,18,,,0,101,,8506,18,,,0,101,,8507,18,,,0
300,'5565',638,,8511,18,,,0,95,,8512,18,,,0,88,,8525,18,,,0,93,,8514,18,,,0,94,,8515,18,,,0,95,,8516,18,,,0,55,,8513,18,,,0,99,,8517,18,,,0,100,,8518,18,,,0,100,,8519,18,,,0,100,,8520,18,,,0,145,,8521,18,,,0,56,,8522,18,,,0,97,,8523,18,,,0,102,,8524,18,,,0
301,'4653',600,,8526,30,,,0,43,,8527,30,,,0,77,,8528,30,,,0,33,,8529,30,,,0,75,,8530,30,,,0,75,,8531,30,,,0,35,,8532,30,,,0,75,,8533,30,,,0,35,,8534,30,,,0,76,,8535,30,,,0,77,,8536,30,,,0,35,,8537,30,,,0,75,,8538,30,,,0,36,,8539,30,,,0,75,,8540,30,,,0,81,,8541,30,,,0,35,,8542,30,,,0,75,,8543,30,,,0,40,,8544,30,,,0,73,,8545,30,,,0,33,,8546,30,,,0,74,,8547,30,,,0,74,,8548,30,,,0,33,,8549,30,,,0,75,,8550,30,,,0,30,,8551,30,,,0,99,,8552,30,,,0,98,,8553,30,,,0
301,'5475',2345,,8559,13,,,0,100,,8555,30,,,0,100,,8556,30,,,0,100,,8557,30,,,0
301,'5527',604,,8585,30,,,0,53,,8584,30,,,0,91,,8583,30,,,0,102,,8586,30,,,0,92,,8560,30,,,0,70,,8561,30,,,0,41,,8562,30,,,0,77,,8563,30,,,0,70,,8564,30,,,0,35,,8565,30,,,0,75,,8566,30,,,0,36,,8567,30,,,0,80,,8568,30,,,0,75,,8569,30,,,0,35,,8570,30,,,0,79,,8571,30,,,0,34,,8572,30,,,0,70,,8573,30,,,0,35,,8574,30,,,0,75,,8575,30,,,0,74,,8576,30,,,0,44,,8577,30,,,0,74,,8578,30,,,0,35,,8579,30,,,0,88,,8580,30,,,0,99,,8581,30,,,0
301,'5565',626,,8590,30,,,0,101,,8591,30,,,0,95,,8593,30,,,0,90,,8602,30,,,0,100,,8588,30,,,0,95,,8594,30,,,0,97,,8595,30,,,0,96,,8592,30,,,0,100,,8596,30,,,0,100,,8597,30,,,0,101,,8598,30,,,0,58,,8599,30,,,0,145,,8600,30,,,0,55,,8601,30,,,0,92,,8587,30,,,0
601,'4653',546,,8801,3,0,58,0,77,,8802,3,0,58,0,77,,8803,3,0,58,0,37,,8804,3,0,58,0,85,,8805,3,0,58,0,80,,8806,3,0,58,0,35,,8807,3,0,58,0,115,,8808,3,0,58,0,160,,8809,3,0,58,0,125,,8810,3,0,58,0,83,,8811,3,0,58,0,88,,8812,3,0,58,0,47,,8813,3,0,58,0,82,,8814,3,0,58,0,82,,8815,3,0,58,0,83,,8816,3,0,58,0,42,,8817,3,0,58,0,102,,8818,3,0,58,0,110,,8819,3,0,58,0,155,,8820,3,0,58,0,110,,8821,3,0,58,0
601,'5475',2426,,8822,3,0,58,0,100,,8823,3,0,58,0,100,,8824,3,0,58,0
601,'5527',551,,8827,3,0,58,0,95,,8828,3,0,58,0,100,,8826,3,0,58,0,100,,8829,3,0,58,0,102,,8830,3,0,58,0,94,,8831,3,0,58,0,100,,8832,3,0,58,0,100,,8833,3,0,58,0,100,,8834,3,0,58,0,100,,8835,3,0,58,0,100,,8836,3,0,58,0,100,,8837,3,0,58,0,105,,8838,3,0,58,0,104,,8839,3,0,58,0,95,,8840,3,0,58,0,110,,8841,3,0,58,0,155,,8842,3,0,58,0,110,,8825,3,0,58,0
601,'5565',546,,8843,3,0,58,0,110,,8844,3,0,58,0,145,,8845,3,0,58,0,110,,8846,3,0,58,0,40,,8848,3,0,58,0,100,,8849,3,0,58,0,90,,8850,3,0,58,0,100,,8847,3,0,58,0,100,,8851,3,0,58,0,100,,8852,3,0,58,0,100,,8853,3,0,58,0,100,,8854,3,0,58,0,105,,8855,3,0,58,0,160,,8856,3,0,58,0,110,,8857,3,0,58,0
2401,'4653',737,,9055,3,0,15 16 11,0
3100,'4653',725,,9058,3,,,0,32,,9059,3,,,0,72,,9060,3,,,0,103,,9061,3,,,0,106,,9062,3,,,0,110,,9063,3,,,0,110,,9064,3,,,0,154,,9065,3,,,0,96,,9066,3,,,0,37,,9067,3,,,0,77,,9068,3,,,0,35,,9069,3,,,0,75,,9070,3,,,0,75,,9071,3,,,0
3100,'5527',903,,9075,3,,,0,105,,9079,3,,,0,110,,9073,3,,,0,109,,9072,3,,,0,110,,9074,3,,,0,115,,9076,3,,,0,156,,9078,3,,,0,110,,9077,3,,,0
3100,'5565',1008,,9086,3,,,0,110,,9080,3,,,0,109,,9081,3,,,0,110,,9082,3,,,0,115,,9083,3,,,0,156,,9085,3,,,0,110,,9084,3,,,0
1003100,'4653',638,,10237,3,,,0,68,,10238,3,,,0,30,,10239,3,,,0,71,,10240,3,,,0,50,,10241,3,,,0,144,,10242,3,,,0,109,,10243,3,,,0,110,,10244,3,,,0,115,,10245,3,,,0,109,,10246,3,,,0,81,,10247,3,,,0,75,,10248,3,,,0,37,,10249,3,,,0,75,,10250,3,,,0,33,,10251,3,,,0,80,,10252,3,,,0,86,,10253,3,,,0,122,,10254,3,,,0,104,,10255,3,,,0,110,,10256,3,,,0
1003100,'5475',2354,,10257,3,,,0,100,,10258,3,,,0,100,,10259,3,,,0,100,,10260,3,,,0
1003100,'5527',731,,10274,3,,,0,100,,10263,3,,,0,99,,10262,3,,,0,110,,10261,3,,,0,110,,10269,3,,,0,150,,10273,3,,,0,115,,10266,3,,,0,114,,10270,3,,,0,111,,10267,3,,,0,110,,10268,3,,,0,75,,10264,3,,,0,115,,10265,3,,,0,103,,10272,3,,,0,98,,10271,3,,,0
1003100,'5565',729,,10286,3,,,0,101,,10278,3,,,0,102,,10276,3,,,0,108,,10280,3,,,0,110,,10277,3,,,0,150,,10275,3,,,0,115,,10281,3,,,0,114,,10282,3,,,0,111,,10279,3,,,0,180,,10283,3,,,0,120,,10284,3,,,0,104,,10285,3,,,0
24003100,'4653',532,,10334,3,,,0,68,,10335,3,,,0,29,,10336,3,,,0,27,,10337,3,,,0
