301,'4528',556,,6686,24,,,0,83,,6687,24,,,0,76,,6688,24,,,0,32,,6689,24,,,0,75,,6690,24,,,0,35,,6691,24,,,0,75,,6692,24,,,0,76,,6693,24,,,0,36,,6685,24,,,0,75,,6694,24,,,0,36,,6695,24,,,0,75,,6696,24,,,0,76,,6697,24,,,0,35,,6698,24,,,0,75,,6699,24,,,0,40,,6700,24,,,0,75,,6701,24,,,0,75,,6702,24,,,0,40,,6703,24,,,0,76,,6704,24,,,0,31,,6705,24,,,0,75,,4325,24,,,0,75,,6706,24,,,0,34,,6707,24,,,0,75,,6708,24,,,0,29,,6709,24,,,0,99,,6710,24,,,0,100,,6711,24,,,0
301,'5560',623,,4363,24,,,0,101,,4364,24,,,0,96,,4366,24,,,0,91,,4375,24,,,0,96,,4361,24,,,0,50,,4367,24,,,0,101,,4368,24,,,0,95,,4365,24,,,0,101,,4369,24,,,0,101,,4370,24,,,0,100,,4371,24,,,0,99,,4372,24,,,0,104,,4373,24,,,0,96,,4374,24,,,0,93,,4360,24,,,0
301,'5562',558,,6738,24,,,0,95,,6737,24,,,0,92,,6736,24,,,0,100,,6739,24,,,0,92,,6713,24,,,0,71,,6714,24,,,0,40,,6715,24,,,0,76,,6716,24,,,0,30,,6717,24,,,0,75,,6718,24,,,0,75,,6719,24,,,0,35,,6720,24,,,0,80,,6721,24,,,0,36,,6722,24,,,0,75,,6723,24,,,0,80,,6724,24,,,0,35,,6725,24,,,0,69,,6726,24,,,0,35,,6727,24,,,0,75,,6728,24,,,0,34,,6729,24,,,0,84,,6730,24,,,0,75,,6731,24,,,0,35,,6732,24,,,0,88,,6733,24,,,0,100,,6734,24,,,0
301,'5563',623,,6743,24,,,0,101,,6744,24,,,0,96,,6746,24,,,0,91,,6755,24,,,0,96,,6741,24,,,0,50,,6747,24,,,0,101,,6748,24,,,0,95,,6745,24,,,0,101,,6749,24,,,0,101,,6750,24,,,0,100,,6751,24,,,0,99,,6752,24,,,0,104,,6753,24,,,0,96,,6754,24,,,0,93,,6740,24,,,0
3101,'4528',643,,7147,15,,,0,84,,7148,15,,,0,31,,7150,15,,,0,71,,7151,15,,,0,74,,7149,15,,,0,47,,7153,15,,,0,106,,7154,15,,,0,150,,7155,15,,,0,111,,7152,15,,,0,115,,7156,15,,,0,115,,7157,15,,,0,81,,7159,15,,,0,75,,7160,15,,,0,36,,7161,15,,,0,72,,7158,15,,,0,30,,7162,15,,,0,18,,7163,15,,,0
3101,'5560',817,,4860,15,,,0,208,,4857,15,,,0,220,,4854,15,,,0,110,,4858,15,,,0,154,,4856,15,,,0,115,,4859,15,,,0,109,,4855,15,,,0
3101,'5562',816,,7167,15,,,0,104,,7166,15,,,0,103,,7164,15,,,0,112,,7171,15,,,0,110,,7172,15,,,0,110,,7165,15,,,0,156,,7170,15,,,0,115,,7168,15,,,0,109,,7169,15,,,0,108,,7173,15,,,0
3101,'5563',817,,7180,15,,,0,208,,7177,15,,,0,220,,7174,15,,,0,110,,7178,15,,,0,154,,7176,15,,,0,115,,7179,15,,,0,109,,7175,15,,,0
1003101,'4528',714,,7957,18,,,0,31,,7958,18,,,0,70,,7959,18,,,0,34,,7960,18,,,0,73,,7961,18,,,0,102,,7962,18,,,0,109,,7963,18,,,0,110,,7964,18,,,0,111,,7965,18,,,0,156,,7966,18,,,0,101,,7967,18,,,0,37,,6180,18,,,0,75,,7968,18,,,0,34,,7969,18,,,0,71,,6183,18,,,0,90,,7970,18,,,0,90,,7971,18,,,0,122,,7972,18,,,0,110,,7973,18,,,0
1003101,'5560',922,,6207,18,,,0,214,,6206,18,,,0,75,,6200,18,,,0,110,,6202,18,,,0,110,,6203,18,,,0,114,,6204,18,,,0,155,,6205,18,,,0,110,,6201,18,,,0,109,,6208,18,,,0,115,,6209,18,,,0,99,,6210,18,,,0
1003101,'5562',850,,7979,18,,,0,105,,7985,18,,,0,146,,7974,18,,,0,111,,7975,18,,,0,110,,7976,18,,,0,111,,7978,18,,,0,115,,7983,18,,,0,154,,7981,18,,,0,109,,7980,18,,,0,109,,7977,18,,,0,115,,7982,18,,,0,100,,7984,18,,,0
1003101,'5563',922,,7993,18,,,0,214,,7992,18,,,0,75,,7986,18,,,0,110,,7988,18,,,0,110,,7989,18,,,0,114,,7990,18,,,0,155,,7991,18,,,0,110,,7987,18,,,0,109,,7994,18,,,0,115,,7995,18,,,0,99,,7996,18,,,0
