101,'4528',549,,6319,20,,,0,67,,6320,20,,,0,31,,6321,20,,,0,70,,6322,20,,,0,22,,6318,20,,,0,15,,6323,20,,,0,56,,6324,20,,,0,21,,6325,20,,,0,21,,6326,20,,,0,62,,6327,20,,,0,21,,6328,20,,,0,21,,6329,20,,,0,61,,6330,20,,,0,22,,6331,20,,,0,61,,6332,20,,,0,22,,6333,20,,,0,23,,6334,20,,,0,61,,6335,20,,,0,21,,6336,20,,,0,23,,6337,20,,,0,66,,6338,20,,,0,26,,6339,20,,,0,60,,6340,20,,,0,24,,6341,20,,,0,18,,6342,20,,,0,15,,6343,20,,,0,56,,6344,20,,,0,15,,6345,20,,,0,15,,6346,20,,,0,55,,6347,20,,,0,15,,6348,20,,,0,15,,6349,20,,,0,15,,6350,20,,,0,14,,6351,20,,,0,55,,6352,20,,,0,15,,6353,20,,,0,12,,6354,20,,,0,13,,6355,20,,,0,61,,6356,20,,,0,20,,6357,20,,,0,20,,6358,20,,,0,60,,6366,20,,,0,29,,6359,20,,,0,65,,6360,20,,,0,26,,6361,20,,,0,24,,6367,20,,,0,63,,6362,20,,,0,30,,6363,20,,,0,75,,6364,20,,,0,32,,6365,20,,,0
101,'4532',624,,3973,20,,,0,35,,6368,20,,,0,70,,6369,20,,,0,72,,6370,20,,,0,29,,6371,20,,,0,75,,3977,20,,,0,42,,6372,20,,,0,74,,6373,20,,,0,32,,6374,20,,,0,69,,6375,20,,,0,29,,6376,20,,,0,67,,3983,20,,,0,28,,6377,20,,,0,70,,6378,20,,,0,30,,6379,20,,,0,70,,6380,20,,,0,30,,6381,20,,,0,70,,6382,20,,,0,31,,3990,20,,,0,70,,6383,20,,,0,30,,6384,20,,,0,69,,6385,20,,,0,28,,6386,20,,,0,69,,6387,20,,,0,38,,6388,20,,,0,79,,6389,20,,,0,78,,6390,20,,,0,35,,6391,20,,,0,75,,6392,20,,,0,35,,6393,20,,,0,72,,6395,20,,,0,75,,6394,20,,,0
101,'5221',624,,6396,20,,,0,80,,6397,20,,,0,45,,6398,20,,,0,80,,6399,20,,,0,80,,6400,20,,,0,37,,6401,20,,,0,94,,6402,20,,,0,88,,6403,20,,,0,85,,6404,20,,,0,40,,6405,20,,,0,80,,6406,20,,,0,79,,6407,20,,,0,40,,6408,20,,,0,80,,6409,20,,,0,80,,6410,20,,,0,40,,6411,20,,,0,81,,6412,20,,,0,81,,6413,20,,,0,42,,6414,20,,,0,80,,6415,20,,,0,81,,6416,20,,,0,42,,6417,20,,,0
201,'4528',514,,6517,21,,,0,35,,6518,21,,,0,78,,6519,21,,,0,75,,6520,21,,,0,18,,4134,21,,,0,16,,6521,21,,,0,17,,6522,21,,,0,55,,6523,21,,,0,16,,6524,21,,,0,18,,6525,21,,,0,16,,6526,21,,,0,59,,6527,21,,,0,19,,6528,21,,,0,19,,6529,21,,,0,62,,6530,21,,,0,22,,6531,21,,,0,65,,6532,21,,,0,24,,6533,21,,,0,21,,6534,21,,,0,62,,6535,21,,,0,23,,6536,21,,,0,23,,6537,21,,,0,62,,6538,21,,,0,22,,6539,21,,,0,62,,6540,21,,,0,25,,6541,21,,,0,16,,6542,21,,,0,15,,6543,21,,,0,54,,6544,21,,,0,15,,6545,21,,,0,15,,6546,21,,,0,15,,6547,21,,,0,54,,6549,21,,,0,14,,6548,21,,,0,14,,6550,21,,,0,15,,6551,21,,,0,55,,6552,21,,,0,17,,6553,21,,,0,22,,6554,21,,,0,60,,6555,21,,,0,25,,6556,21,,,0,23,,6564,21,,,0,64,,6557,21,,,0,26,,6558,21,,,0,65,,6559,21,,,0,25,,6565,21,,,0,65,,6560,21,,,0,28,,6561,21,,,0,72,,6562,21,,,0,33,,6563,21,,,0
201,'4532',601,,6567,21,,,0,31,,6568,21,,,0,68,,6569,21,,,0,35,,4184,21,,,0,75,,6570,21,,,0,35,,6566,21,,,0,71,,6571,21,,,0,34,,6572,21,,,0,77,,4188,21,,,0,30,,6573,21,,,0,70,,6574,21,,,0,29,,6575,21,,,0,70,,6576,21,,,0,28,,6577,21,,,0,69,,6578,21,,,0,29,,4192,21,,,0,70,,6579,21,,,0,30,,6580,21,,,0,70,,6581,21,,,0,31,,6582,21,,,0,70,,6583,21,,,0,26,,6584,21,,,0,70,,4202,21,,,0,30,,6586,21,,,0,76,,6587,21,,,0,76,,6588,21,,,0,36,,6585,21,,,0,76,,6589,21,,,0,37,,6591,21,,,0,75,,6590,21,,,0,75,,6592,21,,,0,36,,6593,21,,,0
201,'5221',617,,6594,21,,,0,40,,6595,21,,,0,79,,6596,21,,,0,80,,6597,21,,,0,87,,6598,21,,,0,46,,6599,21,,,0,79,,6600,21,,,0,82,,6601,21,,,0,37,,6614,21,,,0,80,,6602,21,,,0,79,,6603,21,,,0,38,,6604,21,,,0,80,,6605,21,,,0,80,,6606,21,,,0,40,,6607,21,,,0,80,,6608,21,,,0,80,,6609,21,,,0,41,,6611,21,,,0,79,,6610,21,,,0,80,,6612,21,,,0,39,,6613,21,,,0,85,,6616,21,,,0,99,,6615,21,,,0
1701,'4528',626,,7055,2,0,29 23,0,75,,7056,2,0,29 23,0,50,,7057,2,0,29 23,0,766,,7051,2,0,29 23,0,85,,7052,2,0,29 23,0,45,,7053,2,0,29 23,0,85,,7054,2,0,29 23,0,84,,7050,2,0,29 23,0
2101,'4528',601,,7098,2,,,0,43,,7099,2,,,0,165,,7097,2,,,0,98,,7096,2,,,0,32,,7100,2,,,0,98,,7095,2,,,0,122,,7090,2,,,0,170,,7094,2,,,0,91,,4767,2,,,0,81,,7091,2,,,0,107,,4772,2,,,0,49,,7093,2,,,0,149,,7089,2,,,0,122,,7092,2,,,0
2101,'4532',725,,7109,2,,,0,129,,7110,2,,,0,178,,7108,2,,,0,122,,7104,2,,,0,172,,7102,2,,,0,105,,7103,2,,,0,100,,7105,2,,,0,100,,7106,2,,,0,169,,7107,2,,,0,131,,7101,2,,,0
2101,'5221',802,,7119,2,,,0,99,,7111,2,,,0,135,,7112,2,,,0,169,,7113,2,,,0,132,,7114,2,,,0,173,,7115,2,,,0,130,,7116,2,,,0,174,,7117,2,,,0,130,,7118,2,,,0
1002101,'4528',719,,7910,2,,,0
