3101,'4528',621,,7147,3,,,0,85,,7148,3,,,0,30,,7150,3,,,0,71,,7151,3,,,0,32,,7149,3,,,0,87,,7153,3,,,0,105,,7154,3,,,0,110,,7155,3,,,0,110,,7152,3,,,0,155,,7156,3,,,0,114,,7157,3,,,0,81,,7159,3,,,0,36,,7160,3,,,0,76,,7161,3,,,0,34,,7158,3,,,0,71,,7162,3,,,0,18,,7163,3,,,0
3101,'4532',756,,7167,3,,,0,103,,7166,3,,,0,142,,7164,3,,,0,110,,7171,3,,,0,110,,7172,3,,,0,110,,7165,3,,,0,115,,7170,3,,,0,155,,7168,3,,,0,110,,7169,3,,,0,110,,7173,3,,,0
3201,'4528',551,,7182,3,0,5 49,0,70,,7183,3,0,5 49,0,30,,7184,3,0,5 49,0,70,,7181,3,0,5 49,0,30,,7185,3,0,5 49,0,72,,7186,3,0,5 49,0,33,,7187,3,0,5 49,0,70,,7188,3,0,5 49,0,32,,7189,3,0,5 49,0,73,,7190,3,0,5 49,0,75,,7191,3,0,5 49,0,35,,7192,3,0,5 49,0,75,,7193,3,0,5 49,0,35,,7194,3,0,5 49,0,75,,7195,3,0,5 49,0,80,,7196,3,0,5 49,0,37,,7197,3,0,5 49,0,78,,7198,3,0,5 49,0,80,,7199,3,0,5 49,0,35,,7200,3,0,5 49,0,78,,7201,3,0,5 49,0,32,,7202,3,0,5 49,0,72,,7203,3,0,5 49,0,38,,7204,3,0,5 49,0,87,,7205,3,0,5 49,0,68,,7206,3,0,5 49,0,95,,7207,3,0,5 49,0,105,,7208,3,0,5 49,0
3201,'4532',756,,7220,3,0,5 49,0,70,,7211,3,0,5 49,0,33,,7231,3,0,5 49,0,72,,7209,3,0,5 49,0,70,,7212,3,0,5 49,0,35,,7217,3,0,5 49,0,75,,7210,3,0,5 49,0,35,,7229,3,0,5 49,0,75,,7214,3,0,5 49,0,35,,7213,3,0,5 49,0,75,,7218,3,0,5 49,0,75,,7215,3,0,5 49,0,40,,7230,3,0,5 49,0,75,,7219,3,0,5 49,0,80,,7216,3,0,5 49,0,35,,7225,3,0,5 49,0,75,,7221,3,0,5 49,0,35,,7232,3,0,5 49,0,75,,7222,3,0,5 49,0,35,,7224,3,0,5 49,0,85,,7223,3,0,5 49,0,70,,7227,3,0,5 49,0,30,,7226,3,0,5 49,0,170,,7228,3,0,5 49,0
3501,'4528',713,,5064,7,,,0,28,,5065,7,,,0,65,,5066,7,,,0,34,,5067,7,,,0,396,,5062,7,,,0,302,,5063,7,,,0,298,,5061,7,,,0,120,,5060,7,,,0
3501,'4532',841,,5069,7,,,0,395,,5072,7,,,0,280,,5068,7,,,0,225,,5070,7,,,0,160,,5071,7,,,0
3900,'4528',627,,5083,3,,,0,319,,5086,33,0,7 8,0,98,,5080,32,0,7 8,0,159,,5081,33,0,7 8,0,135,,5082,32,0,7 8,0,170,,5084,33,0,7 8,0,150,,5085,33,0,7 8,0,150,,5078,33,0,7 8,0,119,,5079,32,0,7 8,0
3900,'4532',933,,5088,32,0,7 8,0,120,,5089,32,0,7 8,0,106,,5087,32,0,7 8,0,175,,5090,32,0,7 8,0,110,,5092,32,0,7 8,0,170,,5091,32,0,7 8,0,104,,5094,32,0,7 8,0,114,,5093,32,0,7 8,0
1003101,'4528',651,,7957,3,,,0,70,,7958,3,,,0,30,,7959,3,,,0,72,,7960,3,,,0,33,,7961,3,,,0,102,,7962,3,,,0,148,,7963,3,,,0,110,,7964,3,,,0,110,,7965,3,,,0,115,,7966,3,,,0,100,,7967,3,,,0,78,,6180,3,,,0,35,,7968,3,,,0,75,,7969,3,,,0,73,,6183,3,,,0,51,,7970,3,,,0,90,,7971,3,,,0,163,,7972,3,,,0,110,,7973,3,,,0
1003101,'4532',826,,7979,3,,,0,105,,7985,3,,,0,105,,7974,3,,,0,110,,7975,3,,,0,110,,7976,3,,,0,150,,7978,3,,,0,115,,7983,3,,,0,115,,7981,3,,,0,110,,7980,3,,,0,110,,7977,3,,,0,155,,7982,3,,,0,100,,7984,3,,,0
