5201,'4528',706,,7622,15,,,0,96,,7623,15,,,0,114,,7624,15,,,0,103,,7625,15,,,0,110,,7626,15,,,0,100,,7627,15,,,0,110,,7628,15,,,0,100,,7629,15,,,0,105,,7630,15,,,0,100,,7631,15,,,0,106,,7617,15,,,0,95,,7618,15,,,0,111,,7619,15,,,0,100,,7620,15,,,0,170,,7621,15,,,0,132,,7616,15,,,0
5201,'4532',746,,7646,15,,,0,100,,7639,15,,,0,100,,7645,15,,,0,99,,7638,15,,,0,99,,7642,15,,,0,100,,7636,15,,,0,100,,7643,15,,,0,100,,7635,15,,,0,101,,7644,15,,,0,100,,7634,15,,,0,100,,7641,15,,,0,101,,7633,15,,,0,100,,7640,15,,,0,110,,7637,15,,,0,169,,7632,15,,,0,134,,7647,15,,,0
5201,'5221',846,,7658,15,,,0,100,,7656,15,,,0,100,,7649,15,,,0,100,,7648,15,,,0,100,,7651,15,,,0,100,,7652,15,,,0,100,,7650,15,,,0,100,,7653,15,,,0,100,,7654,15,,,0,100,,7655,15,,,0,110,,7657,15,,,0,99,,7659,15,,,0,90,,7660,15,,,0
5401,'4528',600,,7708,45,,,0,100,,7710,74,,,0,117,,7711,74,,,0,91,,7712,74,,,0,112,,7713,74,,,0,106,,7714,74,,,0,112,,7715,74,,,0,100,,7709,74,,,0,113,,7716,74,,,0,104,,7717,74,,,0,100,,7718,74,,,0,97,,7719,74,,,0,103,,7720,74,,,0,94,,7721,74,,,0,109,,7722,74,,,0,99,,7723,74,,,0,169,,7724,74,,,0
5401,'4532',748,,7741,45,,,0,99,,7740,74,,,0,103,,7732,74,,,0,101,,7738,74,,,0,102,,7731,74,,,0,100,,7737,74,,,0,100,,7729,74,,,0,100,,7736,74,,,0,100,,7728,74,,,0,99,,7735,74,,,0,98,,7727,74,,,0,100,,7734,74,,,0,99,,7726,74,,,0,99,,7733,74,,,0,109,,7725,74,,,0,172,,7730,74,,,0
5401,'5221',847,,7751,45,,,0,98,,7752,74,,,0,103,,7750,74,,,0,103,,7743,74,,,0,101,,7744,74,,,0,100,,7745,74,,,0,100,,7746,74,,,0,97,,7748,74,,,0,99,,7742,74,,,0,100,,7747,74,,,0,99,,7749,74,,,0,108,,7753,74,,,0,100,,7754,74,,,0
5801,'4528',557,,7854,17,,,0,94,,7850,28,,,0,173,,7851,28,,,0,123,,7852,28,,,0,101,,7853,28,,,0,101,,7843,28,,,0,101,,7844,28,,,0,101,,7845,28,,,0,104,,7846,28,,,0,99,,7847,28,,,0,97,,7848,28,,,0,98,,7849,28,,,0,99,,7841,28,,,0,159,,7842,28,,,0,129,,7840,28,,,0
5801,'4532',816,,7866,28,,,0,119,,7863,28,,,0,100,,7862,28,,,0,100,,5666,28,,,0,100,,7858,28,,,0,100,,7857,28,,,0,100,,7861,28,,,0,100,,7865,28,,,0,100,,7864,28,,,0,100,,7860,28,,,0,101,,7856,28,,,0,170,,7855,28,,,0,130,,7859,28,,,0,100,,7867,28,,,0
5801,'5221',816,,7878,28,,,0,120,,7874,28,,,0,100,,7868,28,,,0,100,,7876,28,,,0,100,,7869,28,,,0,99,,7870,28,,,0,100,,7871,28,,,0,100,,7877,28,,,0,100,,7872,28,,,0,101,,7873,28,,,0,100,,7875,28,,,0,95,,7879,28,,,0,100,,7880,28,,,0
5900,'4528',1625,,7881,12,,,0,95,,7882,12,,,0
5901,'4528',652,,7884,19,,,0,100,,7883,19,,,0
