100,'4528',528,,6216,18,,,0,72,,6217,18,,,0,30,,6215,18,,,0,20,,6219,18,,,0,61,,6220,18,,,0,20,,6218,18,,,0,17,,6221,18,,,0,60,,3821,18,,,0,16,,6222,18,,,0,17,,6223,18,,,0,15,,6224,18,,,0,56,,6226,18,,,0,18,,6225,18,,,0,16,,6227,18,,,0,59,,6228,18,,,0,19,,6229,18,,,0,20,,6230,18,,,0,62,,6231,18,,,0,22,,6232,18,,,0,26,,6233,18,,,0,64,,6235,18,,,0,22,,6234,18,,,0,62,,6236,18,,,0,24,,6237,18,,,0,23,,6239,18,,,0,61,,6238,18,,,0,23,,6240,18,,,0,22,,6241,18,,,0,66,,6242,18,,,0,16,,6243,18,,,0,15,,6244,18,,,0,55,,6245,18,,,0,15,,6246,18,,,0,15,,6247,18,,,0,15,,6248,18,,,0,55,,6249,18,,,0,13,,6250,18,,,0,14,,6251,18,,,0,14,,6252,18,,,0,55,,6253,18,,,0,15,,6254,18,,,0,20,,6255,18,,,0,20,,6256,18,,,0,64,,6257,18,,,0,23,,6264,18,,,0,64,,6258,18,,,0,25,,6259,18,,,0,23,,6260,18,,,0,65,,6265,18,,,0,25,,6261,18,,,0,66,,6262,18,,,0,30,,6263,18,,,0
100,'4532',612,,6266,18,,,0,32,,6267,18,,,0,70,,6268,18,,,0,30,,6269,18,,,0,75,,3870,18,,,0,35,,6270,18,,,0,77,,6271,18,,,0,72,,6272,18,,,0,36,,6273,18,,,0,77,,3873,18,,,0,31,,6274,18,,,0,70,,6275,18,,,0,30,,6276,18,,,0,71,,6277,18,,,0,30,,6278,18,,,0,70,,6279,18,,,0,30,,3882,18,,,0,70,,6280,18,,,0,30,,6281,18,,,0,70,,6282,18,,,0,30,,6283,18,,,0,69,,6284,18,,,0,24,,6285,18,,,0,70,,3889,18,,,0,30,,6286,18,,,0,75,,6287,18,,,0,34,,6288,18,,,0,74,,6289,18,,,0,35,,6290,18,,,0,75,,6291,18,,,0,75,,6292,18,,,0,34,,6293,18,,,0
100,'5221',617,,6294,18,,,0,41,,6295,18,,,0,80,,6296,18,,,0,81,,6297,18,,,0,40,,6298,18,,,0,90,,6299,18,,,0,87,,6300,18,,,0,80,,6301,18,,,0,84,,6302,18,,,0,38,,6315,18,,,0,80,,6303,18,,,0,40,,6304,18,,,0,81,,6305,18,,,0,80,,6306,18,,,0,40,,6307,18,,,0,80,,6308,18,,,0,79,,6309,18,,,0,40,,6310,18,,,0,80,,6311,18,,,0,77,,6312,18,,,0,39,,6313,18,,,0,76,,6314,18,,,0,85,,6316,18,,,0,94,,6317,18,,,0
200,'4528',548,,6418,23,,,0,74,,6419,23,,,0,29,,6420,23,,,0,71,,6421,23,,,0,16,,6422,23,,,0,15,,6423,23,,,0,63,,6424,23,,,0,16,,6425,23,,,0,17,,6426,23,,,0,61,,6427,23,,,0,20,,6428,23,,,0,23,,6429,23,,,0,61,,6430,23,,,0,21,,6431,23,,,0,22,,6432,23,,,0,63,,6433,23,,,0,23,,6434,23,,,0,62,,6435,23,,,0,23,,6436,23,,,0,22,,6437,23,,,0,61,,6438,23,,,0,23,,6439,23,,,0,66,,6440,23,,,0,26,,6441,23,,,0,20,,6442,23,,,0,66,,6443,23,,,0,18,,6444,23,,,0,15,,6445,23,,,0,56,,6446,23,,,0,15,,6447,23,,,0,14,,6448,23,,,0,15,,6449,23,,,0,55,,6450,23,,,0,14,,6451,23,,,0,15,,6452,23,,,0,14,,6453,23,,,0,15,,6454,23,,,0,58,,6455,23,,,0,20,,6456,23,,,0,20,,6457,23,,,0,60,,6458,23,,,0,19,,6459,23,,,0,20,,6465,23,,,0,69,,6460,23,,,0,24,,6461,23,,,0,65,,6462,23,,,0,23,,6466,23,,,0,23,,6463,23,,,0,69,,6464,23,,,0
200,'4532',621,,6467,23,,,0,35,,4076,23,,,0,75,,6468,23,,,0,72,,6469,23,,,0,33,,6470,23,,,0,71,,6471,23,,,0,36,,4081,23,,,0,84,,6472,23,,,0,75,,6473,23,,,0,33,,6474,23,,,0,70,,6476,23,,,0,30,,6477,23,,,0,68,,4088,23,,,0,30,,6475,23,,,0,70,,6478,23,,,0,30,,6479,23,,,0,70,,6480,23,,,0,29,,6481,23,,,0,70,,6482,23,,,0,30,,4095,23,,,0,69,,6484,23,,,0,30,,6483,23,,,0,28,,6485,23,,,0,67,,6486,23,,,0,29,,6487,23,,,0,76,,6488,23,,,0,78,,6489,23,,,0,35,,6490,23,,,0,75,,6491,23,,,0,34,,6492,23,,,0,73,,6493,23,,,0
200,'5221',620,,6494,23,,,0,35,,6495,23,,,0,81,,6496,23,,,0,86,,6497,23,,,0,81,,6498,23,,,0,42,,6499,23,,,0,82,,6500,23,,,0,95,,6501,23,,,0,89,,6502,23,,,0,46,,6503,23,,,0,81,,6504,23,,,0,80,,6505,23,,,0,40,,6506,23,,,0,80,,6507,23,,,0,80,,6508,23,,,0,40,,6509,23,,,0,79,,6510,23,,,0,80,,6511,23,,,0,39,,6512,23,,,0,79,,6513,23,,,0,80,,6514,23,,,0,40,,6516,23,,,0,78,,6515,23,,,0
1701,'4528',648,,7055,35,,,0,77,,7056,35,,,0,92,,7057,35,,,0,727,,7051,35,,,0,88,,7052,35,,,0,85,,7053,35,,,0,40,,7054,35,,,0,84,,7050,35,,,0
2100,'4528',653,,7068,26,,,0,88,,7064,26,,,0,84,,7065,26,,,0,96,,7066,26,,,0,85,,7067,26,,,0,33,,7069,26,,,0,99,,7063,26,,,0,165,,7061,26,,,0,132,,7062,26,,,0,282,,4736,26,,,0,84,,7059,26,,,0,103,,7060,26,,,0,120,,7058,26,,,0
2100,'4532',818,,7077,26,,,0,134,,7079,26,,,0,179,,7078,26,,,0,183,,7073,26,,,0,118,,7074,26,,,0,103,,7075,26,,,0,98,,7076,26,,,0,99,,7071,26,,,0,175,,7072,26,,,0,133,,7070,26,,,0
2100,'5221',856,,7087,26,,,0,100,,7088,26,,,0,175,,7080,26,,,0,172,,7082,26,,,0,133,,7081,26,,,0,173,,7083,26,,,0,129,,7084,26,,,0,170,,7085,26,,,0,129,,7086,26,,,0
1002100,'4528',1539,,6120,31,,,0,80,,7909,31,,,0
