3100,'4528',745,,7120,15,,,0,72,,7121,15,,,0,32,,7122,15,,,0,102,,7123,15,,,0,108,,7124,15,,,0,150,,7125,15,,,0,110,,7126,15,,,0,114,,7127,15,,,0,100,,7128,15,,,0,78,,4807,15,,,0,34,,7129,15,,,0,75,,7130,15,,,0,34,,4810,15,,,0,75,,7131,15,,,0
3100,'4532',922,,7135,15,,,0,105,,7139,15,,,0,110,,7133,15,,,0,110,,7132,15,,,0,110,,7134,15,,,0,155,,7136,15,,,0,115,,7138,15,,,0,110,,7137,15,,,0
3100,'5221',1028,,7146,15,,,0,109,,7140,15,,,0,110,,7141,15,,,0,110,,7142,15,,,0,155,,7143,15,,,0,115,,7145,15,,,0,110,,7144,15,,,0
3201,'4528',609,,7182,30,,,0,31,,7183,30,,,0,71,,7184,30,,,0,31,,7181,30,,,0,70,,7185,30,,,0,33,,7186,30,,,0,74,,7187,30,,,0,30,,7188,30,,,0,72,,7189,30,,,0,34,,7190,30,,,0,76,,7191,30,,,0,75,,7192,30,,,0,35,,7193,30,,,0,75,,7194,30,,,0,35,,7195,30,,,0,81,,7196,30,,,0,78,,7197,30,,,0,39,,7198,30,,,0,78,,7199,30,,,0,75,,7200,30,,,0,38,,7201,30,,,0,69,,7202,30,,,0,32,,7203,30,,,0,78,,7204,30,,,0,85,,7205,30,,,0,27,,7206,30,,,0,95,,7207,30,,,0,104,,7208,30,,,0
3201,'4532',816,,7220,30,,,0,30,,7211,30,,,0,75,,7231,30,,,0,32,,7209,30,,,0,70,,7212,30,,,0,36,,7217,30,,,0,75,,7210,30,,,0,77,,7229,30,,,0,35,,7214,30,,,0,75,,7213,30,,,0,35,,7218,30,,,0,75,,7215,30,,,0,80,,7230,30,,,0,35,,7219,30,,,0,80,,7216,30,,,0,75,,7225,30,,,0,33,,7221,30,,,0,75,,7232,30,,,0,34,,7222,30,,,0,74,,7224,30,,,0,85,,7223,30,,,0,29,,7227,30,,,0,70,,7226,30,,,0,130,,7228,30,,,0
3201,'5221',815,,7247,30,,,0,106,,7246,30,,,0,104,,7241,30,,,0,33,,7248,30,,,0,76,,7235,30,,,0,76,,7234,30,,,0,35,,7242,30,,,0,75,,7233,30,,,0,35,,7243,30,,,0,75,,7238,30,,,0,81,,7244,30,,,0,35,,7239,30,,,0,78,,7240,30,,,0,35,,7237,30,,,0,74,,7245,30,,,0,74,,7236,30,,,0,110,,7249,30,,,0,115,,7250,30,,,0
3301,'4528',610,,7251,27,,,0,30,,7252,27,,,0,70,,7253,27,,,0,30,,7254,27,,,0,71,,7255,27,,,0,34,,7257,27,,,0,73,,7277,27,,,0,29,,7258,27,,,0,72,,7259,27,,,0,39,,7256,27,,,0,75,,7260,27,,,0,75,,7261,27,,,0,35,,7262,27,,,0,75,,7263,27,,,0,36,,7264,27,,,0,80,,7265,27,,,0,76,,7278,27,,,0,41,,7266,27,,,0,73,,7267,27,,,0,35,,7268,27,,,0,78,,7275,27,,,0,72,,7269,27,,,0,31,,7270,27,,,0,78,,7271,27,,,0,87,,7272,27,,,0,26,,7273,27,,,0,26,,7274,27,,,0,68,,7276,27,,,0
3301,'4532',814,,7283,27,,,0,30,,7297,27,,,0,73,,7279,27,,,0,34,,7281,27,,,0,75,,7286,27,,,0,75,,7280,27,,,0,36,,7299,27,,,0,75,,7282,27,,,0,35,,7285,27,,,0,76,,7293,27,,,0,35,,7284,27,,,0,75,,7296,27,,,0,80,,7288,27,,,0,35,,7287,27,,,0,75,,7294,27,,,0,35,,7291,27,,,0,74,,7298,27,,,0,75,,7290,27,,,0,35,,7292,27,,,0,158,,7289,27,,,0,100,,7295,27,,,0
3301,'5221',844,,7308,27,,,0,108,,7313,27,,,0,151,,7301,27,,,0,35,,7300,27,,,0,75,,7306,27,,,0,35,,7302,27,,,0,75,,7305,27,,,0,35,,7309,27,,,0,75,,7307,27,,,0,80,,7311,27,,,0,35,,7304,27,,,0,75,,7310,27,,,0,34,,7303,27,,,0,75,,7312,27,,,0,109,,7314,27,,,0,159,,7316,27,,,0,59,,7315,27,,,0
3900,'4528',642,,5083,7,,,0
1003100,'4528',701,,7915,18,,,0,29,,7916,18,,,0,71,,7917,18,,,0,31,,7918,18,,,0,88,,7919,18,,,0,104,,7920,18,,,0,110,,7921,18,,,0,110,,7922,18,,,0,115,,7923,18,,,0,154,,7924,18,,,0,40,,7925,18,,,0,74,,7912,18,,,0,76,,7913,18,,,0,35,,7911,18,,,0,72,,7914,18,,,0,39,,7926,18,,,0,85,,7927,18,,,0,121,,7928,18,,,0,103,,7929,18,,,0,148,,7930,18,,,0
1003100,'4532',751,,7944,18,,,0,101,,7933,18,,,0,100,,7932,18,,,0,150,,7931,18,,,0,110,,7939,18,,,0,110,,7943,18,,,0,115,,7936,18,,,0,115,,7940,18,,,0,150,,7937,18,,,0,110,,7938,18,,,0,35,,7934,18,,,0,155,,7935,18,,,0,101,,7942,18,,,0,99,,7941,18,,,0
1003100,'5221',750,,7956,18,,,0,102,,7948,18,,,0,103,,7946,18,,,0,147,,7950,18,,,0,110,,7947,18,,,0,110,,7945,18,,,0,115,,7951,18,,,0,115,,7952,18,,,0,150,,7949,18,,,0,141,,7953,18,,,0,160,,7954,18,,,0,103,,7955,18,,,0
24003100,'4528',547,,8000,14,,,0,70,,7997,14,,,0,30,,7998,14,,,0,69,,7999,14,,,0
