300,'4528',544,,6618,3,,,0,70,,6619,3,,,0,30,,6620,3,,,0,74,,6621,3,,,0,32,,6622,3,,,0,75,,6623,3,,,0,34,,6624,3,,,0,74,,6625,3,,,0,74,,6626,3,,,0,35,,6617,3,,,0,74,,6627,3,,,0,34,,6628,3,,,0,75,,6629,3,,,0,34,,6630,3,,,0,80,,6631,3,,,0,75,,6632,3,,,0,35,,6633,3,,,0,80,,6634,3,,,0,76,,6635,3,,,0,34,,6636,3,,,0,78,,4255,3,,,0,37,,6637,3,,,0,76,,6639,3,,,0,76,,6638,3,,,0,30,,6640,3,,,0,101,,6641,3,,,0,104,,6642,3,,,0,103,,6643,3,,,0
300,'4532',559,,6668,3,,,0,90,,6667,3,,,0,98,,6669,3,,,0,87,,6644,3,,,0,67,,6645,3,,,0,40,,6646,3,,,0,75,,6648,3,,,0,29,,6649,3,,,0,75,,6650,3,,,0,35,,6647,3,,,0,73,,6651,3,,,0,80,,6652,3,,,0,35,,6653,3,,,0,75,,6654,3,,,0,41,,6655,3,,,0,75,,6656,3,,,0,70,,6657,3,,,0,36,,6658,3,,,0,76,,6659,3,,,0,36,,6660,3,,,0,86,,6661,3,,,0,75,,6662,3,,,0,36,,6663,3,,,0,90,,6664,3,,,0,102,,6665,3,,,0,101,,6666,3,,,0
300,'5221',628,,6670,3,,,0,95,,6671,3,,,0,88,,6684,3,,,0,92,,6673,3,,,0,50,,6674,3,,,0,97,,6675,3,,,0,95,,6672,3,,,0,99,,6676,3,,,0,101,,6677,3,,,0,100,,6678,3,,,0,100,,6679,3,,,0,104,,6680,3,,,0,99,,6681,3,,,0,96,,6682,3,,,0,100,,6683,3,,,0
500,'4528',609,,6788,3,,,0,43,,6789,3,,,0,76,,6790,3,,,0,75,,6791,3,,,0,35,,6792,3,,,0,74,,6793,3,,,0,36,,6794,3,,,0,76,,6795,3,,,0,77,,6796,3,,,0,36,,6797,3,,,0,76,,6798,3,,,0,35,,6799,3,,,0,76,,6800,3,,,0,76,,6801,3,,,0,37,,6802,3,,,0,80,,6803,3,,,0,35,,6804,3,,,0,74,,6805,3,,,0,80,,6806,3,,,0,34,,6807,3,,,0,70,,6808,3,,,0,35,,4446,3,,,0,74,,6809,3,,,0,33,,6810,3,,,0,75,,6811,3,,,0,29,,6812,3,,,0,98,,6813,3,,,0,100,,6814,3,,,0
500,'4532',612,,6839,3,,,0,95,,6838,3,,,0,52,,6837,3,,,0,141,,6840,3,,,0,52,,6815,3,,,0,73,,6816,3,,,0,80,,6817,3,,,0,37,,6818,3,,,0,70,,6820,3,,,0,35,,6821,3,,,0,75,,6822,3,,,0,35,,6819,3,,,0,80,,6823,3,,,0,77,,6824,3,,,0,35,,6825,3,,,0,80,,6826,3,,,0,75,,6827,3,,,0,28,,6828,3,,,0,75,,6829,3,,,0,34,,6830,3,,,0,73,,6831,3,,,0,43,,6832,3,,,0,75,,6833,3,,,0,75,,6834,3,,,0,48,,6835,3,,,0,99,,6836,3,,,0
500,'5221',636,,6841,3,,,0,102,,6842,3,,,0,96,,6843,3,,,0,92,,6855,3,,,0,96,,6844,3,,,0,90,,6845,3,,,0,102,,6847,3,,,0,96,,6848,3,,,0,101,,6849,3,,,0,102,,6846,3,,,0,100,,6850,3,,,0,97,,6851,3,,,0,104,,6852,3,,,0,95,,6853,3,,,0,93,,6854,3,,,0
1701,'4528',646,,7055,31,,,0,76,,7056,31,,,0,92,,7057,31,,,0,727,,7051,31,,,0,87,,7052,31,,,0,85,,7053,31,,,0,41,,7054,31,,,0,84,,7050,31,,,0
2100,'4528',651,,7068,22,,,0,87,,7064,22,,,0,84,,7065,22,,,0,96,,7066,22,,,0,85,,7067,22,,,0,33,,7069,22,,,0,99,,7063,22,,,0,165,,7061,22,,,0,132,,7062,22,,,0,281,,4736,22,,,0,45,,7059,22,,,0,143,,7060,22,,,0,120,,7058,22,,,0
2100,'4532',815,,7077,22,,,0,134,,7079,22,,,0,179,,7078,22,,,0,183,,7073,22,,,0,118,,7074,22,,,0,103,,7075,22,,,0,98,,7076,22,,,0,99,,7071,22,,,0,175,,7072,22,,,0,133,,7070,22,,,0
2100,'5221',853,,7087,22,,,0,100,,7088,22,,,0,175,,7080,22,,,0,172,,7082,22,,,0,133,,7081,22,,,0,173,,7083,22,,,0,129,,7084,22,,,0,170,,7085,22,,,0,129,,7086,22,,,0
1002100,'4528',1536,,6120,27,,,0,79,,7909,27,,,0
