300,'4528',606,,6618,33,,,0,35,,6619,33,,,0,70,,6620,33,,,0,34,,6621,33,,,0,75,,6622,33,,,0,35,,6623,33,,,0,75,,6624,33,,,0,75,,6625,33,,,0,34,,6626,33,,,0,75,,6617,33,,,0,35,,6627,33,,,0,75,,6628,33,,,0,35,,6629,33,,,0,75,,6630,33,,,0,80,,6631,33,,,0,35,,6632,33,,,0,75,,6633,33,,,0,80,,6634,33,,,0,37,,6635,33,,,0,73,,6636,33,,,0,36,,4255,33,,,0,75,,6637,33,,,0,76,,6639,33,,,0,35,,6638,33,,,0,70,,6640,33,,,0,100,,6641,33,,,0,101,,6642,33,,,0,101,,6643,33,,,0
300,'4532',622,,6668,33,,,0,90,,6667,33,,,0,99,,6669,33,,,0,89,,6644,33,,,0,30,,6645,33,,,0,80,,6646,33,,,0,35,,6648,33,,,0,70,,6649,33,,,0,35,,6650,33,,,0,75,,6647,33,,,0,75,,6651,33,,,0,40,,6652,33,,,0,75,,6653,33,,,0,35,,6654,33,,,0,81,,6655,33,,,0,75,,6656,33,,,0,30,,6657,33,,,0,75,,6658,33,,,0,35,,6659,33,,,0,75,,6660,33,,,0,86,,6661,33,,,0,35,,6662,33,,,0,75,,6663,33,,,0,90,,6664,33,,,0,100,,6665,33,,,0,100,,6666,33,,,0
300,'5221',652,,6670,33,,,0,95,,6671,33,,,0,89,,6684,33,,,0,95,,6673,33,,,0,90,,6674,33,,,0,99,,6675,33,,,0,95,,6672,33,,,0,100,,6676,33,,,0,101,,6677,33,,,0,100,,6678,33,,,0,100,,6679,33,,,0,104,,6680,33,,,0,96,,6681,33,,,0,96,,6682,33,,,0,100,,6683,33,,,0
700,'4528',618,,6976,5,0,22 23,0,216,,4621,5,0,22 23,0,200,,4622,5,0,22 23,0,200,,4623,5,0,22 23,0,200,,4618,5,0,22 23,0,200,,4619,5,0,22 23,0,200,,4617,5,0,22 23,0,199,,4615,5,0,22 23,0,270,,4616,5,0,22 23,0
700,'4532',533,,6977,13,0,22 23,0,100,,6978,13,0,22 23,0,200,,6979,13,0,22 23,0,200,,6980,13,0,22 23,0,201,,6981,13,0,22 23,0,200,,6982,13,0,22 23,0,200,,6983,13,0,22 23,0,199,,6984,5,0,22 23,0,200,,6985,13,0,22 23,0,270,,6986,5,0,22 23,0
700,'5221',533,,4641,5,0,22 23,0,100,,4635,5,0,22 23,0,200,,4634,5,0,22 23,0,200,,4636,5,0,22 23,0,201,,4637,5,0,22 23,0,200,,4638,5,0,22 23,0,200,,4639,5,0,22 23,0,199,,4640,5,0,22 23,0
1600,'4528',738,,4724,5,0,24,0,165,,4722,5,0,24,0,641,,7049,5,0,24,0,85,,7048,5,0,24,0
1000700,'4528',734,,7891,5,0,24,0,200,,7892,5,0,24,0,200,,7893,5,0,24,0,200,,7885,5,0,24,0,200,,7888,5,0,24,0,70,,7889,5,0,24,0,130,,7890,5,0,24,0,199,,7886,5,0,24,0,200,,7887,5,0,24,0
1000700,'4532',733,,7894,13,0,24,0,200,,7895,13,0,24,0,201,,7896,13,0,24,0,200,,7897,13,0,24,0,200,,7898,5,0,24,0,200,,7899,13,0,24,0,199,,7900,13,0,24,0,200,,7901,13,0,24,0
1000700,'5221',733,,7903,5,0,24,0,200,,7902,5,0,24,0,201,,7904,5,0,24,0,200,,7906,5,0,24,0,200,,7905,5,0,24,0,200,,7907,5,0,24,0,199,,7908,5,0,24,0
