100,'4528',521,,6216,8,,,0,30,,6217,8,,,0,70,,6215,8,,,0,20,,6219,8,,,0,60,,6220,8,,,0,20,,6218,8,,,0,17,,6221,8,,,0,20,,3821,8,,,0,56,,6222,8,,,0,17,,6223,8,,,0,15,,6224,8,,,0,56,,6226,8,,,0,18,,6225,8,,,0,16,,6227,8,,,0,19,,6228,8,,,0,59,,6229,8,,,0,20,,6230,8,,,0,22,,6231,8,,,0,62,,6232,8,,,0,25,,6233,8,,,0,64,,6235,8,,,0,22,,6234,8,,,0,22,,6236,8,,,0,64,,6237,8,,,0,23,,6239,8,,,0,62,,6238,8,,,0,23,,6240,8,,,0,22,,6241,8,,,0,65,,6242,8,,,0,16,,6243,8,,,0,15,,6244,8,,,0,15,,6245,8,,,0,55,,6246,8,,,0,15,,6247,8,,,0,15,,6248,8,,,0,15,,6249,8,,,0,53,,6250,8,,,0,14,,6251,8,,,0,15,,6252,8,,,0,15,,6253,8,,,0,55,,6254,8,,,0,20,,6255,8,,,0,20,,6256,8,,,0,64,,6257,8,,,0,23,,6264,8,,,0,24,,6258,8,,,0,65,,6259,8,,,0,23,,6260,8,,,0,65,,6265,8,,,0,25,,6261,8,,,0,67,,6262,8,,,0,31,,6263,8,,,0
100,'4532',810,,3870,8,,,0,296,,3873,8,,,0,331,,3882,8,,,0,364,,3889,8,,,0
100,'5560',610,,3898,8,,,0,40,,3899,8,,,0,80,,3900,8,,,0,80,,3901,8,,,0,40,,3902,8,,,0,89,,3903,8,,,0,87,,3904,8,,,0,80,,3905,8,,,0,44,,3906,8,,,0,78,,3919,8,,,0,80,,3907,8,,,0,40,,3908,8,,,0,80,,3909,8,,,0,80,,3910,8,,,0,40,,3911,8,,,0,80,,3912,8,,,0,80,,3913,8,,,0,40,,3914,8,,,0,80,,3915,8,,,0,77,,3916,8,,,0,39,,3917,8,,,0,76,,3918,8,,,0,86,,3920,8,,,0,95,,3921,8,,,0
100,'5562',605,,6266,8,,,0,30,,6267,8,,,0,70,,6268,8,,,0,30,,6269,8,,,0,110,,6270,8,,,0,76,,6271,8,,,0,32,,6272,8,,,0,76,,6273,8,,,0,108,,6274,8,,,0,70,,6275,8,,,0,30,,6276,8,,,0,70,,6277,8,,,0,30,,6278,8,,,0,70,,6279,8,,,0,100,,6280,8,,,0,30,,6281,8,,,0,70,,6282,8,,,0,30,,6283,8,,,0,70,,6284,8,,,0,24,,6285,8,,,0,100,,6286,8,,,0,75,,6287,8,,,0,34,,6288,8,,,0,75,,6289,8,,,0,35,,6290,8,,,0,75,,6291,8,,,0,75,,6292,8,,,0,35,,6293,8,,,0
100,'5563',610,,6294,8,,,0,40,,6295,8,,,0,80,,6296,8,,,0,80,,6297,8,,,0,40,,6298,8,,,0,89,,6299,8,,,0,87,,6300,8,,,0,80,,6301,8,,,0,44,,6302,8,,,0,78,,6315,8,,,0,80,,6303,8,,,0,40,,6304,8,,,0,80,,6305,8,,,0,80,,6306,8,,,0,40,,6307,8,,,0,80,,6308,8,,,0,80,,6309,8,,,0,40,,6310,8,,,0,80,,6311,8,,,0,77,,6312,8,,,0,39,,6313,8,,,0,76,,6314,8,,,0,86,,6316,8,,,0,95,,6317,8,,,0
201,'4528',536,,6517,46,,,0,75,,6518,46,,,0,40,,6519,46,,,0,75,,6520,46,,,0,20,,4134,46,,,0,56,,6521,46,,,0,17,,6522,46,,,0,15,,6523,46,,,0,16,,6524,46,,,0,58,,6525,46,,,0,16,,6526,46,,,0,19,,6527,46,,,0,59,,6528,46,,,0,20,,6529,46,,,0,22,,6530,46,,,0,62,,6531,46,,,0,25,,6532,46,,,0,24,,6533,46,,,0,62,,6534,46,,,0,22,,6535,46,,,0,63,,6536,46,,,0,23,,6537,46,,,0,22,,6538,46,,,0,63,,6539,46,,,0,22,,6540,46,,,0,25,,6541,46,,,0,56,,6542,46,,,0,15,,6543,46,,,0,15,,6544,46,,,0,15,,6545,46,,,0,55,,6546,46,,,0,15,,6547,46,,,0,14,,6549,46,,,0,14,,6548,46,,,0,54,,6550,46,,,0,15,,6551,46,,,0,15,,6552,46,,,0,16,,6553,46,,,0,61,,6554,46,,,0,20,,6555,46,,,0,64,,6556,46,,,0,23,,6564,46,,,0,24,,6557,46,,,0,65,,6558,46,,,0,24,,6559,46,,,0,65,,6565,46,,,0,25,,6560,46,,,0,27,,6561,46,,,0,71,,6562,46,,,0,33,,6563,46,,,0
201,'4532',758,,4184,46,,,0,295,,4188,46,,,0,370,,4192,46,,,0,325,,4202,46,,,0
201,'5560',640,,4212,46,,,0,80,,4213,46,,,0,39,,4214,46,,,0,80,,4215,46,,,0,87,,4216,46,,,0,87,,4217,46,,,0,39,,4218,46,,,0,84,,4219,46,,,0,78,,4232,46,,,0,40,,4220,46,,,0,79,,4221,46,,,0,80,,4222,46,,,0,40,,4223,46,,,0,80,,4224,46,,,0,80,,4225,46,,,0,40,,4226,46,,,0,80,,4227,46,,,0,81,,4229,46,,,0,38,,4228,46,,,0,79,,4230,46,,,0,78,,4231,46,,,0,44,,4234,46,,,0,97,,4233,46,,,0
201,'5562',623,,6567,46,,,0,31,,6568,46,,,0,69,,6569,46,,,0,110,,6570,46,,,0,75,,6566,46,,,0,32,,6571,46,,,0,75,,6572,46,,,0,108,,6573,46,,,0,30,,6574,46,,,0,70,,6575,46,,,0,30,,6576,46,,,0,70,,6577,46,,,0,30,,6578,46,,,0,100,,6579,46,,,0,70,,6580,46,,,0,30,,6581,46,,,0,69,,6582,46,,,0,30,,6583,46,,,0,66,,6584,46,,,0,100,,6586,46,,,0,34,,6587,46,,,0,76,,6588,46,,,0,75,,6585,46,,,0,34,,6589,46,,,0,76,,6591,46,,,0,35,,6590,46,,,0,75,,6592,46,,,0,36,,6593,46,,,0
201,'5563',640,,6594,46,,,0,80,,6595,46,,,0,39,,6596,46,,,0,80,,6597,46,,,0,87,,6598,46,,,0,87,,6599,46,,,0,39,,6600,46,,,0,84,,6601,46,,,0,78,,6614,46,,,0,40,,6602,46,,,0,79,,6603,46,,,0,80,,6604,46,,,0,40,,6605,46,,,0,80,,6606,46,,,0,80,,6607,46,,,0,40,,6608,46,,,0,80,,6609,46,,,0,81,,6611,46,,,0,38,,6610,46,,,0,79,,6612,46,,,0,78,,6613,46,,,0,44,,6616,46,,,0,97,,6615,46,,,0
