401,'4528',601,,6764,3,0,27,0,108,,4390,3,0,27,0,17,,6759,3,0,27,0,85,,6760,3,0,27,0,98,,4386,3,0,27,0,100,,6761,3,0,27,0,100,,4388,3,0,27,0,100,,6762,3,0,27,0,100,,4391,3,0,27,0,101,,6763,3,0,27,0,99,,4380,3,0,27,0,102,,6757,3,0,27,0,98,,4382,3,0,27,0,100,,6758,3,0,27,0,100,,4377,3,0,27,0,100,,6756,3,0,27,0,100,,4379,3,0,27,0,122,,4376,3,0,27,0
401,'5221',601,,4424,3,0,27,0,108,,4411,3,0,27,0,200,,4413,3,0,27,0,200,,4415,3,0,27,0,200,,4417,3,0,27,0,200,,4419,3,0,27,0,200,,4421,3,0,27,0,200,,4423,3,0,27,0
401,'5560',809,,4412,3,0,27,0,200,,4414,3,0,27,0,200,,4416,3,0,27,0,200,,4418,3,0,27,0,200,,4420,3,0,27,0,200,,4422,3,0,27,0
401,'5562',601,,6777,3,0,27,0,108,,6780,3,0,27,0,100,,6781,3,0,27,0,100,,6765,3,0,27,0,100,,6766,3,0,27,0,100,,6778,3,0,27,0,100,,6776,3,0,27,0,100,,6775,3,0,27,0,100,,6774,3,0,27,0,100,,6770,3,0,27,0,100,,6773,3,0,27,0,100,,6772,3,0,27,0,100,,6771,3,0,27,0,100,,6769,3,0,27,0,100,,6768,3,0,27,0,100,,6767,3,0,27,0,122,,6779,3,0,27,0
401,'5563',809,,6782,3,0,27,0,200,,6783,3,0,27,0,200,,6784,3,0,27,0,200,,6785,3,0,27,0,200,,6786,3,0,27,0,200,,6787,3,0,27,0
1501,'4528',616,,4714,3,0,18,0,43,,4716,3,0,18,0,159,,4713,3,0,18,0,683,,7043,3,0,18,0,205,,7042,3,0,18,0,50,,7041,3,0,18,0
1501,'5562',921,,7044,3,0,18,0,130,,7045,3,0,18,0,470,,7046,3,0,18,0,130,,7047,3,0,18,0
3100,'4528',730,,7120,10,,,0,71,,7121,10,,,0,33,,7122,10,,,0,102,,7123,10,,,0,107,,7124,10,,,0,110,,7125,10,,,0,149,,7126,10,,,0,114,,7127,10,,,0,98,,7128,10,,,0,39,,4807,10,,,0,73,,7129,10,,,0,76,,7130,10,,,0,36,,4810,10,,,0,75,,7131,10,,,0
3100,'5560',1013,,4826,10,,,0,109,,4820,10,,,0,109,,4821,10,,,0,110,,4822,10,,,0,115,,4823,10,,,0,156,,4825,10,,,0,110,,4824,10,,,0
3100,'5562',907,,7135,10,,,0,105,,7139,10,,,0,110,,7133,10,,,0,109,,7132,10,,,0,110,,7134,10,,,0,115,,7136,10,,,0,155,,7138,10,,,0,110,,7137,10,,,0
3100,'5563',1013,,7146,10,,,0,109,,7140,10,,,0,109,,7141,10,,,0,110,,7142,10,,,0,115,,7143,10,,,0,156,,7145,10,,,0,110,,7144,10,,,0
1003100,'4528',642,,7915,10,,,0,69,,7916,10,,,0,31,,7917,10,,,0,71,,7918,10,,,0,89,,7919,10,,,0,104,,7920,10,,,0,110,,7921,10,,,0,109,,7922,10,,,0,115,,7923,10,,,0,112,,7924,10,,,0,80,,7925,10,,,0,73,,7912,10,,,0,36,,7913,10,,,0,77,,7911,10,,,0,33,,7914,10,,,0,79,,7926,10,,,0,86,,7927,10,,,0,121,,7928,10,,,0,104,,7929,10,,,0,108,,7930,10,,,0
1003100,'5560',733,,6168,10,,,0,102,,6160,10,,,0,102,,6158,10,,,0,107,,6162,10,,,0,110,,6159,10,,,0,150,,6157,10,,,0,114,,6163,10,,,0,115,,6164,10,,,0,111,,6161,10,,,0,181,,6165,10,,,0,120,,6166,10,,,0,104,,6167,10,,,0
1003100,'5562',734,,7944,10,,,0,101,,7933,10,,,0,100,,7932,10,,,0,109,,7931,10,,,0,110,,7939,10,,,0,150,,7943,10,,,0,115,,7936,10,,,0,114,,7940,10,,,0,111,,7937,10,,,0,110,,7938,10,,,0,75,,7934,10,,,0,115,,7935,10,,,0,102,,7942,10,,,0,99,,7941,10,,,0
1003100,'5563',733,,7956,10,,,0,102,,7948,10,,,0,102,,7946,10,,,0,107,,7950,10,,,0,110,,7947,10,,,0,150,,7945,10,,,0,114,,7951,10,,,0,115,,7952,10,,,0,111,,7949,10,,,0,181,,7953,10,,,0,120,,7954,10,,,0,104,,7955,10,,,0
24003100,'4528',534,,8000,10,,,0,69,,7997,10,,,0,30,,7998,10,,,0,69,,7999,10,,,0
