100,'4528',532,,6216,24,,,0,72,,6217,24,,,0,30,,6215,24,,,0,20,,6219,24,,,0,61,,6220,24,,,0,20,,6218,24,,,0,17,,6221,24,,,0,60,,3821,24,,,0,16,,6222,24,,,0,18,,6223,24,,,0,55,,6224,24,,,0,16,,6226,24,,,0,18,,6225,24,,,0,17,,6227,24,,,0,59,,6228,24,,,0,19,,6229,24,,,0,21,,6230,24,,,0,62,,6231,24,,,0,22,,6232,24,,,0,66,,6233,24,,,0,24,,6235,24,,,0,22,,6234,24,,,0,62,,6236,24,,,0,24,,6237,24,,,0,23,,6239,24,,,0,61,,6238,24,,,0,23,,6240,24,,,0,62,,6241,24,,,0,26,,6242,24,,,0,16,,6243,24,,,0,15,,6244,24,,,0,55,,6245,24,,,0,15,,6246,24,,,0,15,,6247,24,,,0,15,,6248,24,,,0,55,,6249,24,,,0,12,,6250,24,,,0,14,,6251,24,,,0,14,,6252,24,,,0,55,,6253,24,,,0,15,,6254,24,,,0,20,,6255,24,,,0,60,,6256,24,,,0,24,,6257,24,,,0,22,,6264,24,,,0,64,,6258,24,,,0,25,,6259,24,,,0,63,,6260,24,,,0,25,,6265,24,,,0,25,,6261,24,,,0,66,,6262,24,,,0,29,,6263,24,,,0
100,'4532',823,,3870,24,,,0,300,,3873,24,,,0,332,,3882,24,,,0,362,,3889,24,,,0
100,'5560',621,,3898,24,,,0,81,,3899,24,,,0,40,,3900,24,,,0,81,,3901,24,,,0,80,,3902,24,,,0,50,,3903,24,,,0,88,,3904,24,,,0,80,,3905,24,,,0,85,,3906,24,,,0,38,,3919,24,,,0,80,,3907,24,,,0,80,,3908,24,,,0,41,,3909,24,,,0,80,,3910,24,,,0,80,,3911,24,,,0,40,,3912,24,,,0,79,,3913,24,,,0,79,,3914,24,,,0,40,,3915,24,,,0,77,,3916,24,,,0,38,,3917,24,,,0,76,,3918,24,,,0,85,,3920,24,,,0,94,,3921,24,,,0
100,'5562',616,,6266,24,,,0,32,,6267,24,,,0,70,,6268,24,,,0,30,,6269,24,,,0,111,,6270,24,,,0,77,,6271,24,,,0,72,,6272,24,,,0,38,,6273,24,,,0,108,,6274,24,,,0,70,,6275,24,,,0,30,,6276,24,,,0,71,,6277,24,,,0,30,,6278,24,,,0,70,,6279,24,,,0,100,,6280,24,,,0,30,,6281,24,,,0,70,,6282,24,,,0,30,,6283,24,,,0,69,,6284,24,,,0,24,,6285,24,,,0,98,,6286,24,,,0,75,,6287,24,,,0,34,,6288,24,,,0,74,,6289,24,,,0,75,,6290,24,,,0,34,,6291,24,,,0,75,,6292,24,,,0,34,,6293,24,,,0
100,'5563',621,,6294,24,,,0,81,,6295,24,,,0,40,,6296,24,,,0,81,,6297,24,,,0,80,,6298,24,,,0,50,,6299,24,,,0,88,,6300,24,,,0,80,,6301,24,,,0,85,,6302,24,,,0,38,,6315,24,,,0,80,,6303,24,,,0,80,,6304,24,,,0,41,,6305,24,,,0,80,,6306,24,,,0,80,,6307,24,,,0,40,,6308,24,,,0,79,,6309,24,,,0,79,,6310,24,,,0,40,,6311,24,,,0,77,,6312,24,,,0,38,,6313,24,,,0,76,,6314,24,,,0,85,,6316,24,,,0,94,,6317,24,,,0
200,'4528',552,,6418,29,,,0,74,,6419,29,,,0,29,,6420,29,,,0,71,,6421,29,,,0,17,,6422,29,,,0,15,,6423,29,,,0,63,,6424,29,,,0,16,,6425,29,,,0,18,,6426,29,,,0,61,,6427,29,,,0,21,,6428,29,,,0,63,,6429,29,,,0,21,,6430,29,,,0,21,,6431,29,,,0,62,,6432,29,,,0,23,,6433,29,,,0,23,,6434,29,,,0,62,,6435,29,,,0,23,,6436,29,,,0,22,,6437,29,,,0,61,,6438,29,,,0,23,,6439,29,,,0,66,,6440,29,,,0,26,,6441,29,,,0,20,,6442,29,,,0,66,,6443,29,,,0,18,,6444,29,,,0,15,,6445,29,,,0,56,,6446,29,,,0,15,,6447,29,,,0,14,,6448,29,,,0,15,,6449,29,,,0,55,,6450,29,,,0,14,,6451,29,,,0,15,,6452,29,,,0,14,,6453,29,,,0,55,,6454,29,,,0,18,,6455,29,,,0,19,,6456,29,,,0,60,,6457,29,,,0,20,,6458,29,,,0,19,,6459,29,,,0,60,,6465,29,,,0,29,,6460,29,,,0,24,,6461,29,,,0,65,,6462,29,,,0,23,,6466,29,,,0,62,,6463,29,,,0,29,,6464,29,,,0
200,'4532',700,,4076,29,,,0,248,,4081,29,,,0,361,,4088,29,,,0,329,,4095,29,,,0
200,'5560',624,,4106,29,,,0,35,,4107,29,,,0,81,,4108,29,,,0,86,,4109,29,,,0,81,,4110,29,,,0,43,,4111,29,,,0,82,,4112,29,,,0,96,,4113,29,,,0,89,,4114,29,,,0,86,,4115,29,,,0,41,,4116,29,,,0,80,,4117,29,,,0,80,,4118,29,,,0,40,,4119,29,,,0,80,,4120,29,,,0,80,,4121,29,,,0,38,,4122,29,,,0,80,,4123,29,,,0,79,,4124,29,,,0,39,,4125,29,,,0,79,,4126,29,,,0,40,,4128,29,,,0,78,,4127,29,,,0
200,'5562',625,,6467,29,,,0,110,,6468,29,,,0,72,,6469,29,,,0,33,,6470,29,,,0,71,,6471,29,,,0,121,,6472,29,,,0,76,,6473,29,,,0,33,,6474,29,,,0,70,,6476,29,,,0,30,,6477,29,,,0,98,,6475,29,,,0,70,,6478,29,,,0,30,,6479,29,,,0,70,,6480,29,,,0,29,,6481,29,,,0,70,,6482,29,,,0,99,,6484,29,,,0,29,,6483,29,,,0,68,,6485,29,,,0,27,,6486,29,,,0,69,,6487,29,,,0,35,,6488,29,,,0,78,,6489,29,,,0,35,,6490,29,,,0,75,,6491,29,,,0,34,,6492,29,,,0,73,,6493,29,,,0
200,'5563',624,,6494,29,,,0,35,,6495,29,,,0,81,,6496,29,,,0,86,,6497,29,,,0,81,,6498,29,,,0,43,,6499,29,,,0,82,,6500,29,,,0,96,,6501,29,,,0,89,,6502,29,,,0,86,,6503,29,,,0,41,,6504,29,,,0,80,,6505,29,,,0,80,,6506,29,,,0,40,,6507,29,,,0,80,,6508,29,,,0,80,,6509,29,,,0,38,,6510,29,,,0,80,,6511,29,,,0,79,,6512,29,,,0,39,,6513,29,,,0,79,,6514,29,,,0,40,,6516,29,,,0,78,,6515,29,,,0
300,'4528',553,,6618,16,,,0,71,,6619,16,,,0,30,,6620,16,,,0,74,,6621,16,,,0,73,,6622,16,,,0,35,,6623,16,,,0,74,,6624,16,,,0,35,,6625,16,,,0,74,,6626,16,,,0,35,,6617,16,,,0,74,,6627,16,,,0,74,,6628,16,,,0,35,,6629,16,,,0,75,,6630,16,,,0,40,,6631,16,,,0,75,,6632,16,,,0,75,,6633,16,,,0,40,,6634,16,,,0,76,,6635,16,,,0,34,,6636,16,,,0,77,,4255,16,,,0,77,,6637,16,,,0,36,,6639,16,,,0,75,,6638,16,,,0,30,,6640,16,,,0,100,,6641,16,,,0,103,,6642,16,,,0,102,,6643,16,,,0
300,'5560',636,,4289,16,,,0,95,,4290,16,,,0,89,,4303,16,,,0,93,,4292,16,,,0,90,,4293,16,,,0,98,,4294,16,,,0,55,,4291,16,,,0,99,,4295,16,,,0,101,,4296,16,,,0,100,,4297,16,,,0,100,,4298,16,,,0,144,,4299,16,,,0,58,,4300,16,,,0,96,,4301,16,,,0,100,,4302,16,,,0
300,'5562',606,,6668,16,,,0,50,,6667,16,,,0,99,,6669,16,,,0,88,,6644,16,,,0,68,,6645,16,,,0,40,,6646,16,,,0,75,,6648,16,,,0,30,,6649,16,,,0,75,,6650,16,,,0,75,,6647,16,,,0,33,,6651,16,,,0,80,,6652,16,,,0,35,,6653,16,,,0,75,,6654,16,,,0,81,,6655,16,,,0,35,,6656,16,,,0,70,,6657,16,,,0,36,,6658,16,,,0,76,,6659,16,,,0,75,,6660,16,,,0,46,,6661,16,,,0,75,,6662,16,,,0,36,,6663,16,,,0,90,,6664,16,,,0,101,,6665,16,,,0,101,,6666,16,,,0
300,'5563',636,,6670,16,,,0,95,,6671,16,,,0,89,,6684,16,,,0,93,,6673,16,,,0,90,,6674,16,,,0,98,,6675,16,,,0,55,,6672,16,,,0,99,,6676,16,,,0,101,,6677,16,,,0,100,,6678,16,,,0,100,,6679,16,,,0,144,,6680,16,,,0,58,,6681,16,,,0,96,,6682,16,,,0,100,,6683,16,,,0
501,'4528',603,,6856,1,,,0,29,,6857,1,,,0,74,,6858,1,,,0,31,,6859,1,,,0,75,,6860,1,,,0,34,,6862,1,,,0,75,,6861,1,,,0,34,,6863,1,,,0,74,,6864,1,,,0,74,,6865,1,,,0,33,,6866,1,,,0,75,,6867,1,,,0,33,,6868,1,,,0,80,,6869,1,,,0,35,,6870,1,,,0,74,,6871,1,,,0,80,,6872,1,,,0,36,,6873,1,,,0,74,,6874,1,,,0,80,,4513,1,,,0,38,,6875,1,,,0,76,,6876,1,,,0,36,,6877,1,,,0,71,,6878,1,,,0,101,,6879,1,,,0,104,,6880,1,,,0,104,,6881,1,,,0
501,'5560',618,,4547,1,,,0,95,,4546,1,,,0,87,,4560,1,,,0,52,,4548,1,,,0,90,,4549,1,,,0,96,,4550,1,,,0,94,,4551,1,,,0,99,,4552,1,,,0,100,,4554,1,,,0,100,,4555,1,,,0,100,,4556,1,,,0,104,,4553,1,,,0,100,,4557,1,,,0,97,,4558,1,,,0,100,,4559,1,,,0
501,'5562',639,,6905,1,,,0,98,,6906,1,,,0,86,,6884,1,,,0,27,,6885,1,,,0,80,,6882,1,,,0,74,,6883,1,,,0,29,,6886,1,,,0,75,,6887,1,,,0,35,,6888,1,,,0,73,,6889,1,,,0,38,,6890,1,,,0,75,,6891,1,,,0,75,,6892,1,,,0,41,,6893,1,,,0,75,,6894,1,,,0,31,,6895,1,,,0,76,,6896,1,,,0,76,,6897,1,,,0,36,,6898,1,,,0,86,,6899,1,,,0,76,,6900,1,,,0,36,,6902,1,,,0,91,,6903,1,,,0,102,,6904,1,,,0,101,,6901,1,,,0
501,'5563',618,,6908,1,,,0,95,,6907,1,,,0,87,,6921,1,,,0,52,,6909,1,,,0,90,,6910,1,,,0,96,,6911,1,,,0,94,,6912,1,,,0,99,,6913,1,,,0,100,,6915,1,,,0,100,,6916,1,,,0,100,,6917,1,,,0,104,,6914,1,,,0,100,,6918,1,,,0,97,,6919,1,,,0,100,,6920,1,,,0
700,'5562',525,,6977,1,0,22 23,0,100,,6978,1,0,22 23,0,199,,6979,1,0,22 23,0,200,,6980,1,0,22 23,0,200,,6981,1,0,22 23,0,199,,6982,1,0,22 23,0,200,,6983,1,0,22 23,0,401,,6985,1,0,22 23,0
900,'5562',1648,,7006,1,0,34 2 13 14,0
1201,'4528',703,,7038,1,,,0,40,,7039,1,,,0,86,,7040,1,,,0,76,,7035,1,,,0,115,,7036,1,,,0,119,,7037,1,,,0,163,,7030,1,,,0,128,,7032,1,,,0,170,,7033,1,,,0,42,,7034,1,,,0,85,,7031,1,,,0
1000700,'5562',724,,7894,1,0,24,0,199,,7895,1,0,24,0,200,,7896,1,0,24,0,200,,7897,1,0,24,0,400,,7899,1,0,24,0,200,,7900,1,0,24,0,201,,7901,1,0,24,0
