101,'4528',547,,6319,18,,,0,67,,6320,18,,,0,30,,6321,18,,,0,70,,6322,18,,,0,22,,6318,18,,,0,15,,6323,18,,,0,56,,6324,18,,,0,21,,6325,18,,,0,21,,6326,18,,,0,62,,6327,18,,,0,21,,6328,18,,,0,21,,6329,18,,,0,61,,6330,18,,,0,22,,6331,18,,,0,21,,6332,18,,,0,62,,6333,18,,,0,23,,6334,18,,,0,61,,6335,18,,,0,21,,6336,18,,,0,23,,6337,18,,,0,66,,6338,18,,,0,26,,6339,18,,,0,20,,6340,18,,,0,64,,6341,18,,,0,18,,6342,18,,,0,15,,6343,18,,,0,56,,6344,18,,,0,15,,6345,18,,,0,15,,6346,18,,,0,15,,6347,18,,,0,55,,6348,18,,,0,15,,6349,18,,,0,15,,6350,18,,,0,14,,6351,18,,,0,55,,6352,18,,,0,15,,6353,18,,,0,12,,6354,18,,,0,13,,6355,18,,,0,61,,6356,18,,,0,20,,6357,18,,,0,20,,6358,18,,,0,60,,6366,18,,,0,29,,6359,18,,,0,65,,6360,18,,,0,26,,6361,18,,,0,24,,6367,18,,,0,63,,6362,18,,,0,30,,6363,18,,,0,76,,6364,18,,,0,32,,6365,18,,,0
101,'4532',622,,3973,18,,,0,280,,3977,18,,,0,313,,3983,18,,,0,329,,3990,18,,,0
101,'5560',622,,4004,18,,,0,80,,4005,18,,,0,45,,4006,18,,,0,80,,4007,18,,,0,79,,4008,18,,,0,37,,4009,18,,,0,94,,4010,18,,,0,88,,4011,18,,,0,85,,4012,18,,,0,40,,4013,18,,,0,80,,4014,18,,,0,79,,4015,18,,,0,40,,4016,18,,,0,80,,4017,18,,,0,80,,4018,18,,,0,40,,4019,18,,,0,81,,4020,18,,,0,81,,4021,18,,,0,42,,4022,18,,,0,80,,4023,18,,,0,81,,4024,18,,,0,43,,4025,18,,,0
101,'5562',657,,6368,18,,,0,70,,6369,18,,,0,32,,6370,18,,,0,68,,6371,18,,,0,117,,6372,18,,,0,74,,6373,18,,,0,32,,6374,18,,,0,69,,6375,18,,,0,29,,6376,18,,,0,95,,6377,18,,,0,70,,6378,18,,,0,30,,6379,18,,,0,70,,6380,18,,,0,30,,6381,18,,,0,70,,6382,18,,,0,101,,6383,18,,,0,30,,6384,18,,,0,69,,6385,18,,,0,28,,6386,18,,,0,69,,6387,18,,,0,38,,6388,18,,,0,79,,6389,18,,,0,78,,6390,18,,,0,35,,6391,18,,,0,76,,6392,18,,,0,35,,6393,18,,,0,72,,6395,18,,,0,35,,6394,18,,,0
101,'5563',622,,6396,18,,,0,80,,6397,18,,,0,45,,6398,18,,,0,80,,6399,18,,,0,79,,6400,18,,,0,37,,6401,18,,,0,94,,6402,18,,,0,88,,6403,18,,,0,85,,6404,18,,,0,40,,6405,18,,,0,80,,6406,18,,,0,79,,6407,18,,,0,40,,6408,18,,,0,80,,6409,18,,,0,80,,6410,18,,,0,40,,6411,18,,,0,81,,6412,18,,,0,81,,6413,18,,,0,42,,6414,18,,,0,80,,6415,18,,,0,81,,6416,18,,,0,43,,6417,18,,,0
201,'4528',512,,6517,19,,,0,35,,6518,19,,,0,78,,6519,19,,,0,75,,6520,19,,,0,18,,4134,19,,,0,16,,6521,19,,,0,17,,6522,19,,,0,55,,6523,19,,,0,15,,6524,19,,,0,18,,6525,19,,,0,16,,6526,19,,,0,59,,6527,19,,,0,19,,6528,19,,,0,19,,6529,19,,,0,62,,6530,19,,,0,22,,6531,19,,,0,65,,6532,19,,,0,24,,6533,19,,,0,21,,6534,19,,,0,62,,6535,19,,,0,23,,6536,19,,,0,23,,6537,19,,,0,62,,6538,19,,,0,22,,6539,19,,,0,62,,6540,19,,,0,25,,6541,19,,,0,16,,6542,19,,,0,15,,6543,19,,,0,54,,6544,19,,,0,15,,6545,19,,,0,15,,6546,19,,,0,15,,6547,19,,,0,54,,6549,19,,,0,14,,6548,19,,,0,14,,6550,19,,,0,15,,6551,19,,,0,55,,6552,19,,,0,17,,6553,19,,,0,22,,6554,19,,,0,60,,6555,19,,,0,25,,6556,19,,,0,23,,6564,19,,,0,64,,6557,19,,,0,26,,6558,19,,,0,65,,6559,19,,,0,25,,6565,19,,,0,25,,6560,19,,,0,68,,6561,19,,,0,32,,6562,19,,,0,74,,6563,19,,,0
201,'4532',733,,4184,19,,,0,291,,4188,19,,,0,325,,4192,19,,,0,367,,4202,19,,,0
201,'5560',615,,4212,19,,,0,40,,4213,19,,,0,79,,4214,19,,,0,80,,4215,19,,,0,86,,4216,19,,,0,46,,4217,19,,,0,79,,4218,19,,,0,82,,4219,19,,,0,37,,4232,19,,,0,80,,4220,19,,,0,79,,4221,19,,,0,38,,4222,19,,,0,80,,4223,19,,,0,80,,4224,19,,,0,40,,4225,19,,,0,80,,4226,19,,,0,80,,4227,19,,,0,41,,4229,19,,,0,79,,4228,19,,,0,80,,4230,19,,,0,39,,4231,19,,,0,85,,4234,19,,,0,99,,4233,19,,,0
201,'5562',559,,6567,19,,,0,71,,6568,19,,,0,28,,6569,19,,,0,150,,6570,19,,,0,34,,6566,19,,,0,71,,6571,19,,,0,34,,6572,19,,,0,107,,6573,19,,,0,70,,6574,19,,,0,29,,6575,19,,,0,70,,6576,19,,,0,28,,6577,19,,,0,69,,6578,19,,,0,99,,6579,19,,,0,30,,6580,19,,,0,70,,6581,19,,,0,31,,6582,19,,,0,70,,6583,19,,,0,26,,6584,19,,,0,100,,6586,19,,,0,76,,6587,19,,,0,36,,6588,19,,,0,76,,6585,19,,,0,76,,6589,19,,,0,37,,6591,19,,,0,75,,6590,19,,,0,35,,6592,19,,,0,76,,6593,19,,,0
201,'5563',615,,6594,19,,,0,40,,6595,19,,,0,79,,6596,19,,,0,80,,6597,19,,,0,86,,6598,19,,,0,46,,6599,19,,,0,79,,6600,19,,,0,82,,6601,19,,,0,37,,6614,19,,,0,80,,6602,19,,,0,79,,6603,19,,,0,38,,6604,19,,,0,80,,6605,19,,,0,80,,6606,19,,,0,40,,6607,19,,,0,80,,6608,19,,,0,80,,6609,19,,,0,41,,6611,19,,,0,79,,6610,19,,,0,80,,6612,19,,,0,39,,6613,19,,,0,85,,6616,19,,,0,99,,6615,19,,,0
500,'4528',619,,6788,17,,,0,84,,6789,17,,,0,37,,6790,17,,,0,75,,6791,17,,,0,36,,6792,17,,,0,73,,6793,17,,,0,76,,6794,17,,,0,36,,6795,17,,,0,78,,6796,17,,,0,37,,6797,17,,,0,76,,6798,17,,,0,75,,6799,17,,,0,36,,6800,17,,,0,76,,6801,17,,,0,37,,6802,17,,,0,80,,6803,17,,,0,75,,6804,17,,,0,34,,6805,17,,,0,80,,6806,17,,,0,34,,6807,17,,,0,69,,6808,17,,,0,35,,4446,17,,,0,73,,6809,17,,,0,73,,6810,17,,,0,34,,6811,17,,,0,69,,6812,17,,,0,97,,6813,17,,,0,100,,6814,17,,,0
500,'5560',645,,4479,17,,,0,103,,4480,17,,,0,96,,4481,17,,,0,92,,4493,17,,,0,97,,4482,17,,,0,90,,4483,17,,,0,104,,4485,17,,,0,96,,4486,17,,,0,101,,4487,17,,,0,102,,4484,17,,,0,100,,4488,17,,,0,96,,4489,17,,,0,103,,4490,17,,,0,95,,4491,17,,,0,93,,4492,17,,,0
500,'5562',621,,6839,17,,,0,95,,6838,17,,,0,92,,6837,17,,,0,102,,6840,17,,,0,92,,6815,17,,,0,34,,6816,17,,,0,81,,6817,17,,,0,37,,6818,17,,,0,71,,6820,17,,,0,75,,6821,17,,,0,35,,6822,17,,,0,75,,6819,17,,,0,40,,6823,17,,,0,77,,6824,17,,,0,75,,6825,17,,,0,40,,6826,17,,,0,75,,6827,17,,,0,28,,6828,17,,,0,74,,6829,17,,,0,33,,6830,17,,,0,73,,6831,17,,,0,83,,6832,17,,,0,34,,6833,17,,,0,75,,6834,17,,,0,88,,6835,17,,,0,99,,6836,17,,,0
500,'5563',645,,6841,17,,,0,103,,6842,17,,,0,96,,6843,17,,,0,92,,6855,17,,,0,97,,6844,17,,,0,90,,6845,17,,,0,104,,6847,17,,,0,96,,6848,17,,,0,101,,6849,17,,,0,102,,6846,17,,,0,100,,6850,17,,,0,96,,6851,17,,,0,103,,6852,17,,,0,95,,6853,17,,,0,93,,6854,17,,,0
900,'5562',716,,6996,59,,,0,100,,6997,59,,,0,102,,6998,59,,,0,101,,6999,59,,,0,105,,7000,59,,,0,96,,7001,59,,,0,106,,7002,59,,,0,100,,7003,59,,,0,200,,7005,59,,,0,103,,7006,68,,,0,194,,7008,59,,,0,95,,7009,59,,,0,99,,7010,59,,,0
1200,'4528',731,,7027,21,,,0,80,,7028,21,,,0,46,,7029,21,,,0,75,,7022,21,,,0,115,,7023,21,,,0,160,,7024,21,,,0,125,,7025,21,,,0,168,,7026,21,,,0,130,,7020,21,,,0,81,,7021,21,,,0,45,,7019,21,,,0
1000700,'5560',2006,,6119,55,,,0
1000700,'5562',1006,,7895,63,,,0,605,,7898,55,,,0,592,,7901,63,,,0
1000700,'5563',2006,,7908,55,,,0
