2100,'4528',633,,7068,3,,,0,85,,7064,3,,,0,85,,7065,3,,,0,55,,7066,3,,,0,85,,7067,3,,,0,72,,7069,3,,,0,99,,7063,3,,,0,124,,7061,3,,,0,172,,7062,3,,,0,240,,4736,3,,,0,88,,7059,3,,,0,105,,7060,3,,,0,160,,7058,3,,,0
2100,'5560',835,,4763,3,,,0,100,,4764,3,,,0,175,,4756,3,,,0,131,,4758,3,,,0,173,,4757,3,,,0,133,,4759,3,,,0,169,,4760,3,,,0,132,,4761,3,,,0,169,,4762,3,,,0
2100,'5562',758,,7077,3,,,0,172,,7079,3,,,0,179,,7078,3,,,0,141,,7073,3,,,0,158,,7074,3,,,0,103,,7075,3,,,0,99,,7076,3,,,0,99,,7071,3,,,0,137,,7072,3,,,0,174,,7070,3,,,0
2100,'5563',835,,7087,3,,,0,100,,7088,3,,,0,175,,7080,3,,,0,131,,7082,3,,,0,173,,7081,3,,,0,133,,7083,3,,,0,169,,7084,3,,,0,132,,7085,3,,,0,169,,7086,3,,,0
2101,'4528',623,,7098,25,,,0,84,,7099,25,,,0,129,,7097,25,,,0,95,,7096,25,,,0,72,,7100,25,,,0,99,,7095,25,,,0,124,,7090,25,,,0,131,,7094,25,,,0,92,,4767,25,,,0,84,,7091,25,,,0,105,,4772,25,,,0,88,,7093,25,,,0,105,,7089,25,,,0,120,,7092,25,,,0
2101,'5560',823,,4797,25,,,0,100,,4789,25,,,0,135,,4790,25,,,0,171,,4791,25,,,0,173,,4792,25,,,0,133,,4793,25,,,0,169,,4794,25,,,0,132,,4795,25,,,0,169,,4796,25,,,0
2101,'5562',746,,7109,25,,,0,170,,7110,25,,,0,140,,7108,25,,,0,166,,7104,25,,,0,133,,7102,25,,,0,103,,7103,25,,,0,99,,7105,25,,,0,99,,7106,25,,,0,168,,7107,25,,,0,130,,7101,25,,,0
2101,'5563',823,,7119,25,,,0,100,,7111,25,,,0,135,,7112,25,,,0,171,,7113,25,,,0,173,,7114,25,,,0,133,,7115,25,,,0,169,,7116,25,,,0,132,,7117,25,,,0,169,,7118,25,,,0
1002100,'4528',1506,,6120,3,,,0,40,,7909,3,,,0
1002101,'4528',751,,7910,30,,,0
