5200,'4528',720,,7584,18,4,,0,120,,7585,18,4,,0,90,,7586,18,4,,0,112,,7580,18,4,,0,108,,7581,18,4,,0,152,,7582,18,4,,0,100,,7577,18,4,,0,116,,7578,18,4,,0,99,,7579,18,4,,0,100,,7575,18,4,,0,100,,7576,18,4,,0,98,,7573,18,4,,0,303,,7572,18,4,,0,128,,7570,18,4,,0
5200,'5560',1006,,5374,18,4,,0,103,,5373,18,4,,0,104,,5372,18,4,,0,102,,5371,18,4,,0,100,,5369,18,4,,0,100,,5367,18,4,,0,195,,5368,18,4,,0,99,,5376,18,4,,0,99,,5378,18,4,,0,106,,5379,18,4,,0,101,,5380,18,4,,0
5200,'5562',1012,,7593,18,4,,0,101,,7599,18,4,,0,103,,7592,18,4,,0,101,,7596,18,4,,0,100,,7591,18,4,,0,100,,7595,18,4,,0,100,,7590,18,4,,0,99,,7597,18,4,,0,96,,7589,18,4,,0,100,,7598,18,4,,0,305,,7587,18,4,,0
5200,'5563',1006,,7609,18,4,,0,103,,7608,18,4,,0,104,,7607,18,4,,0,102,,7606,18,4,,0,100,,7604,18,4,,0,100,,7602,18,4,,0,195,,7603,18,4,,0,99,,7611,18,4,,0,99,,7613,18,4,,0,106,,7614,18,4,,0,101,,7615,18,4,,0
5301,'4528',600,,7661,23,4,,0,42,,7662,23,4,,0,182,,7665,23,4,,0,24,,7666,23,4,,0,100,,7667,23,4,,0,100,,7668,23,4,,0,101,,7669,23,4,,0,100,,7670,23,4,,0,100,,7671,23,4,,0,105,,7672,23,4,,0,75,,7673,23,4,,0,24,,7674,23,4,,0,65,,7675,23,4,,0,30,,7676,23,4,,0,100,,7677,23,4,,0,95,,7678,23,4,,0,94,,7679,23,4,,0,112,,7680,23,4,,0,97,,7681,23,4,,0
5301,'4532',1037,,5456,23,4,,0,196,,5457,23,4,,0
5301,'5560',828,,5473,23,4,,0,104,,5471,23,4,,0,100,,5470,23,4,,0,100,,5462,23,4,,0,101,,5463,23,4,,0,100,,5464,23,4,,0,100,,5465,23,4,,0,100,,5466,23,4,,0,100,,5468,23,4,,0,100,,5469,23,4,,0,100,,5467,23,4,,0,99,,5472,23,4,,0,100,,5474,23,4,,0
5301,'5562',827,,7694,23,4,,0,104,,7682,23,4,,0,201,,7684,23,4,,0,201,,7686,23,4,,0,100,,7688,23,4,,0,100,,7689,23,4,,0,100,,7690,23,4,,0,100,,7685,23,4,,0,95,,7691,23,4,,0,100,,7683,23,4,,0,109,,7692,23,4,,0,100,,7687,23,4,,0,109,,7693,23,4,,0
5301,'5563',828,,7706,23,4,,0,104,,7704,23,4,,0,100,,7703,23,4,,0,100,,7695,23,4,,0,101,,7696,23,4,,0,100,,7697,23,4,,0,100,,7698,23,4,,0,100,,7699,23,4,,0,100,,7701,23,4,,0,100,,7702,23,4,,0,100,,7700,23,4,,0,99,,7705,23,4,,0,100,,7707,23,4,,0
5901,'4528',630,,7884,1,,,0,100,,7883,1,,,0
6601,'4528',445,,5777,1,,,0,60,,5778,1,,,0,20,,5779,1,,,0,20,,5780,1,,,0,65,,5783,1,,,0,20,,5784,1,,,0,70,,5785,1,,,0,40,,5786,1,,,0,80,,5782,1,,,0,100,,5781,1,,,0,99,,5789,1,,,0,96,,5790,1,,,0,26,,5809,1,,,0,100,,5811,1,,,0,92,,5806,1,,,0,71,,5792,1,,,0,32,,5794,1,,,0,21,,5795,1,,,0,79,,5797,1,,,0,66,,5798,1,,,0,47,,5800,1,,,0,70,,5801,1,,,0,105,,5791,1,,,0,31,,5803,1,,,0,71,,5804,1,,,0,95,,5805,1,,,0
6601,'4532',545,,5830,1,,,0,100,,5826,1,,,0,66,,5823,1,,,0,30,,5822,1,,,0,79,,5818,1,,,0,34,,5825,1,,,0,74,,5832,1,,,0,79,,5815,1,,,0,40,,5831,1,,,0,71,,5821,1,,,0,82,,5834,1,,,0,36,,5812,1,,,0,88,,5835,1,,,0,84,,5813,1,,,0,45,,5814,1,,,0,90,,5816,1,,,0,69,,5827,1,,,0,31,,5817,1,,,0,66,,5824,1,,,0,31,,5819,1,,,0,182,,5828,1,,,0,95,,5829,1,,,0
6601,'5221',645,,5854,1,,,0,80,,5853,1,,,0,75,,5852,1,,,0,35,,5846,1,,,0,70,,5837,1,,,0,30,,5838,1,,,0,70,,5845,1,,,0,45,,5839,1,,,0,75,,5851,1,,,0,80,,5857,1,,,0,39,,5840,1,,,0,77,,5856,1,,,0,84,,5841,1,,,0,43,,5842,1,,,0,85,,5855,1,,,0,70,,5850,1,,,0,30,,5836,1,,,0,70,,5843,1,,,0,37,,5849,1,,,0,179,,5847,1,,,0,97,,5848,1,,,0
7100,'4528',515,,5867,1,0,35 36,0,110,,5866,1,,,0,95,,5864,1,,,0,100,,5868,1,,,0,100,,5865,1,,,0,320,,5869,1,,,0,175,,5872,1,,,0,27,,5870,1,0,35 36,0,78,,5871,1,,,0,100,,5873,1,,,0,110,,5874,1,,,0
7100,'4532',723,,5882,1,0,35 36,0,127,,5878,1,,,0,195,,5879,1,,,0,200,,5880,1,,,0,162,,5877,1,0,35 36,0,127,,5881,1,,,0,201,,5883,1,,,0,265,,5884,1,,,0,155,,5885,1,,,0
7100,'4623',1935,,5875,1,,,0,195,,5876,1,,,0
7100,'5221',1025,,5886,1,,,0,195,,5887,1,,,0,310,,5888,1,,,0,200,,5889,1,,,0
7101,'4528',711,,5891,31,4,,0,96,,5893,31,4,,0,103,,5892,31,4,,0,30,,5894,23,4,,0,70,,5895,31,4,,0,100,,5890,31,4,,0,316,,5896,31,4,,0,180,,5897,31,4,,0,100,,5898,31,4,,0,104,,5899,31,4,,0,110,,5900,31,4,,0
7101,'4532',1029,,5904,31,4,,0,115,,5908,23,4,,0,85,,5903,31,4,,0,205,,5905,31,4,,0,280,,5906,31,4,,0,115,,5909,23,4,,0,86,,5907,31,4,,0,224,,5910,31,4,,0,193,,5911,31,4,,0
7101,'4623',2114,,5901,31,4,,0,193,,5902,31,4,,0
7101,'5221',1017,,5912,31,4,,0,196,,5913,31,4,,0,305,,5914,31,4,,0,194,,5915,31,4,,0
