3101,'4528',621,,7147,4,,,0,85,,7148,4,,,0,30,,7150,4,,,0,71,,7151,4,,,0,33,,7149,4,,,0,87,,7153,4,,,0,105,,7154,4,,,0,110,,7155,4,,,0,110,,7152,4,,,0,155,,7156,4,,,0,114,,7157,4,,,0,81,,7159,4,,,0,36,,7160,4,,,0,76,,7161,4,,,0,34,,7158,4,,,0,71,,7162,4,,,0,18,,7163,4,,,0
3101,'5560',756,,4860,4,,,0,248,,4857,4,,,0,218,,4854,4,,,0,110,,4858,4,,,0,115,,4856,4,,,0,155,,4859,4,,,0,110,,4855,4,,,0
3101,'5562',756,,7167,4,,,0,144,,7166,4,,,0,102,,7164,4,,,0,110,,7171,4,,,0,110,,7172,4,,,0,110,,7165,4,,,0,115,,7170,4,,,0,155,,7168,4,,,0,110,,7169,4,,,0,110,,7173,4,,,0
3101,'5563',756,,7180,4,,,0,248,,7177,4,,,0,218,,7174,4,,,0,110,,7178,4,,,0,115,,7176,4,,,0,155,,7179,4,,,0,110,,7175,4,,,0
3201,'4528',551,,7182,4,0,5 49,0,70,,7183,4,0,5 49,0,30,,7184,4,0,5 49,0,70,,7181,4,0,5 49,0,30,,7185,4,0,5 49,0,73,,7186,4,0,5 49,0,33,,7187,4,0,5 49,0,70,,7188,4,0,5 49,0,32,,7189,4,0,5 49,0,73,,7190,4,0,5 49,0,75,,7191,4,0,5 49,0,35,,7192,4,0,5 49,0,75,,7193,4,0,5 49,0,35,,7194,4,0,5 49,0,75,,7195,4,0,5 49,0,80,,7196,4,0,5 49,0,37,,7197,4,0,5 49,0,78,,7198,4,0,5 49,0,80,,7199,4,0,5 49,0,35,,7200,4,0,5 49,0,77,,7201,4,0,5 49,0,33,,7202,4,0,5 49,0,72,,7203,4,0,5 49,0,38,,7204,4,0,5 49,0,87,,7205,4,0,5 49,0,67,,7206,4,0,5 49,0,95,,7207,4,0,5 49,0,105,,7208,4,0,5 49,0
3201,'5560',756,,4927,4,0,5 49,0,103,,4926,4,0,5 49,0,144,,4921,4,0,5 49,0,33,,4928,4,0,5 49,0,76,,4915,4,0,5 49,0,35,,4914,4,0,5 49,0,75,,4922,4,0,5 49,0,35,,4913,4,0,5 49,0,75,,4923,4,0,5 49,0,75,,4918,4,0,5 49,0,40,,4924,4,0,5 49,0,75,,4919,4,0,5 49,0,80,,4920,4,0,5 49,0,35,,4917,4,0,5 49,0,74,,4925,4,0,5 49,0,35,,4916,4,0,5 49,0,110,,4929,4,0,5 49,0,155,,4930,4,0,5 49,0
3201,'5562',756,,7220,4,0,5 49,0,70,,7211,4,0,5 49,0,74,,7231,4,0,5 49,0,32,,7209,4,0,5 49,0,70,,7212,4,0,5 49,0,35,,7217,4,0,5 49,0,75,,7210,4,0,5 49,0,35,,7229,4,0,5 49,0,75,,7214,4,0,5 49,0,35,,7213,4,0,5 49,0,75,,7218,4,0,5 49,0,75,,7215,4,0,5 49,0,40,,7230,4,0,5 49,0,75,,7219,4,0,5 49,0,80,,7216,4,0,5 49,0,35,,7225,4,0,5 49,0,75,,7221,4,0,5 49,0,35,,7232,4,0,5 49,0,74,,7222,4,0,5 49,0,35,,7224,4,0,5 49,0,85,,7223,4,0,5 49,0,70,,7227,4,0,5 49,0,30,,7226,4,0,5 49,0,170,,7228,4,0,5 49,0
3201,'5563',756,,7247,4,0,5 49,0,103,,7246,4,0,5 49,0,144,,7241,4,0,5 49,0,33,,7248,4,0,5 49,0,76,,7235,4,0,5 49,0,35,,7234,4,0,5 49,0,75,,7242,4,0,5 49,0,35,,7233,4,0,5 49,0,75,,7243,4,0,5 49,0,75,,7238,4,0,5 49,0,40,,7244,4,0,5 49,0,75,,7239,4,0,5 49,0,80,,7240,4,0,5 49,0,35,,7237,4,0,5 49,0,74,,7245,4,0,5 49,0,35,,7236,4,0,5 49,0,110,,7249,4,0,5 49,0,155,,7250,4,0,5 49,0
3900,'4528',627,,5083,4,,,0
1003101,'4528',651,,7957,4,,,0,70,,7958,4,,,0,30,,7959,4,,,0,72,,7960,4,,,0,33,,7961,4,,,0,103,,7962,4,,,0,148,,7963,4,,,0,110,,7964,4,,,0,110,,7965,4,,,0,115,,7966,4,,,0,100,,7967,4,,,0,78,,6180,4,,,0,35,,7968,4,,,0,75,,7969,4,,,0,72,,6183,4,,,0,51,,7970,4,,,0,90,,7971,4,,,0,163,,7972,4,,,0,110,,7973,4,,,0
1003101,'5560',859,,6207,4,,,0,253,,6206,4,,,0,35,,6200,4,,,0,110,,6202,4,,,0,150,,6203,4,,,0,114,,6204,4,,,0,115,,6205,4,,,0,110,,6201,4,,,0,110,,6208,4,,,0,155,,6209,4,,,0,100,,6210,4,,,0
1003101,'5562',826,,7979,4,,,0,105,,7985,4,,,0,105,,7974,4,,,0,111,,7975,4,,,0,110,,7976,4,,,0,150,,7978,4,,,0,115,,7983,4,,,0,115,,7981,4,,,0,109,,7980,4,,,0,110,,7977,4,,,0,155,,7982,4,,,0,100,,7984,4,,,0
1003101,'5563',859,,7993,4,,,0,253,,7992,4,,,0,35,,7986,4,,,0,110,,7988,4,,,0,150,,7989,4,,,0,114,,7990,4,,,0,115,,7991,4,,,0,110,,7987,4,,,0,110,,7994,4,,,0,155,,7995,4,,,0,100,,7996,4,,,0
