3101,'4528',624,,7147,5,,,0,85,,7148,5,,,0,30,,7150,5,,,0,71,,7151,5,,,0,32,,7149,5,,,0,87,,7153,5,,,0,106,,7154,5,,,0,110,,7155,5,,,0,110,,7152,5,,,0,155,,7156,5,,,0,114,,7157,5,,,0,81,,7159,5,,,0,36,,7160,5,,,0,76,,7161,5,,,0,33,,7158,5,,,0,71,,7162,5,,,0,18,,7163,5,,,0
3101,'5560',759,,4860,5,,,0,247,,4857,5,,,0,219,,4854,5,,,0,110,,4858,5,,,0,114,,4856,5,,,0,155,,4859,5,,,0,110,,4855,5,,,0
3101,'5562',759,,7167,5,,,0,143,,7166,5,,,0,102,,7164,5,,,0,111,,7171,5,,,0,110,,7172,5,,,0,110,,7165,5,,,0,115,,7170,5,,,0,155,,7168,5,,,0,110,,7169,5,,,0,109,,7173,5,,,0
3101,'5563',759,,7180,5,,,0,247,,7177,5,,,0,219,,7174,5,,,0,110,,7178,5,,,0,114,,7176,5,,,0,155,,7179,5,,,0,110,,7175,5,,,0
3201,'4528',553,,7182,5,0,5 49,0,70,,7183,5,0,5 49,0,30,,7184,5,0,5 49,0,71,,7181,5,0,5 49,0,30,,7185,5,0,5 49,0,72,,7186,5,0,5 49,0,33,,7187,5,0,5 49,0,70,,7188,5,0,5 49,0,72,,7189,5,0,5 49,0,33,,7190,5,0,5 49,0,76,,7191,5,0,5 49,0,35,,7192,5,0,5 49,0,75,,7193,5,0,5 49,0,35,,7194,5,0,5 49,0,75,,7195,5,0,5 49,0,80,,7196,5,0,5 49,0,37,,7197,5,0,5 49,0,78,,7198,5,0,5 49,0,80,,7199,5,0,5 49,0,35,,7200,5,0,5 49,0,78,,7201,5,0,5 49,0,31,,7202,5,0,5 49,0,72,,7203,5,0,5 49,0,38,,7204,5,0,5 49,0,87,,7205,5,0,5 49,0,68,,7206,5,0,5 49,0,95,,7207,5,0,5 49,0,105,,7208,5,0,5 49,0
3201,'5560',758,,4927,5,0,5 49,0,144,,4926,5,0,5 49,0,104,,4921,5,0,5 49,0,33,,4928,5,0,5 49,0,75,,4915,5,0,5 49,0,35,,4914,5,0,5 49,0,75,,4922,5,0,5 49,0,35,,4913,5,0,5 49,0,75,,4923,5,0,5 49,0,75,,4918,5,0,5 49,0,41,,4924,5,0,5 49,0,75,,4919,5,0,5 49,0,79,,4920,5,0,5 49,0,35,,4917,5,0,5 49,0,75,,4925,5,0,5 49,0,35,,4916,5,0,5 49,0,110,,4929,5,0,5 49,0,155,,4930,5,0,5 49,0
3201,'5562',759,,7220,5,0,5 49,0,70,,7211,5,0,5 49,0,73,,7231,5,0,5 49,0,32,,7209,5,0,5 49,0,70,,7212,5,0,5 49,0,35,,7217,5,0,5 49,0,75,,7210,5,0,5 49,0,36,,7229,5,0,5 49,0,75,,7214,5,0,5 49,0,75,,7213,5,0,5 49,0,35,,7218,5,0,5 49,0,75,,7215,5,0,5 49,0,40,,7230,5,0,5 49,0,75,,7219,5,0,5 49,0,80,,7216,5,0,5 49,0,35,,7225,5,0,5 49,0,74,,7221,5,0,5 49,0,35,,7232,5,0,5 49,0,75,,7222,5,0,5 49,0,35,,7224,5,0,5 49,0,85,,7223,5,0,5 49,0,70,,7227,5,0,5 49,0,30,,7226,5,0,5 49,0,170,,7228,5,0,5 49,0
3201,'5563',758,,7247,5,0,5 49,0,144,,7246,5,0,5 49,0,104,,7241,5,0,5 49,0,33,,7248,5,0,5 49,0,75,,7235,5,0,5 49,0,35,,7234,5,0,5 49,0,75,,7242,5,0,5 49,0,35,,7233,5,0,5 49,0,75,,7243,5,0,5 49,0,75,,7238,5,0,5 49,0,41,,7244,5,0,5 49,0,75,,7239,5,0,5 49,0,79,,7240,5,0,5 49,0,35,,7237,5,0,5 49,0,75,,7245,5,0,5 49,0,35,,7236,5,0,5 49,0,110,,7249,5,0,5 49,0,155,,7250,5,0,5 49,0
3900,'4528',629,,5083,5,,,0,277,,5086,6,0,7 8,0,109,,5080,6,0,7 8,0,108,,5081,6,0,7 8,0,185,,5082,6,0,7 8,0,120,,5084,6,0,7 8,0,190,,5085,6,0,7 8,0,110,,5078,6,0,7 8,0,130,,5079,6,0,7 8,0
3900,'4532',901,,5088,6,0,7 8,0,120,,5089,6,0,7 8,0,106,,5087,6,0,7 8,0,175,,5090,6,0,7 8,0,110,,5092,6,0,7 8,0,130,,5091,6,0,7 8,0,104,,5094,6,0,7 8,0,155,,5093,6,0,7 8,0
3900,'5560',858,,5098,6,0,7 8,0,161,,5101,6,0,7 8,0,105,,5096,6,0,7 8,0,135,,5095,6,0,7 8,0,150,,5099,6,0,7 8,0,130,,5097,6,0,7 8,0,104,,5102,6,0,7 8,0,115,,5100,6,0,7 8,0
3900,'5563',858,,7386,6,0,7 8,0,161,,7389,6,0,7 8,0,105,,7384,6,0,7 8,0,135,,7383,6,0,7 8,0,150,,7387,6,0,7 8,0,130,,7385,6,0,7 8,0,104,,7390,6,0,7 8,0,115,,7388,6,0,7 8,0
1003101,'4528',653,,7957,5,,,0,70,,7958,5,,,0,30,,7959,5,,,0,72,,7960,5,,,0,34,,7961,5,,,0,142,,7962,5,,,0,108,,7963,5,,,0,110,,7964,5,,,0,110,,7965,5,,,0,115,,7966,5,,,0,100,,7967,5,,,0,78,,6180,5,,,0,35,,7968,5,,,0,75,,7969,5,,,0,73,,6183,5,,,0,51,,7970,5,,,0,90,,7971,5,,,0,163,,7972,5,,,0,110,,7973,5,,,0
1003101,'5560',901,,6207,5,,,0,213,,6206,5,,,0,35,,6200,5,,,0,110,,6202,5,,,0,150,,6203,5,,,0,115,,6204,5,,,0,115,,6205,5,,,0,110,,6201,5,,,0,109,,6208,5,,,0,155,,6209,5,,,0,100,,6210,5,,,0
1003101,'5562',829,,7979,5,,,0,105,,7985,5,,,0,105,,7974,5,,,0,110,,7975,5,,,0,110,,7976,5,,,0,150,,7978,5,,,0,115,,7983,5,,,0,115,,7981,5,,,0,110,,7980,5,,,0,110,,7977,5,,,0,155,,7982,5,,,0,100,,7984,5,,,0
1003101,'5563',901,,7993,5,,,0,213,,7992,5,,,0,35,,7986,5,,,0,110,,7988,5,,,0,150,,7989,5,,,0,115,,7990,5,,,0,115,,7991,5,,,0,110,,7987,5,,,0,109,,7994,5,,,0,155,,7995,5,,,0,100,,7996,5,,,0
